257
55
197
249
18
141
26
79
80
47
220
182
9
21
100
4
193
255
192
99
40
139
248
83
34
262
126
159
234
252
97
59
254
51
82
227
150
118
161
31
101
151
63
247
132
120
131
138
2
217
78
70
95
240
52
85
145
5
41
13
164
230
119
93
144
244
170
189
112
94
196
36
142
203
109
223
121
87
49
68
113
165
33
213
251
130
190
163
256
194
202
22
122
195
57
15
175
16
174
7
225
237
149
205
107
30
102
169
200
3
233
153
221
212
216
71
116
214
104
191
250
253
75
264
137
167
143
171
89
177
39
198
42
172
140
44
20
243
241
208
27
86
146
67
152
98
48
179
231
24
258
263
6
206
147
17
108
173
148
124
29
162
105
183
103
23
229
65
154
8
90
115
46
38
43
156
232
235
209
238
199
201
246
72
133
157
129
135
10
45
53
81
168
96
77
245
128
242
64
88
127
166
207
62
110
35
61
219
125
160
226
181
117
188
187
114
50
12
224
222
136
228
66
185
106
261
73
211
32
91
123
155
58
92
204
37
14
11
76
19
218
210
1
259
134
215
239
60
111
236
184
69
186
260
74
28
56
158
25
84
54
176
178
180
