Trial	Xii	Yii
1	40	-3.75	58	27	
2	43.75	-7.5	91	90	
3	41.25	15	55	119	
4	46.25	-15	45	144	
5	60	-2.5	17	122	
6	46.25	11.25	21	123	
7	42.5	7.5	58	138	
8	42.5	11.25	35	131	
9	46.25	12.5	76	122	
10	41.25	7.5	52	135	
11	61.25	10	17	126	
12	40	15	-6	111	
13	58.75	5	11	137	
14	41.25	5	8	134	
15	57.5	0	0	138	
16	43.75	-5	55	156	
17	29.0353775177437	27.6260176717909	33	183	
18	44.5764949559341	22.7169781758838	24	153	
19	44.9176378490403	16.4762953986163	42	150	
20	63.1549701410157	-28.5954497514449	85	218	
21	44.1471013439354	7.6711109318206	99	165	
22	49.4631403150771	-2.55396753522811	151	147	
23	42.7601356347466	-8.17822110841171	172	168	
24	48.1314970337166	12.6460070098561	170	155	
25	37.3782400814765	21.5723704866086	190	141	
26	43.8059584508292	13.9117937090881	150	227	
27	54.7462509951545	-3.01628943829102	147	189	
28	59.567039772169	-8.76172202143138	124	150	
29	50.2336768201819	6.25121693156762	127	135	
30	51.8406064125201	4.3360727371875	133	168	
31	64.0137573650131	1.49628473668154	149	137	
32	40.4709202561961	6.2182886405034	87	128	
33	37.3123834993481	-41.0978836145802	114	161	
34	45.5999236352526	-3.99492984408134	80	137	
35	44.9834944311687	3.04921772935524	70	65	
36	49.9583905092042	7.03361341913646	107	105	
37	45.6328519263168	5.76782671990445	96	87	
38	48.6926038099722	11.3591520020238	78	84	
39	62.4397560637392	6.35132763292412	78	74	
40	89.3505596582535	13.1425830321471	59	35	
41	33.7125931480374	30.4552715179967	79	57	
42	50.4207124122671	1.75050273905902	105	68	
43	42.7601356347466	8.17822110841171	100	63	
44	69.51683192824	16.7305134009938	81	53	
45	49.3090330140561	4.31500442858725	84	107	
46	29.7281974582562	35.4301675960322	147	92	
47	46.5574957324427	-4.79839464025043	91	135	
48	47.393888819676	5.92193402092542	90	50	
49	36.25	22.5	107	57	
50	41.25	-10	144	95	
51	43.75	0	49	104	
52	47.5	-11.25	103	99	
53	48.75	13.75	107	96	
54	41.25	0	81	132	
55	46.25	-3.75	57	123	
56	40	3.75	62	125	
57	36.8500615962852	35.8147729345027	80	135	
58	44.5764949559341	22.7169781758838	93	18	
59	42.2978137316837	-13.4613317884891	131	81	
60	45.5116729163601	-17.2916201772494	196	33	
61	62.0656848795688	9.65211170832916	97	74	
62	46.2492811304007	1.27632085353213	123	122	
63	57.1566453836618	-5.88900572986121	134	108	
64	46.5245674413784	14.5611512042362	102	75	
65	65.9842239872216	34.1525209143362	91	66	
66	44.9834944311687	-3.04921772935524	75	30	
67	-32.1056635556992	28.5401273236166	78	38	
68	62.3515053448467	-27.6378776542548	174	18	
69	50.9488908974585	-15.9929051869532	113	54	
70	51.4441410915856	-20.4725510708615	104	57	
71	46.7774596155921	-12.966081594362	102	24	
72	49.771354917119	0.968106251490188	122	12	
73	36.5418469942432	-32.2926991477844	114	54	
74	40.3497412462394	5.30550481684153	137	90	
75	48.505568217887	3.35743233139719	105	42	
76	41.9566708385776	7.22064901122165	125	75	
77	60.3375762772739	-0.0434624453643462	138	-26	
78	49.0008184120141	7.83707821530554	108	-28	
79	45.6328519263168	5.76782671990445	134	2	
80	41.4614206444504	2.7410031273133	126	6	
81	70.8155469185362	22.1677313820922	126	-35	
82	-23.6416219820097	-34.0102735957792	161	-22	
83	37.2017386436915	21.0007295560529	102	-5	
84	43.5636004309157	9.13579320560177	78	-10	
85	40.8120631493023	0.0223941367640945	90	9	
86	75.7904429965717	26.1521270718734	100	35	
87	45.1046734411255	-8.47457572798969	89	63	
88	43.7177077319367	7.37475631224262	54	24	
89	41.25	5	112	-29	
90	40	18.75	113	-28	
91	21.25	48.75	127	-4	
92	45	8.75	118	47	
93	47.5	11.25	131	21	
94	50	3.75	77	63	
95	62.5	22.5	57	30	
96	43.75	7.5	79	69	
97	50	0	98	66	
98	61.25	8.75	40	89	
99	43.75	13.75	58	75	
100	53.75	10	55	63	
101	27.8578415374043	44.5870291102342	42	47	
102	76.0328010164852	-3.10454015718356	72	-47	
103	46.8657103344846	8.32046842696871	89	-4	
104	42.5731000426614	-0.176501437785066	122	27	
105	53.8216071890287	-13.5825107984459	132	29	
106	40.1627056541542	2.69621485378511	166	111	
107	40.12977736309	12.4589714177709	99	96	
108	44.9834944311687	-3.04921772935524	113	99	
109	42.5401717515972	9.58625512620072	139	99	
110	40.3497412462394	-5.30550481684153	130	92	
111	50.0466412280967	14.2529366021943	126	119	
112	40.3497412462394	-5.30550481684153	136	123	
113	60.67871917038	-6.19722033190315	140	110	
114	40.7791348582381	9.74036242722169	125	114	
115	69.0110475798127	38.3239521962026	78	158	
116	56.6613951895346	-1.40935984595285	59	158	
117	85.5755936973216	-14.6928643684931	84	120	
118	52.8311068007744	4.6232190306292	87	60	
119	49.9583905092042	7.03361341913646	81	63	
120	68.6475105499425	-3.75257182416783	63	48	
121	49.4960686061413	12.3167240992139	85	36	
122	40.9990987413875	8.02411380739074	48	42	
123	55.4838592091951	-15.5516515924905	3	-13	
124	79.0925529001406	8.69586543930295	66	32	
125	-65.6206869573513	-0.418859457698577	352	270	
126	48.8467111109932	9.59811510866469	74	20	
127	53.8216071890287	13.5825107984459	39	-65	
128	45.4787446252958	7.5288636132636	89	-4	
129	88.2388802600425	15.7070847216753	68	-49	
130	45.0164227222329	12.811974293341	81	-25	
131	55.7367513834088	11.9755812061077	44	-73	
132	42.1107781395985	5.4596121178625	80	-19	
133	27.5	30	64	-37	
134	47.5	15	35	-28	
135	40	-15	5	21	
136	41.25	-5	-35	2	
137	40	-11.25	-8	50	
138	53.75	-3.75	35	36	
139	-47.5	0	354	60	
140	42.5	26.25	48	69	
141	35.1772754218186	57.2554302568544	17	81	
142	56.1661449954075	3.0702860379555	-15	135	
143	71.9496204535113	21.2088334567383	38	135	
144	48.0103180237599	1.12221355251116	15	138	
145	40.0415266441974	-8.82757860355982	65	128	
146	46.5904240235069	-4.96436192373536	53	168	
147	49.2761047229919	5.44775213539853	63	231	
148	48.5714248000154	-22.8829454593688	71	222	
149	49.0008184120141	-7.83707821530554	69	218	
150	58.1800740629802	-24.6110540616637	86	147	
151	40.1956339452184	-7.06654171020068	13	84	
152	41.7696352464924	0.781070659404994	44	86	
153	41.3073133434294	-4.50204002067245	45	114	
154	50.4207124122671	-1.75050273905902	23	114	
155	74.4587997152113	-10.9521525267892	76	104	
156	59.9635050931035	16.0469017866176	85	45	
157	41.7696352464924	-0.781070659404994	22	54	
158	74.9540499093384	15.4317984106976	19	47	
159	61.8233268596553	13.3954752063607	40	29	
160	47.239781518655	7.68297091428457	50	15	
161	47.393888819676	5.92193402092542	52	-7	
162	58.7635749759999	7.80414992424132	93	45	
163	49.1549257130351	6.0760413219464	80	36	
164	141.476986536051	46.0964996575436	68	27	
165	42.1107781395985	5.4596121178625	77	-19	
166	52.0605702956695	13.4284034974249	88	-55	
167	53.414607713794	-12.1836851067932	57	9	
168	36.9159181784136	-16.2892598065311	31	-16	
169	60.5246118693591	7.9582572252623	45	56	
170	48.3843892079302	14.8812257887421	28	-16	
171	74.9540499093384	15.4317984106976	49	60	
172	40.9990987413875	8.02411380739074	45	48	
173	42.5	5	-3	26	
174	41.25	0	57	39	
175	66.25	13.75	51	42	
176	43.75	11.25	55	9	
177	41.25	18.75	36	30	
178	56.25	0	95	51	
179	63.75	-1.25	94	81	
180	37.5	15	45	54	
181	41.25	-3.75	52	39	
182	46.25	0	32	51	
183	51.25	-15	96	45	
184	-51.25	10	355	60	
185	42.6060283337257	-9.93925800177086	82	48	
186	63.3973281609292	-5.54786283675504	122	23	
187	51.5323918104781	0.813998950469212	100	86	
188	26.7790904302574	32.2597708567202	51	143	
189	51.9064629946485	-15.1894403907841	105	132	
190	45.819887518402	-13.7695463905311	66	143	
191	52.7981785097101	5.13953753335659	90	156	
192	67.6016877338599	-18.337442993332	95	195	
193	41.3402416344937	-14.2647965846582	73	165	
194	45.6328519263168	-5.76782671990445	67	60	
195	43.2224575378096	-2.89511042833428	70	81	
196	48.4726399268228	6.40532423258859	83	66	
197	43.7177077319367	-7.37475631224262	69	90	
198	45.819887518402	-13.7695463905311	84	80	
199	-24.9192686637056	-61.7021478496985	131	84	
200	46.4363167224859	-6.72539881709451	19	69	
201	10.8968300989609	-43.4094931298947	66	-7	
202	52.6769994997534	6.38425592398834	48	2	
203	62.7808989568453	12.5920104101916	39	-13	
204	47.085674217634	9.44400780764371	35	-52	
205	48.8137828199289	-0.1646414553211	65	-26	
206	-41.1202777513442	3.4996796499542	92	9	
207	73.0059774238941	7.27597143904996	62	-47	
208	41.4614206444504	2.7410031273133	49	-67	
209	46.0951738293797	0.484716039827018	52	-61	
210	58.6094676749789	9.56518681760047	17	-109	
211	61.9774341606763	11.6344383130016	81	-70	
212	38.9298472459864	11.3920802930881	109	-109	
213	61.4821839665491	7.15479242909321	103	-98	
214	50.1124978102252	5.27257652577731	124	39	
215	39.6674554600271	-7.17586073769346	40	-47	
216	40.8120631493023	0.0223941367640945	57	-55	
217	40	17.5	116	-16	
218	60	21.25	28	18	
219	47.5	3.75	34	21	
220	53.75	0	34	30	
221	46.25	20	40	41	
222	46.25	7.5	9	42	
223	48.75	-2.5	19	29	
224	40	21.25	-5	33	
225	42.1107781395985	-5.4596121178625	-12	81	
226	39.3263125669209	13.416543514961	14	77	
227	48.4726399268228	6.40532423258859	-5	167	
228	63.2985432877366	23.7404068552023	-5	168	
229	63.1220418499515	-18.8326931874591	35	134	
230	57.6189672867247	-0.605895049783767	55	147	
231	56.3202522964284	4.83132293131464	53	125	
232	57.3436809757469	-13.8907254004878	90	128	
233	42.7601356347466	-8.17822110841171	94	180	
234	41.6155279454714	-0.979966233954155	89	120	
235	43.7177077319367	-7.37475631224262	111	150	
236	52.7981785097101	5.13953753335659	90	156	
237	-38.4675253429235	16.6751909731655	141	66	
238	61.2951483744639	0.846927241533431	79	105	
239	46.6233523145711	-14.7271184877212	99	110	
240	40.9990987413875	-8.02411380739074	105	125	
241	51.5323918104781	-0.813998950469212	100	141	
242	52.4017131887757	19.6690862746924	32	-13	
243	45.973994819423	12.0085094971719	76	53	
244	57.6189672867247	0.605895049783767	49	6	
245	45.1046734411255	-8.47457572798969	28	-64	
246	47.085674217634	9.44400780764371	26	-124	
247	64.7513655790538	-20.0642257674631	73	-104	
248	67.2605448407537	12.0967602160645	49	-169	
249	47.0527459265698	-0.318748756342071	40	-190	
250	39.0839545470074	9.63104339972891	-13	-244	
251	49.6501759071622	10.5556872058547	100	-100	
252	61.9774341606763	11.6344383130016	-50	-196	
253	42.1107781395985	5.4596121178625	-8	-185	
254	42.7601356347466	8.17822110841171	14	-176	
255	56.1990732864717	6.69247052603029	1	-149	
256	41.8025635375566	8.9816859045808	-27	-157	
257	33.75	47.5	-26	-154	
258	-40	-18.75	39	-1	
259	61.25	16.25	-22	26	
260	40	3.75	-35	30	
261	46.25	8.75	-30	5	
262	62.5	-3.75	-17	21	
263	-56.25	0	317	77	
264	53.75	-37.5	23	102	
