56
151
213
163
240
108
158
8
193
35
52
78
207
142
79
12
85
121
72
104
58
59
117
245
37
42
14
178
57
175
177
152
189
88
119
129
182
36
212
82
219
157
91
220
223
18
242
201
133
32
98
141
253
33
206
155
106
41
172
110
51
11
204
1
4
239
153
9
156
203
55
89
159
39
71
126
218
137
258
209
6
62
183
202
236
168
259
216
136
181
63
75
27
5
250
67
194
192
28
118
128
113
234
191
210
25
87
264
131
174
232
17
173
48
115
83
196
97
214
244
23
261
114
176
246
34
50
7
60
73
249
169
3
243
237
116
164
211
66
255
188
122
171
257
260
241
226
132
170
54
145
21
187
150
125
2
217
238
184
235
92
199
30
139
70
195
160
130
61
148
165
162
154
95
252
254
134
185
179
215
68
180
64
146
221
248
76
233
53
247
94
231
80
16
227
24
31
46
225
86
144
112
123
166
49
200
74
205
111
84
120
13
47
256
135
198
99
229
107
167
26
105
224
228
143
140
263
45
230
190
22
19
149
262
93
197
127
10
138
43
81
103
102
29
44
65
20
15
222
100
109
96
101
38
77
251
208
69
186
147
124
90
40
161
