Trial	Xii	Yii
1	52.5	-7.5	87	60	
2	53.75	21.25	-12	55	
3	0	0	64	75	
4	40	10	66	75	
5	45	5	12	62	
6	0	0	320	69	
7	47.5	0	69	66	
8	45	-11.25	86	114	
9	46.25	-11.25	149	117	
10	55	-2.5	85	89	
11	40	-7.5	39	78	
12	43.75	6.25	87	87	
13	6.25	-87.5	71	159	
14	40	6.25	21	93	
15	0	0	180	60	
16	1.25	41.25	82	30	
17	39.1392769748357	-21.4182631855876	24	89	
18	37.3782400814765	-21.5723704866086	68	126	
19	39.4804198679418	-15.1775804083201	-66	48	
20	43.1895292467453	-6.86764613565152	0	111	
21	-39.6674554600271	7.17586073769346	211	177	
22	47.9444614416314	-20.6477266804827	-36	57	
23	0	0	-41	75	
24	0	0	-122	-32	
25	50.3877841212029	-8.01225382492677	-136	-55	
26	44.1471013439354	-7.6711109318206	-107	6	
27	0	0	10	47	
28	58.0483608987234	-14.4399721942795	-76	-13	
29	0	0	252	14	
30	0	0	241	3	
31	43.1895292467453	-6.86764613565152	-1	12	
32	47.6691751306537	-7.36289632977865	-20	81	
33	0	0	171	126	
34	10.8968300989609	43.4094931298947	-108	9	
35	26.4379475371513	38.5004536339877	33	-4	
36	27.2414123333204	37.5428815367976	-42	-38	
37	0	0	-17	-10	
38	32.9868449164607	42.3636703138122	-34	24	
39	39.2604559847924	32.9420566429325	-35	-7	
40	36.3877396932223	30.5316622544253	-2	-25	
41	49.6725700439263	30.2563759434475	103	-58	
42	40.3168129551752	4.45725174714426	41	-31	
43	-37.8734902756037	-17.0927246027002	349	-31	
44	49.3643554418844	26.7343021567293	-1	51	
45	30.6093788190177	35.4736300413965	72	-73	
46	34.3184881978212	27.163695768728	-20	3	
47	0	0	311	-2	
48	-39.821562761048	-8.93689763105261	262	15	
49	40	-15	-1	-13	
50	46.25	6.25	54	-13	
51	0	0	-27	-27	
52	0	0	-23	-35	
53	46.25	15	-63	-83	
54	43.75	1.25	-54	-20	
55	51.25	-6.25	0	11	
56	42.5	-7.5	-29	30	
57	27.7037342363833	-42.8259922168751	3	42	
58	34.3184881978212	-27.163695768728	-76	-11	
59	21.0007295560529	-37.2017386436915	165	90	
60	32.557451304462	-27.3178030697489	-37	8	
61	29.1894848187647	-29.38705456515	-1	78	
62	27.8907698284685	-34.8242725462484	-63	-4	
63	0	0	264	90	
64	37.8405619845395	-26.855481166686	-65	24	
65	37.2241327804556	-19.8113335932494	-138	23	
66	31.445771906251	-24.7533013802207	-46	23	
67	40.2180280819825	-33.7455214391016	77	33	
68	0	0	326	84	
69	21.804194352222	-36.2441665465014	13	50	
70	0	0	300	75	
71	36.9159181784136	-16.2892598065311	37	66	
72	41.5167430722787	-28.3083034580032	44	95	
73	0	0	55	101	
74	29.9929496149338	28.42948246796	54	102	
75	53.6898940247718	25.4685154574973	77	84	
76	33.4820951105879	37.8840244299038	-58	15	
77	31.0717007220806	40.756740721474	-19	-52	
78	32.6457020233546	48.6043530910796	-10	-65	
79	0	0	-60	-101	
80	16.8292982741865	40.2285622362826	-88	-122	
81	48.7808545288647	9.92739801930689	-94	-121	
82	0	0	-46	-115	
83	29.0353775177437	27.6260176717909	-41	-133	
84	29.6518067218276	34.6701652452275	-44	-62	
85	28.3860200225956	30.3446266623401	-68	-56	
86	0	0	3	-40	
87	0	0	246	-58	
88	0	0	-37	-19	
89	53.75	-6.25	38	-110	
90	40	15	-39	-31	
91	52.5	10	21	-49	
92	42.5	7.5	30	-35	
93	0	0	147	-49	
94	0	0	135	-43	
95	47.5	18.75	-14	-73	
96	43.75	-10	24	-59	
97	40	8.75	14	-35	
98	40	-3.75	9	-31	
99	50	1.25	-2	-23	
100	45	-2.5	138	-29	
101	37.8734902756037	-17.0927246027002	67	-10	
102	29.8059140228486	-36.4312021385866	65	36	
103	27.2414123333204	-37.5428815367976	95	-4	
104	34.9678456929693	-24.4450867781788	143	60	
105	34.4725954988421	-28.9247326620871	51	72	
106	38.4240628975591	-43.6623853041084	17	48	
107	35.4630958870964	-19.9654408942704	-24	42	
108	-204.181494756468	11.4118227735245	328	125	
109	39.1722052658999	-11.6555066216018	66	8	
110	41.6708503732997	-30.0693403513624	33	8	
111	39.3263125669209	-13.416543514961	-18	-86	
112	0	0	297	36	
113	0	0	19	-52	
114	37.5323473824975	-23.3334073799677	29	-49	
115	39.821562761048	-8.93689763105261	-1	-76	
116	37.8405619845395	-26.855481166686	172	-16	
117	0	0	94	-20	
118	47.9444614416314	20.6477266804827	45	-34	
119	42.6284224704898	30.8728051475314	26	-31	
120	29.4976994208066	32.9091283518683	32	-58	
121	39.821562761048	8.93689763105261	37	-58	
122	27.7366625274475	33.0632356528893	24	-28	
123	49.3643554418844	26.7343021567293	20	24	
124	49.8596056360115	22.2546562728209	-8	24	
125	0	0	239	-106	
126	0	0	64	-106	
127	36.3877396932223	30.5316622544253	82	-104	
128	36.7288825863284	24.2909794771578	-30	-91	
129	0	0	309	-52	
130	0	0	54	-91	
131	41.7037786643639	20.3065837873766	-64	-58	
132	21.650087051201	34.4831296531423	151	-86	
133	43.75	0	-8	-34	
134	-38.75	-11.25	251	8	
135	45	15	35	-80	
136	42.5	3.75	96	-59	
137	0	0	186	-79	
138	41.25	11.25	23	-127	
139	43.75	5	32	-122	
140	40	6.25	63	-73	
141	38.3687404697308	-12.6130787187919	161	-121	
142	-11.3920802930881	38.9298472459864	300	-67	
143	43.7835643140651	26.9002694402142	136	-82	
144	39.7886344699838	-18.6996541950384	55	-70	
145	-42.0449215574701	14.0659010101091	305	5	
146	35.2760602950112	-27.967160564897	20	-20	
147	37.3782400814765	-21.5723704866086	42	-64	
148	36.9159181784136	-16.2892598065311	-5	18	
149	48.4397116357585	-16.1680807965744	-31	8	
150	31.5669509162077	-36.2770948375656	-45	-31	
151	34.9678456929693	-24.4450867781788	-12	-58	
152	39.2604559847924	-32.9420566429325	16	-46	
153	37.8405619845395	-26.855481166686	96	-61	
154	0	0	33	-49	
155	0	0	-29	-34	
156	0	0	200	-47	
157	-36.7064884495643	16.5210836721445	180	-88	
158	-41.6155279454714	0.979966233954155	190	-10	
159	0	0	35	-50	
160	36.9712406062419	47.3385663918477	21	-83	
161	30.4552715179967	33.7125931480374	-6	-46	
162	-38.1922390319458	29.9600213238696	79	-91	
163	19.8561218667776	44.399993518149	123	-52	
164	28.0448771294895	36.5853094396076	108	-55	
165	0	0	127	-80	
166	9.93925800177086	42.6060283337257	183	-157	
167	26.7461621391932	42.022527420706	54	-112	
168	30.3011642169757	31.9515562546783	-14	-50	
169	0	0	8	-16	
170	0	0	9	-20	
171	0	0	36	-37	
172	4.81025462271439	44.8293871301477	80	-104	
173	42.5	15	95	-10	
174	43.75	1.25	58	-8	
175	40	6.25	27	-58	
176	47.5	11.25	126	-40	
177	43.75	-3.75	-3	-4	
178	45	-8.75	117	-13	
179	53.75	0	3	-31	
180	53.75	-6.25	14	-2	
181	52.5	-5	-13	-1	
182	47.5	5	19	-5	
183	43.75	26.25	16	30	
184	47.5	13.75	-9	-61	
185	39.7557061789196	-28.4624107590242	-27	-37	
186	14.9141540798063	-38.6216326439445	-6	48	
187	42.3860644505763	-7.82521823284157	32	-79	
188	45.9634606651229	-38.5663102161161	-15	27	
189	0	0	8	-40	
190	45.0717451500612	-18.2373322919755	-49	-73	
191	21.1548368570738	-38.9627755370506	-29	-31	
192	32.557451304462	-27.3178030697489	37	-74	
193	42.3202078684478	-27.3507313608132	-58	-46	
194	40.7791348582381	-9.74036242722169	4	-25	
195	29.0353775177437	-27.6260176717909	57	11	
196	35.9254177901593	-25.2485515743478	-3	45	
197	33.2068087996101	-24.5991940791997	-30	-46	
198	0	0	9	-58	
199	39.1392769748357	-21.4182631855876	15	-95	
200	42.3202078684478	-27.3507313608132	-12	-70	
201	18.0950849734185	44.55410081917	48	-65	
202	61.0422562002503	28.3741600401316	-6	-8	
203	37.8405619845395	26.855481166686	22	-31	
204	34.9678456929693	24.4450867781788	113	-59	
205	7.06654171020068	40.1956339452184	109	-34	
206	0	0	130	-100	
207	29.1894848187647	29.38705456515	40	-43	
208	0	0	120	-100	
209	21.3089441580948	40.7238124304098	41	-73	
210	0	0	40	-58	
211	0	0	99	-53	
212	-27.2414123333204	-37.5428815367976	77	-40	
213	37.9946692855604	28.6165180600452	37	-23	
214	34.9678456929693	24.4450867781788	38	15	
215	47.0198176355056	10.0815053203279	89	-14	
216	0	0	187	-1	
217	41.25	30	53	21	
218	0	0	118	42	
219	-38.75	23.75	144	-1	
220	45	5	50	-50	
221	53.75	7.5	43	-37	
222	47.5	-13.75	48	6	
223	-38.75	18.75	302	6	
224	0	0	127	-37	
225	43.6518511498083	-12.150756815729	82	-94	
226	34.8137383919483	-22.6840498848196	71	-35	
227	49.6725700439263	-30.2563759434475	112	-23	
228	37.4994190914333	-33.0961639439535	32	39	
229	42.1990288584911	-15.8269379034682	71	9	
230	-42.2648854406195	-3.69857522450336	268	42	
231	38.6769550717728	-16.1351525055102	119	32	
232	42.0119932664059	-23.8286575740949	-39	38	
233	0	0	87	-7	
234	0	0	62	-64	
235	47.8562107227389	0.638823340847985	32	-77	
236	36.3877396932223	-30.5316622544253	1	-52	
237	0	0	237	-16	
238	38.3028838876024	-32.1385918467634	0	-106	
239	39.3263125669209	-13.416543514961	60	-64	
240	0	0	76	-79	
241	14.2647965846582	41.3402416344937	113	-70	
242	43.4648155577231	20.1524764863556	-24	-37	
243	37.9617409944962	38.3792746240309	9	-119	
244	33.0197732075249	32.6009137498264	-31	-70	
245	43.1236726646169	26.3931592636231	-18	-23	
246	-34.4725954988421	-28.9247326620871	210	-151	
247	10.6979345244118	-39.975670062069	64	-88	
248	33.4491668195236	47.6467809938896	62	-91	
249	19.5479072647357	40.8779197314307	11	-142	
250	26.7790904302574	32.2597708567202	-11	-64	
251	43.2777799656379	28.1541961569822	-36	-59	
252	-33.0527014985892	-22.8381571858406	248	-37	
253	20.0431574588628	36.3982738475224	42	-58	
254	40.3497412462394	-5.30550481684153	208	-34	
255	32.0622011103349	31.7974489536573	126	-34	
256	38.1487765865814	30.3775549534043	28	-7	
257	43.75	10	7	18	
258	37.5	-15	9	-10	
259	0	0	95	-70	
260	0	0	32	-64	
261	40	10	31	-64	
262	55	18.75	-43	-58	
263	0	0	60	-62	
264	-43.75	117.5	102	-146	
