Trial	X	Y
1	0	0	
1	0	0	
1	0	0	
1	0	0	
1	0	0	
1	0	0	
1	0	0	
1	0	0	
1	0	0	
1	0	0	
1	0	0	
1	0	0	
1	0	0	
1	0	0	
1	0	0	
1	0	0	
1	0	0	
1	0	0	
1	0	0	
1	0	0	
1	0	0	
1	0	0	
1	1.25	0	
1	1.25	0	
1	1.25	0	
1	2.5	0	
1	3.75	1.25	
1	8.75	1.25	
1	12.5	1.25	
1	21.25	5	
1	27.5	5	
1	33.75	7.5	
1	60	12.5	
1	60	12.5	
1	72.5	12.5	
1	95	16.25	
1	117.5	18.75	
1	138.75	20	
1	148.75	20	
1	158.75	20	
1	168.75	18.75	
1	188.75	16.25	
1	202.5	12.5	
1	210	12.5	
1	221.25	8.75	
1	225	8.75	
1	235	5	
1	241.25	0	
1	247.5	-6.25	
1	251.25	-7.5	
1	255	-10	
1	261.25	-13.75	
1	268.75	-17.5	
1	272.5	-18.75	
1	280	-21.25	
1	283.75	-21.25	
1	290	-21.25	
1	295	-21.25	
1	298.75	-21.25	
1	300	-21.25	
1	301.25	-21.25	
1	302.5	-18.75	
1	303.75	-17.5	
1	303.75	-15	
1	306.25	-13.75	
1	306.25	-13.75	
1	308.75	-10	
1	313.75	-10	
1	317.5	-6.25	
1	320	-6.25	
1	322.5	-6.25	
1	325	-6.25	
1	332.5	-3.75	
1	333.75	-2.5	
2	0	0	
2	-1.25	0	
2	-2.5	0	
2	-3.75	0	
2	-3.75	0	
2	-3.75	0	
2	-3.75	0	
2	-3.75	0	
2	-3.75	0	
2	-3.75	0	
2	-3.75	0	
2	-3.75	0	
2	-3.75	0	
2	-3.75	0	
2	-3.75	0	
2	-3.75	0	
2	-3.75	0	
2	-2.5	0	
2	-2.5	0	
2	-2.5	1.25	
2	-2.5	1.25	
2	-2.5	1.25	
2	-2.5	1.25	
2	-2.5	1.25	
2	-2.5	1.25	
2	-2.5	1.25	
2	-2.5	1.25	
2	-2.5	1.25	
2	-2.5	1.25	
2	-2.5	1.25	
2	-2.5	1.25	
2	-2.5	1.25	
2	-2.5	1.25	
2	-2.5	1.25	
2	-2.5	1.25	
2	-2.5	1.25	
2	-2.5	1.25	
2	-2.5	1.25	
2	-1.25	1.25	
2	-1.25	1.25	
2	0	1.25	
2	1.25	1.25	
2	2.5	1.25	
2	5	1.25	
2	7.5	1.25	
2	8.75	1.25	
2	10	1.25	
2	12.5	1.25	
2	18.75	3.75	
2	21.25	5	
2	27.5	5	
2	31.25	5	
2	35	5	
2	47.5	7.5	
2	57.5	8.75	
2	61.25	8.75	
2	66.25	8.75	
2	72.5	8.75	
2	85	8.75	
2	92.5	11.25	
2	105	11.25	
2	111.25	11.25	
2	117.5	11.25	
2	137.5	11.25	
2	143.75	8.75	
2	150	8.75	
2	155	8.75	
2	161.25	8.75	
2	176.25	7.5	
2	181.25	7.5	
2	186.25	5	
2	195	5	
2	200	5	
2	213.75	3.75	
3	0	0	
3	0	0	
3	0	0	
3	0	0	
3	0	0	
3	0	0	
3	0	0	
3	0	0	
3	0	0	
3	0	0	
3	0	0	
3	0	0	
3	0	0	
3	0	0	
3	0	0	
3	0	0	
3	0	0	
3	0	0	
3	0	0	
3	0	0	
3	0	0	
3	0	0	
3	0	0	
3	3.75	0	
3	6.25	0	
3	12.5	0	
3	17.5	0	
3	22.5	0	
3	41.25	3.75	
3	50	3.75	
3	60	7.5	
3	70	7.5	
3	91.25	11.25	
3	111.25	13.75	
3	121.25	13.75	
3	140	11.25	
3	140	11.25	
3	151.25	11.25	
3	182.5	7.5	
3	191.25	7.5	
3	208.75	3.75	
3	225	2.5	
3	231.25	0	
3	245	-3.75	
3	257.5	-5	
3	262.5	-7.5	
3	268.75	-7.5	
3	275	-7.5	
3	292.5	-8.75	
3	297.5	-8.75	
3	308.75	-11.25	
3	313.75	-11.25	
3	322.5	-11.25	
3	331.25	-11.25	
3	337.5	-11.25	
3	340	-11.25	
3	343.75	-11.25	
3	346.25	-11.25	
3	346.25	-11.25	
3	346.25	-11.25	
3	346.25	-11.25	
3	346.25	-11.25	
3	346.25	-11.25	
3	346.25	-11.25	
3	346.25	-11.25	
3	346.25	-11.25	
3	346.25	-11.25	
3	346.25	-11.25	
3	346.25	-11.25	
3	346.25	-11.25	
3	346.25	-11.25	
3	346.25	-11.25	
3	346.25	-11.25	
3	346.25	-11.25	
4	0	0	
4	0	0	
4	0	0	
4	0	0	
4	0	0	
4	0	0	
4	0	0	
4	0	0	
4	0	0	
4	0	0	
4	0	0	
4	0	0	
4	0	0	
4	0	0	
4	0	0	
4	0	0	
4	0	0	
4	0	0	
4	0	0	
4	0	0	
4	0	0	
4	0	0	
4	0	0	
4	0	0	
4	0	0	
4	0	0	
4	3.75	0	
4	7.5	0	
4	25	2.5	
4	33.75	3.75	
4	55	3.75	
4	66.25	3.75	
4	80	3.75	
4	121.25	3.75	
4	136.25	3.75	
4	150	6.25	
4	176.25	6.25	
4	187.5	7.5	
4	217.5	7.5	
4	223.75	7.5	
4	236.25	10	
4	240	10	
4	243.75	10	
4	251.25	11.25	
4	252.5	11.25	
4	255	11.25	
4	257.5	11.25	
4	260	10	
4	270	7.5	
4	273.75	7.5	
4	281.25	6.25	
4	285	6.25	
4	288.75	3.75	
4	300	3.75	
4	303.75	2.5	
4	306.25	2.5	
4	312.5	0	
4	316.25	0	
4	323.75	-1.25	
4	325	-3.75	
4	327.5	-3.75	
4	328.75	-3.75	
4	330	-3.75	
4	330	-3.75	
4	330	-3.75	
4	330	-3.75	
4	330	-3.75	
4	330	-3.75	
4	330	-3.75	
4	330	-3.75	
4	330	-3.75	
4	330	-3.75	
4	330	-3.75	
4	330	-3.75	
5	0	0	
5	0	0	
5	0	2.5	
5	0	2.5	
5	0	2.5	
5	0	2.5	
5	-1.25	2.5	
5	-1.25	2.5	
5	-1.25	2.5	
5	-1.25	2.5	
5	-1.25	2.5	
5	-1.25	2.5	
5	-1.25	2.5	
5	-1.25	2.5	
5	-1.25	2.5	
5	-1.25	2.5	
5	-1.25	2.5	
5	-1.25	2.5	
5	-1.25	2.5	
5	-1.25	2.5	
5	-1.25	2.5	
5	-1.25	2.5	
5	0	2.5	
5	6.25	0	
5	11.25	0	
5	25	-1.25	
5	35	-1.25	
5	58.75	0	
5	86.25	2.5	
5	103.75	3.75	
5	137.5	3.75	
5	156.25	3.75	
5	173.75	6.25	
5	225	6.25	
5	242.5	6.25	
5	272.5	3.75	
5	285	3.75	
5	306.25	3.75	
5	322.5	3.75	
5	327.5	3.75	
5	336.25	3.75	
5	337.5	3.75	
5	340	3.75	
5	342.5	2.5	
5	343.75	2.5	
5	343.75	2.5	
5	343.75	2.5	
5	343.75	2.5	
5	343.75	2.5	
5	343.75	2.5	
5	343.75	2.5	
5	343.75	2.5	
5	343.75	2.5	
5	343.75	2.5	
5	343.75	2.5	
5	343.75	2.5	
5	343.75	2.5	
5	343.75	2.5	
5	343.75	2.5	
5	343.75	2.5	
5	343.75	2.5	
5	343.75	2.5	
5	343.75	2.5	
5	343.75	2.5	
5	343.75	2.5	
5	343.75	2.5	
5	343.75	2.5	
5	343.75	2.5	
5	343.75	2.5	
5	343.75	2.5	
5	343.75	2.5	
5	343.75	2.5	
5	343.75	2.5	
5	343.75	2.5	
6	0	0	
6	0	0	
6	0	0	
6	0	0	
6	0	0	
6	0	0	
6	0	0	
6	0	0	
6	0	0	
6	0	0	
6	0	0	
6	0	0	
6	0	0	
6	0	0	
6	0	0	
6	0	0	
6	0	0	
6	0	0	
6	0	0	
6	0	0	
6	0	0	
6	1.25	0	
6	5	-1.25	
6	18.75	-3.75	
6	26.25	-3.75	
6	36.25	-3.75	
6	50	-1.25	
6	63.75	-1.25	
6	105	0	
6	123.75	-1.25	
6	161.25	-3.75	
6	180	-3.75	
6	196.25	-7.5	
6	241.25	-12.5	
6	263.75	-15	
6	275	-16.25	
6	283.75	-18.75	
6	297.5	-20	
6	307.5	-20	
6	311.25	-22.5	
6	316.25	-22.5	
6	318.75	-22.5	
6	320	-22.5	
6	322.5	-22.5	
6	322.5	-22.5	
6	322.5	-22.5	
6	322.5	-22.5	
6	322.5	-22.5	
6	323.75	-22.5	
6	325	-22.5	
6	326.25	-22.5	
6	326.25	-20	
6	327.5	-20	
6	328.75	-20	
6	330	-20	
6	330	-20	
6	330	-20	
6	330	-20	
6	330	-20	
6	330	-20	
6	330	-20	
6	330	-20	
6	330	-20	
6	330	-20	
6	330	-20	
6	330	-20	
6	330	-20	
6	330	-20	
6	330	-20	
6	330	-20	
6	330	-20	
6	330	-20	
6	330	-20	
6	330	-20	
7	0	0	
7	0	0	
7	0	0	
7	0	0	
7	0	0	
7	0	0	
7	0	0	
7	0	0	
7	0	0	
7	0	0	
7	0	0	
7	0	0	
7	0	0	
7	0	0	
7	0	0	
7	0	0	
7	0	0	
7	0	0	
7	0	0	
7	0	0	
7	0	0	
7	0	0	
7	0	0	
7	3.75	0	
7	7.5	-2.5	
7	13.75	-2.5	
7	31.25	-2.5	
7	43.75	-2.5	
7	75	0	
7	115	0	
7	158.75	-2.5	
7	181.25	-2.5	
7	205	-3.75	
7	268.75	-10	
7	288.75	-11.25	
7	306.25	-13.75	
7	335	-17.5	
7	347.5	-18.75	
7	347.5	-18.75	
7	347.5	-18.75	
7	347.5	-18.75	
7	347.5	-18.75	
7	347.5	-18.75	
7	347.5	-18.75	
7	347.5	-18.75	
7	347.5	-18.75	
7	347.5	-18.75	
7	347.5	-18.75	
7	347.5	-18.75	
7	347.5	-18.75	
7	347.5	-18.75	
7	347.5	-18.75	
7	347.5	-18.75	
7	347.5	-18.75	
7	347.5	-18.75	
7	347.5	-18.75	
7	347.5	-18.75	
7	347.5	-18.75	
7	347.5	-18.75	
7	347.5	-18.75	
7	347.5	-18.75	
7	347.5	-18.75	
7	347.5	-18.75	
7	347.5	-18.75	
7	347.5	-18.75	
7	347.5	-18.75	
7	347.5	-18.75	
7	347.5	-18.75	
7	347.5	-18.75	
7	347.5	-18.75	
7	347.5	-18.75	
7	347.5	-18.75	
7	347.5	-18.75	
7	347.5	-18.75	
8	0	0	
8	0	0	
8	0	0	
8	0	0	
8	0	0	
8	0	0	
8	0	0	
8	0	0	
8	0	0	
8	0	0	
8	0	0	
8	0	0	
8	0	0	
8	0	0	
8	1.25	-1.25	
8	6.25	-3.75	
8	12.5	-5	
8	30	-11.25	
8	56.25	-15	
8	90	-16.25	
8	107.5	-16.25	
8	126.25	-18.75	
8	161.25	-18.75	
8	191.25	-20	
8	205	-22.5	
8	226.25	-23.75	
8	236.25	-26.25	
8	250	-27.5	
8	260	-30	
8	268.75	-30	
8	271.25	-30	
8	275	-30	
8	277.5	-30	
8	287.5	-26.25	
8	291.25	-23.75	
8	300	-18.75	
8	305	-18.75	
8	311.25	-15	
8	331.25	-8.75	
8	345	-7.5	
8	345	-7.5	
8	345	-7.5	
8	345	-7.5	
8	345	-7.5	
8	345	-7.5	
8	345	-7.5	
8	345	-7.5	
8	345	-7.5	
8	345	-7.5	
8	345	-7.5	
8	345	-7.5	
8	345	-7.5	
8	345	-7.5	
8	345	-7.5	
8	345	-7.5	
8	345	-7.5	
8	345	-7.5	
8	345	-7.5	
8	345	-7.5	
8	345	-7.5	
8	345	-7.5	
8	345	-7.5	
8	345	-7.5	
8	345	-7.5	
8	345	-7.5	
8	345	-7.5	
8	345	-7.5	
8	345	-7.5	
8	345	-7.5	
8	345	-7.5	
8	345	-7.5	
8	345	-7.5	
8	345	-7.5	
8	345	-7.5	
9	0	0	
9	0	0	
9	0	0	
9	0	0	
9	0	0	
9	0	0	
9	0	0	
9	0	0	
9	0	0	
9	0	0	
9	0	0	
9	0	0	
9	0	0	
9	0	0	
9	0	0	
9	0	0	
9	0	0	
9	0	0	
9	0	0	
9	1.25	0	
9	3.75	0	
9	10	0	
9	15	0	
9	45	0	
9	60	0	
9	95	2.5	
9	115	2.5	
9	136.25	3.75	
9	206.25	6.25	
9	228.75	6.25	
9	251.25	6.25	
9	291.25	6.25	
9	310	6.25	
9	326.25	6.25	
9	326.25	6.25	
9	326.25	6.25	
9	326.25	6.25	
9	326.25	6.25	
9	326.25	6.25	
9	326.25	6.25	
9	326.25	6.25	
9	326.25	6.25	
9	326.25	6.25	
9	326.25	6.25	
9	326.25	6.25	
9	326.25	6.25	
9	326.25	6.25	
9	326.25	6.25	
9	326.25	6.25	
9	326.25	6.25	
9	326.25	6.25	
9	326.25	6.25	
9	326.25	6.25	
9	326.25	6.25	
9	326.25	6.25	
9	326.25	6.25	
9	326.25	6.25	
9	326.25	6.25	
9	326.25	6.25	
9	326.25	6.25	
9	326.25	6.25	
9	326.25	6.25	
9	326.25	6.25	
9	326.25	6.25	
9	326.25	6.25	
9	326.25	6.25	
9	326.25	6.25	
9	326.25	6.25	
9	326.25	6.25	
9	326.25	6.25	
9	326.25	6.25	
9	326.25	6.25	
9	326.25	6.25	
9	326.25	6.25	
10	0	0	
10	0	0	
10	0	0	
10	0	0	
10	0	0	
10	0	0	
10	0	0	
10	0	0	
10	0	0	
10	0	0	
10	0	0	
10	0	0	
10	0	0	
10	3.75	-1.25	
10	15	-3.75	
10	23.75	-3.75	
10	36.25	-3.75	
10	68.75	-1.25	
10	110	0	
10	131.25	0	
10	176.25	0	
10	198.75	0	
10	241.25	-1.25	
10	277.5	-3.75	
10	307.5	-3.75	
10	320	-3.75	
10	331.25	-3.75	
10	340	-5	
10	340	-5	
10	340	-5	
10	340	-5	
10	340	-5	
10	340	-5	
10	340	-5	
10	340	-5	
10	340	-5	
10	340	-5	
10	340	-5	
10	340	-5	
10	340	-5	
10	340	-5	
10	340	-5	
10	340	-5	
10	340	-5	
10	340	-5	
10	340	-5	
10	340	-5	
10	340	-5	
10	340	-5	
10	340	-5	
10	340	-5	
10	340	-5	
10	340	-5	
10	340	-5	
10	340	-5	
10	340	-5	
10	340	-5	
10	340	-5	
10	340	-5	
10	340	-5	
10	340	-5	
10	340	-5	
10	340	-5	
10	340	-5	
10	340	-5	
10	340	-5	
10	340	-5	
10	340	-5	
10	340	-5	
10	340	-5	
10	340	-5	
10	340	-5	
10	340	-5	
10	340	-5	
11	0	0	
11	0	0	
11	0	0	
11	0	0	
11	0	0	
11	0	0	
11	0	0	
11	0	0	
11	0	0	
11	0	0	
11	0	0	
11	0	0	
11	0	0	
11	1.25	-2.5	
11	3.75	-2.5	
11	15	-2.5	
11	25	-2.5	
11	37.5	-2.5	
11	81.25	-2.5	
11	130	-2.5	
11	156.25	-2.5	
11	180	-2.5	
11	228.75	0	
11	272.5	0	
11	292.5	1.25	
11	326.25	0	
11	341.25	0	
11	341.25	0	
11	341.25	0	
11	341.25	0	
11	341.25	0	
11	341.25	0	
11	341.25	0	
11	341.25	0	
11	341.25	0	
11	341.25	0	
11	341.25	0	
11	341.25	0	
11	341.25	0	
11	341.25	0	
11	341.25	0	
11	341.25	0	
11	341.25	0	
11	341.25	0	
11	341.25	0	
11	341.25	0	
11	341.25	0	
11	341.25	0	
11	341.25	0	
11	341.25	0	
11	341.25	0	
11	341.25	0	
11	341.25	0	
11	341.25	0	
11	341.25	0	
11	341.25	0	
11	341.25	0	
11	341.25	0	
11	341.25	0	
11	341.25	0	
11	341.25	0	
11	341.25	0	
11	341.25	0	
11	341.25	0	
11	341.25	0	
11	341.25	0	
11	341.25	0	
11	341.25	0	
11	341.25	0	
11	341.25	0	
11	341.25	0	
11	341.25	0	
11	341.25	0	
11	341.25	0	
12	0	0	
12	0	0	
12	0	0	
12	0	0	
12	0	0	
12	0	0	
12	0	0	
12	0	0	
12	0	0	
12	0	0	
12	0	0	
12	0	0	
12	0	0	
12	6.25	1.25	
12	11.25	1.25	
12	17.5	1.25	
12	35	3.75	
12	61.25	5	
12	92.5	8.75	
12	130	8.75	
12	147.5	11.25	
12	166.25	11.25	
12	186.25	11.25	
12	241.25	8.75	
12	258.75	7.5	
12	276.25	5	
12	307.5	1.25	
12	335	-2.5	
12	347.5	-2.5	
12	347.5	-2.5	
12	347.5	-2.5	
12	347.5	-2.5	
12	347.5	-2.5	
12	347.5	-2.5	
12	347.5	-2.5	
12	347.5	-2.5	
12	347.5	-2.5	
12	347.5	-2.5	
12	347.5	-2.5	
12	347.5	-2.5	
12	347.5	-2.5	
12	347.5	-2.5	
12	347.5	-2.5	
12	347.5	-2.5	
12	347.5	-2.5	
12	347.5	-2.5	
12	347.5	-2.5	
12	347.5	-2.5	
12	347.5	-2.5	
12	347.5	-2.5	
12	347.5	-2.5	
12	347.5	-2.5	
12	347.5	-2.5	
12	347.5	-2.5	
12	347.5	-2.5	
12	347.5	-2.5	
12	347.5	-2.5	
12	347.5	-2.5	
12	347.5	-2.5	
12	347.5	-2.5	
12	347.5	-2.5	
12	347.5	-2.5	
12	347.5	-2.5	
12	347.5	-2.5	
12	347.5	-2.5	
12	347.5	-2.5	
12	347.5	-2.5	
12	347.5	-2.5	
12	347.5	-2.5	
12	347.5	-2.5	
12	347.5	-2.5	
12	347.5	-2.5	
12	347.5	-2.5	
12	347.5	-2.5	
13	0	0	
13	0	0	
13	0	0	
13	0	0	
13	0	0	
13	0	0	
13	0	0	
13	0	0	
13	0	0	
13	0	0	
13	0	0	
13	0	0	
13	3.75	0	
13	10	0	
13	23.75	-1.25	
13	46.25	0	
13	60	0	
13	73.75	0	
13	112.5	0	
13	131.25	0	
13	148.75	0	
13	148.75	0	
13	183.75	2.5	
13	210	2.5	
13	230	0	
13	237.5	0	
13	248.75	0	
13	253.75	-1.25	
13	262.5	-3.75	
13	265	-3.75	
13	268.75	-3.75	
13	271.25	-5	
13	278.75	-5	
13	287.5	-7.5	
13	298.75	-7.5	
13	305	-7.5	
13	317.5	-7.5	
13	323.75	-7.5	
13	336.25	-8.75	
13	346.25	-7.5	
13	346.25	-7.5	
13	346.25	-7.5	
13	346.25	-7.5	
13	346.25	-7.5	
13	346.25	-7.5	
13	346.25	-7.5	
13	346.25	-7.5	
13	346.25	-7.5	
13	346.25	-7.5	
13	346.25	-7.5	
13	346.25	-7.5	
13	346.25	-7.5	
13	346.25	-7.5	
13	346.25	-7.5	
13	346.25	-7.5	
13	346.25	-7.5	
13	346.25	-7.5	
13	346.25	-7.5	
13	346.25	-7.5	
13	346.25	-7.5	
13	346.25	-7.5	
13	346.25	-7.5	
13	346.25	-7.5	
13	346.25	-7.5	
13	346.25	-7.5	
13	346.25	-7.5	
13	346.25	-7.5	
13	346.25	-7.5	
13	346.25	-7.5	
13	346.25	-7.5	
13	346.25	-7.5	
13	346.25	-7.5	
13	346.25	-7.5	
13	346.25	-7.5	
14	0	0	
14	0	0	
14	0	0	
14	0	0	
14	0	0	
14	0	0	
14	0	0	
14	0	0	
14	0	0	
14	0	0	
14	0	0	
14	0	0	
14	0	0	
14	1.25	0	
14	3.75	0	
14	7.5	0	
14	12.5	0	
14	32.5	3.75	
14	62.5	7.5	
14	102.5	8.75	
14	125	11.25	
14	148.75	11.25	
14	197.5	11.25	
14	263.75	8.75	
14	282.5	7.5	
14	298.75	3.75	
14	313.75	3.75	
14	337.5	0	
14	346.25	-1.25	
14	346.25	-1.25	
14	346.25	-1.25	
14	346.25	-1.25	
14	346.25	-1.25	
14	346.25	-1.25	
14	346.25	-1.25	
14	346.25	-1.25	
14	346.25	-1.25	
14	346.25	-1.25	
14	346.25	-1.25	
14	346.25	-1.25	
14	346.25	-1.25	
14	346.25	-1.25	
14	346.25	-1.25	
14	346.25	-1.25	
14	346.25	-1.25	
14	346.25	-1.25	
14	346.25	-1.25	
14	346.25	-1.25	
14	346.25	-1.25	
14	346.25	-1.25	
14	346.25	-1.25	
14	346.25	-1.25	
14	346.25	-1.25	
14	346.25	-1.25	
14	346.25	-1.25	
14	346.25	-1.25	
14	346.25	-1.25	
14	346.25	-1.25	
14	346.25	-1.25	
14	346.25	-1.25	
14	346.25	-1.25	
14	346.25	-1.25	
14	346.25	-1.25	
14	346.25	-1.25	
14	346.25	-1.25	
14	346.25	-1.25	
14	346.25	-1.25	
14	346.25	-1.25	
14	346.25	-1.25	
14	346.25	-1.25	
14	346.25	-1.25	
14	346.25	-1.25	
14	346.25	-1.25	
14	346.25	-1.25	
15	0	0	
15	0	0	
15	0	0	
15	0	0	
15	0	0	
15	0	0	
15	0	0	
15	0	0	
15	0	0	
15	0	0	
15	0	0	
15	0	0	
15	0	0	
15	0	0	
15	0	0	
15	0	0	
15	0	0	
15	0	0	
15	0	0	
15	0	0	
15	0	0	
15	0	0	
15	0	0	
15	0	0	
15	0	0	
15	1.25	0	
15	1.25	0	
15	2.5	-1.25	
15	8.75	-3.75	
15	18.75	-3.75	
15	36.25	-3.75	
15	46.25	-3.75	
15	61.25	-3.75	
15	115	2.5	
15	137.5	3.75	
15	161.25	3.75	
15	185	2.5	
15	235	-1.25	
15	282.5	-7.5	
15	326.25	-12.5	
15	326.25	-12.5	
15	326.25	-12.5	
15	326.25	-12.5	
15	326.25	-12.5	
15	326.25	-12.5	
15	326.25	-12.5	
15	326.25	-12.5	
15	326.25	-12.5	
15	326.25	-12.5	
15	326.25	-12.5	
15	326.25	-12.5	
15	326.25	-12.5	
15	326.25	-12.5	
15	326.25	-12.5	
15	326.25	-12.5	
15	326.25	-12.5	
15	326.25	-12.5	
15	326.25	-12.5	
15	326.25	-12.5	
15	326.25	-12.5	
15	326.25	-12.5	
15	326.25	-12.5	
15	326.25	-12.5	
15	326.25	-12.5	
15	326.25	-12.5	
15	326.25	-12.5	
15	326.25	-12.5	
15	326.25	-12.5	
15	326.25	-12.5	
15	326.25	-12.5	
15	326.25	-12.5	
15	326.25	-12.5	
15	326.25	-12.5	
15	326.25	-12.5	
16	0	0	
16	0	0	
16	0	0	
16	0	0	
16	0	0	
16	0	0	
16	0	0	
16	0	0	
16	0	0	
16	0	0	
16	0	0	
16	0	0	
16	0	0	
16	0	0	
16	1.25	0	
16	1.25	0	
16	7.5	0	
16	12.5	0	
16	32.5	0	
16	45	0	
16	73.75	2.5	
16	92.5	3.75	
16	111.25	3.75	
16	172.5	3.75	
16	192.5	6.25	
16	213.75	6.25	
16	251.25	6.25	
16	282.5	6.25	
16	307.5	7.5	
16	317.5	7.5	
16	332.5	7.5	
16	337.5	7.5	
16	342.5	7.5	
16	348.75	7.5	
16	348.75	7.5	
16	348.75	7.5	
16	348.75	7.5	
16	348.75	7.5	
16	348.75	7.5	
16	348.75	7.5	
16	348.75	7.5	
16	348.75	7.5	
16	348.75	7.5	
16	348.75	7.5	
16	348.75	7.5	
16	348.75	7.5	
16	348.75	7.5	
16	348.75	7.5	
16	348.75	7.5	
16	348.75	7.5	
16	348.75	7.5	
16	348.75	7.5	
16	348.75	7.5	
16	348.75	7.5	
16	348.75	7.5	
16	348.75	7.5	
16	348.75	7.5	
16	348.75	7.5	
16	348.75	7.5	
16	348.75	7.5	
16	348.75	7.5	
16	348.75	7.5	
16	348.75	7.5	
16	348.75	7.5	
16	348.75	7.5	
16	348.75	7.5	
16	348.75	7.5	
16	348.75	7.5	
16	348.75	7.5	
16	348.75	7.5	
16	348.75	7.5	
16	348.75	7.5	
16	348.75	7.5	
16	348.75	7.5	
17	0	0	
17	0	0	
17	0	0	
17	0	0	
17	0	0	
17	0	0	
17	0	0	
17	0	0	
17	0	0	
17	0	0	
17	0	0	
17	0	0	
17	0	0	
17	1.25	0	
17	3.75	0	
17	6.25	0	
17	20	0	
17	30	0	
17	73.75	-1.25	
17	91.25	-3.75	
17	111.25	-3.75	
17	132.5	-3.75	
17	178.75	-7.5	
17	225	-12.5	
17	273.75	-16.25	
17	296.25	-17.5	
17	316.25	-20	
17	316.25	-20	
17	316.25	-20	
17	316.25	-20	
17	316.25	-20	
17	316.25	-20	
17	316.25	-20	
17	316.25	-20	
17	316.25	-20	
17	316.25	-20	
17	316.25	-20	
17	316.25	-20	
17	316.25	-20	
17	316.25	-20	
17	316.25	-20	
17	316.25	-20	
17	316.25	-20	
17	316.25	-20	
17	316.25	-20	
17	316.25	-20	
17	316.25	-20	
17	316.25	-20	
17	316.25	-20	
17	316.25	-20	
17	316.25	-20	
17	316.25	-20	
17	316.25	-20	
17	316.25	-20	
17	316.25	-20	
17	316.25	-20	
17	316.25	-20	
17	316.25	-20	
17	316.25	-20	
17	316.25	-20	
17	316.25	-20	
17	316.25	-20	
17	316.25	-20	
17	316.25	-20	
17	316.25	-20	
17	316.25	-20	
17	316.25	-20	
17	316.25	-20	
17	316.25	-20	
17	316.25	-20	
17	316.25	-20	
17	316.25	-20	
17	316.25	-20	
17	316.25	-20	
18	0	0	
18	0	0	
18	0	0	
18	0	0	
18	0	0	
18	0	0	
18	0	0	
18	0	0	
18	0	0	
18	0	0	
18	0	0	
18	0	0	
18	0	0	
18	0	0	
18	0	0	
18	2.5	0	
18	5	0	
18	11.25	-1.25	
18	41.25	-1.25	
18	55	-1.25	
18	71.25	-1.25	
18	106.25	0	
18	125	0	
18	176.25	0	
18	198.75	0	
18	245	-3.75	
18	266.25	-3.75	
18	286.25	-5	
18	338.75	-12.5	
18	338.75	-12.5	
18	338.75	-12.5	
18	338.75	-12.5	
18	338.75	-12.5	
18	338.75	-12.5	
18	338.75	-12.5	
18	338.75	-12.5	
18	338.75	-12.5	
18	338.75	-12.5	
18	338.75	-12.5	
18	338.75	-12.5	
18	338.75	-12.5	
18	338.75	-12.5	
18	338.75	-12.5	
18	338.75	-12.5	
18	338.75	-12.5	
18	338.75	-12.5	
18	338.75	-12.5	
18	338.75	-12.5	
18	338.75	-12.5	
18	338.75	-12.5	
18	338.75	-12.5	
18	338.75	-12.5	
18	338.75	-12.5	
18	338.75	-12.5	
18	338.75	-12.5	
18	338.75	-12.5	
18	338.75	-12.5	
18	338.75	-12.5	
18	338.75	-12.5	
18	338.75	-12.5	
18	338.75	-12.5	
18	338.75	-12.5	
18	338.75	-12.5	
18	338.75	-12.5	
18	338.75	-12.5	
18	338.75	-12.5	
18	338.75	-12.5	
18	338.75	-12.5	
18	338.75	-12.5	
18	338.75	-12.5	
18	338.75	-12.5	
18	338.75	-12.5	
18	338.75	-12.5	
18	338.75	-12.5	
19	0	0	
19	0	0	
19	0	0	
19	0	0	
19	0	0	
19	0	0	
19	0	0	
19	0	0	
19	0	0	
19	0	0	
19	0	0	
19	0	0	
19	0	0	
19	0	0	
19	0	0	
19	0	0	
19	0	0	
19	0	0	
19	0	0	
19	2.5	-1.25	
19	6.25	-1.25	
19	12.5	-3.75	
19	30	-3.75	
19	57.5	-3.75	
19	93.75	-3.75	
19	115	-3.75	
19	137.5	-3.75	
19	162.5	-3.75	
19	260	-3.75	
19	282.5	-3.75	
19	303.75	-5	
19	321.25	-7.5	
19	321.25	-7.5	
19	321.25	-7.5	
19	321.25	-7.5	
19	321.25	-7.5	
19	321.25	-7.5	
19	321.25	-7.5	
19	321.25	-7.5	
19	321.25	-7.5	
19	321.25	-7.5	
19	321.25	-7.5	
19	321.25	-7.5	
19	321.25	-7.5	
19	321.25	-7.5	
19	321.25	-7.5	
19	321.25	-7.5	
19	321.25	-7.5	
19	321.25	-7.5	
19	321.25	-7.5	
19	321.25	-7.5	
19	321.25	-7.5	
19	321.25	-7.5	
19	321.25	-7.5	
19	321.25	-7.5	
19	321.25	-7.5	
19	321.25	-7.5	
19	321.25	-7.5	
19	321.25	-7.5	
19	321.25	-7.5	
19	321.25	-7.5	
19	321.25	-7.5	
19	321.25	-7.5	
19	321.25	-7.5	
19	321.25	-7.5	
19	321.25	-7.5	
19	321.25	-7.5	
19	321.25	-7.5	
19	321.25	-7.5	
19	321.25	-7.5	
19	321.25	-7.5	
19	321.25	-7.5	
19	321.25	-7.5	
19	321.25	-7.5	
20	0	0	
20	0	0	
20	0	0	
20	0	0	
20	0	0	
20	0	0	
20	0	0	
20	0	0	
20	0	0	
20	0	0	
20	0	0	
20	0	0	
20	0	0	
20	0	0	
20	0	0	
20	0	0	
20	0	0	
20	0	0	
20	0	0	
20	1.25	0	
20	2.5	0	
20	5	0	
20	15	2.5	
20	32.5	3.75	
20	58.75	10	
20	75	11.25	
20	111.25	18.75	
20	131.25	22.5	
20	197.5	30	
20	221.25	33.75	
20	245	33.75	
20	267.5	36.25	
20	310	36.25	
20	343.75	36.25	
20	343.75	36.25	
20	343.75	36.25	
20	343.75	36.25	
20	343.75	36.25	
20	343.75	36.25	
20	343.75	36.25	
20	343.75	36.25	
20	343.75	36.25	
20	343.75	36.25	
20	343.75	36.25	
20	343.75	36.25	
20	343.75	36.25	
20	343.75	36.25	
20	343.75	36.25	
20	343.75	36.25	
20	343.75	36.25	
20	343.75	36.25	
20	343.75	36.25	
20	343.75	36.25	
20	343.75	36.25	
20	343.75	36.25	
20	343.75	36.25	
20	343.75	36.25	
20	343.75	36.25	
20	343.75	36.25	
20	343.75	36.25	
20	343.75	36.25	
20	343.75	36.25	
20	343.75	36.25	
20	343.75	36.25	
20	343.75	36.25	
20	343.75	36.25	
20	343.75	36.25	
20	343.75	36.25	
20	343.75	36.25	
20	343.75	36.25	
20	343.75	36.25	
20	343.75	36.25	
20	343.75	36.25	
20	343.75	36.25	
21	0	0	
21	0	0	
21	0	0	
21	0	0	
21	0	0	
21	0	0	
21	0	0	
21	0	0	
21	0	0	
21	0	0	
21	0	0	
21	0	0	
21	0	0	
21	0	0	
21	2.5	0	
21	3.75	-2.5	
21	6.25	-2.5	
21	11.25	-6.25	
21	32.5	-10	
21	43.75	-11.25	
21	56.25	-13.75	
21	70	-13.75	
21	90	-13.75	
21	151.25	-13.75	
21	187.5	-13.75	
21	205	-15	
21	220	-15	
21	220	-15	
21	267.5	-17.5	
21	280	-17.5	
21	292.5	-18.75	
21	312.5	-21.25	
21	322.5	-21.25	
21	346.25	-22.5	
21	346.25	-22.5	
21	346.25	-22.5	
21	346.25	-22.5	
21	346.25	-22.5	
21	346.25	-22.5	
21	346.25	-22.5	
21	346.25	-22.5	
21	346.25	-22.5	
21	346.25	-22.5	
21	346.25	-22.5	
21	346.25	-22.5	
21	346.25	-22.5	
21	346.25	-22.5	
21	346.25	-22.5	
21	346.25	-22.5	
21	346.25	-22.5	
21	346.25	-22.5	
21	346.25	-22.5	
21	346.25	-22.5	
21	346.25	-22.5	
21	346.25	-22.5	
21	346.25	-22.5	
21	346.25	-22.5	
21	346.25	-22.5	
21	346.25	-22.5	
21	346.25	-22.5	
21	346.25	-22.5	
21	346.25	-22.5	
21	346.25	-22.5	
21	346.25	-22.5	
21	346.25	-22.5	
21	346.25	-22.5	
21	346.25	-22.5	
21	346.25	-22.5	
21	346.25	-22.5	
21	346.25	-22.5	
21	346.25	-22.5	
21	346.25	-22.5	
21	346.25	-22.5	
21	346.25	-22.5	
22	0	0	
22	0	0	
22	0	0	
22	0	0	
22	0	0	
22	0	0	
22	0	0	
22	0	0	
22	0	0	
22	0	0	
22	0	0	
22	0	0	
22	0	0	
22	0	0	
22	0	0	
22	0	0	
22	0	0	
22	2.5	0	
22	8.75	2.5	
22	12.5	2.5	
22	16.25	2.5	
22	30	3.75	
22	37.5	3.75	
22	72.5	7.5	
22	85	10	
22	100	11.25	
22	100	11.25	
22	138.75	11.25	
22	182.5	11.25	
22	202.5	11.25	
22	222.5	10	
22	258.75	6.25	
22	292.5	0	
22	322.5	-3.75	
22	335	-7.5	
22	335	-7.5	
22	335	-7.5	
22	335	-7.5	
22	335	-7.5	
22	335	-7.5	
22	335	-7.5	
22	335	-7.5	
22	335	-7.5	
22	335	-7.5	
22	335	-7.5	
22	335	-7.5	
22	335	-7.5	
22	335	-7.5	
22	335	-7.5	
22	335	-7.5	
22	335	-7.5	
22	335	-7.5	
22	335	-7.5	
22	335	-7.5	
22	335	-7.5	
22	335	-7.5	
22	335	-7.5	
22	335	-7.5	
22	335	-7.5	
22	335	-7.5	
22	335	-7.5	
22	335	-7.5	
22	335	-7.5	
22	335	-7.5	
22	335	-7.5	
22	335	-7.5	
22	335	-7.5	
22	335	-7.5	
22	335	-7.5	
22	335	-7.5	
22	335	-7.5	
22	335	-7.5	
22	335	-7.5	
22	335	-7.5	
23	0	0	
23	1.25	0	
23	5	2.5	
23	7.5	2.5	
23	10	2.5	
23	12.5	2.5	
23	12.5	2.5	
23	13.75	2.5	
23	13.75	2.5	
23	13.75	2.5	
23	13.75	2.5	
23	13.75	2.5	
23	17.5	2.5	
23	26.25	0	
23	35	0	
23	60	-5	
23	75	-8.75	
23	93.75	-11.25	
23	166.25	-21.25	
23	192.5	-23.75	
23	217.5	-27.5	
23	266.25	-32.5	
23	287.5	-35	
23	343.75	-40	
23	343.75	-40	
23	343.75	-40	
23	343.75	-40	
23	343.75	-40	
23	343.75	-40	
23	343.75	-40	
23	343.75	-40	
23	343.75	-40	
23	343.75	-40	
23	343.75	-40	
23	343.75	-40	
23	343.75	-40	
23	343.75	-40	
23	343.75	-40	
23	343.75	-40	
23	343.75	-40	
23	343.75	-40	
23	343.75	-40	
23	343.75	-40	
23	343.75	-40	
23	343.75	-40	
23	343.75	-40	
23	343.75	-40	
23	343.75	-40	
23	343.75	-40	
23	343.75	-40	
23	343.75	-40	
23	343.75	-40	
23	343.75	-40	
23	343.75	-40	
23	343.75	-40	
23	343.75	-40	
23	343.75	-40	
23	343.75	-40	
23	343.75	-40	
23	343.75	-40	
23	343.75	-40	
23	343.75	-40	
23	343.75	-40	
23	343.75	-40	
23	343.75	-40	
23	343.75	-40	
23	343.75	-40	
23	343.75	-40	
23	343.75	-40	
23	343.75	-40	
23	343.75	-40	
23	343.75	-40	
23	343.75	-40	
23	343.75	-40	
24	0	0	
24	0	0	
24	0	0	
24	0	0	
24	0	0	
24	0	0	
24	0	0	
24	0	0	
24	0	0	
24	0	0	
24	0	0	
24	0	0	
24	0	0	
24	0	0	
24	0	0	
24	0	0	
24	0	0	
24	0	0	
24	0	0	
24	0	0	
24	0	0	
24	0	0	
24	0	0	
24	0	0	
24	0	0	
24	0	0	
24	0	0	
24	0	0	
24	0	0	
24	0	0	
24	0	0	
24	0	0	
24	0	0	
24	0	0	
24	0	0	
24	0	0	
24	0	0	
24	0	0	
24	0	0	
24	0	0	
24	0	0	
24	0	0	
24	0	0	
24	0	0	
24	0	0	
24	0	0	
24	0	0	
24	0	0	
24	0	0	
24	0	0	
24	0	0	
24	0	0	
24	0	0	
24	0	0	
24	0	0	
24	0	0	
24	0	0	
24	0	0	
24	0	0	
24	0	0	
24	0	0	
24	0	0	
24	0	0	
24	0	0	
24	0	0	
24	0	0	
24	0	0	
24	0	0	
24	0	0	
24	0	0	
24	0	0	
24	0	0	
24	0	0	
24	0	0	
25	0	0	
25	0	0	
25	0	0	
25	0	0	
25	0	0	
25	0	0	
25	0	0	
25	0	0	
25	0	0	
25	0	0	
25	0	0	
25	0	0	
25	0	0	
25	2.5	0	
25	7.5	0	
25	15	2.5	
25	23.75	3.75	
25	35	3.75	
25	77.5	11.25	
25	93.75	11.25	
25	131.25	15	
25	151.25	15	
25	171.25	15	
25	228.75	15	
25	262.5	15	
25	262.5	15	
25	281.25	15	
25	296.25	13.75	
25	328.75	11.25	
25	335	11.25	
25	345	11.25	
25	347.5	11.25	
25	347.5	11.25	
25	347.5	11.25	
25	347.5	11.25	
25	347.5	11.25	
25	347.5	11.25	
25	347.5	11.25	
25	347.5	11.25	
25	347.5	11.25	
25	347.5	11.25	
25	347.5	11.25	
25	347.5	11.25	
25	347.5	11.25	
25	347.5	11.25	
25	347.5	11.25	
25	347.5	11.25	
25	347.5	11.25	
25	347.5	11.25	
25	347.5	11.25	
25	347.5	11.25	
25	347.5	11.25	
25	347.5	11.25	
25	347.5	11.25	
25	347.5	11.25	
25	347.5	11.25	
25	347.5	11.25	
25	347.5	11.25	
25	347.5	11.25	
25	347.5	11.25	
25	347.5	11.25	
25	347.5	11.25	
25	347.5	11.25	
25	347.5	11.25	
25	347.5	11.25	
25	347.5	11.25	
25	347.5	11.25	
25	347.5	11.25	
25	347.5	11.25	
25	347.5	11.25	
25	347.5	11.25	
25	347.5	11.25	
25	347.5	11.25	
25	347.5	11.25	
26	0	0	
26	0	0	
26	0	0	
26	0	0	
26	0	0	
26	0	0	
26	0	0	
26	0	0	
26	0	0	
26	0	0	
26	0	0	
26	0	0	
26	0	0	
26	0	0	
26	0	0	
26	0	0	
26	0	0	
26	0	0	
26	0	0	
26	1.25	0	
26	2.5	0	
26	8.75	0	
26	13.75	0	
26	35	2.5	
26	46.25	3.75	
26	73.75	3.75	
26	88.75	7.5	
26	107.5	7.5	
26	166.25	7.5	
26	187.5	7.5	
26	208.75	6.25	
26	250	2.5	
26	268.75	0	
26	313.75	-5	
26	325	-5	
26	333.75	-7.5	
26	346.25	-7.5	
26	346.25	-7.5	
26	346.25	-7.5	
26	346.25	-7.5	
26	346.25	-7.5	
26	346.25	-7.5	
26	346.25	-7.5	
26	346.25	-7.5	
26	346.25	-7.5	
26	346.25	-7.5	
26	346.25	-7.5	
26	346.25	-7.5	
26	346.25	-7.5	
26	346.25	-7.5	
26	346.25	-7.5	
26	346.25	-7.5	
26	346.25	-7.5	
26	346.25	-7.5	
26	346.25	-7.5	
26	346.25	-7.5	
26	346.25	-7.5	
26	346.25	-7.5	
26	346.25	-7.5	
26	346.25	-7.5	
26	346.25	-7.5	
26	346.25	-7.5	
26	346.25	-7.5	
26	346.25	-7.5	
26	346.25	-7.5	
26	346.25	-7.5	
26	346.25	-7.5	
26	346.25	-7.5	
26	346.25	-7.5	
26	346.25	-7.5	
26	346.25	-7.5	
26	346.25	-7.5	
26	346.25	-7.5	
26	346.25	-7.5	
27	0	0	
27	0	0	
27	0	0	
27	0	0	
27	0	0	
27	0	0	
27	0	0	
27	0	0	
27	0	0	
27	0	0	
27	0	0	
27	0	0	
27	0	0	
27	0	0	
27	0	0	
27	0	0	
27	1.25	1.25	
27	2.5	1.25	
27	25	3.75	
27	38.75	3.75	
27	52.5	3.75	
27	67.5	3.75	
27	103.75	5	
27	145	5	
27	185	8.75	
27	203.75	8.75	
27	221.25	11.25	
27	237.5	12.5	
27	283.75	16.25	
27	291.25	16.25	
27	297.5	16.25	
27	301.25	16.25	
27	307.5	16.25	
27	310	16.25	
27	311.25	16.25	
27	312.5	16.25	
27	312.5	16.25	
27	312.5	16.25	
27	312.5	16.25	
27	313.75	16.25	
27	313.75	16.25	
27	313.75	16.25	
27	316.25	16.25	
27	321.25	12.5	
27	322.5	12.5	
27	328.75	11.25	
27	331.25	8.75	
27	333.75	8.75	
27	341.25	5	
27	342.5	5	
27	343.75	5	
27	343.75	5	
27	343.75	5	
27	345	5	
27	345	5	
27	345	5	
27	345	5	
27	345	5	
27	345	5	
27	345	5	
27	345	5	
27	345	5	
27	345	5	
27	345	5	
27	345	5	
27	345	5	
27	345	5	
27	345	5	
27	345	5	
27	345	5	
27	345	5	
27	345	5	
27	345	5	
27	345	5	
28	0	0	
28	0	0	
28	0	0	
28	0	0	
28	0	0	
28	0	0	
28	0	0	
28	0	0	
28	0	0	
28	0	0	
28	0	0	
28	1.25	-2.5	
28	3.75	-2.5	
28	16.25	-2.5	
28	25	-2.5	
28	46.25	-2.5	
28	58.75	-2.5	
28	72.5	-2.5	
28	118.75	-3.75	
28	132.5	-3.75	
28	147.5	-2.5	
28	171.25	-2.5	
28	181.25	0	
28	202.5	1.25	
28	206.25	1.25	
28	211.25	1.25	
28	216.25	1.25	
28	217.5	1.25	
28	221.25	1.25	
28	223.75	1.25	
28	226.25	1.25	
28	235	0	
28	241.25	-2.5	
28	257.5	-3.75	
28	273.75	-8.75	
28	282.5	-11.25	
28	301.25	-12.5	
28	308.75	-15	
28	322.5	-15	
28	331.25	-15	
28	335	-16.25	
28	336.25	-16.25	
28	338.75	-16.25	
28	341.25	-16.25	
28	342.5	-16.25	
28	342.5	-16.25	
28	342.5	-16.25	
28	343.75	-16.25	
28	343.75	-16.25	
28	343.75	-16.25	
28	343.75	-16.25	
28	343.75	-16.25	
28	343.75	-16.25	
28	343.75	-16.25	
28	343.75	-16.25	
28	343.75	-16.25	
28	343.75	-16.25	
28	343.75	-16.25	
28	343.75	-16.25	
28	343.75	-16.25	
28	343.75	-16.25	
28	343.75	-16.25	
28	343.75	-16.25	
28	343.75	-16.25	
28	343.75	-16.25	
28	343.75	-16.25	
28	343.75	-16.25	
28	343.75	-16.25	
28	343.75	-16.25	
28	343.75	-16.25	
28	343.75	-16.25	
28	343.75	-16.25	
28	343.75	-16.25	
28	343.75	-16.25	
29	0	0	
29	0	0	
29	0	0	
29	0	0	
29	0	0	
29	0	0	
29	0	0	
29	0	0	
29	0	0	
29	0	0	
29	0	0	
29	0	0	
29	1.25	0	
29	2.5	0	
29	3.75	0	
29	5	0	
29	7.5	0	
29	8.75	0	
29	16.25	0	
29	20	0	
29	26.25	0	
29	32.5	0	
29	48.75	0	
29	88.75	0	
29	105	0	
29	121.25	0	
29	157.5	0	
29	177.5	0	
29	238.75	0	
29	260	0	
29	278.75	0	
29	297.5	0	
29	330	2.5	
29	343.75	2.5	
29	343.75	2.5	
29	343.75	2.5	
29	343.75	2.5	
29	343.75	2.5	
29	343.75	2.5	
29	343.75	2.5	
29	343.75	2.5	
29	343.75	2.5	
29	343.75	2.5	
29	343.75	2.5	
29	343.75	2.5	
29	343.75	2.5	
29	343.75	2.5	
29	343.75	2.5	
29	343.75	2.5	
29	343.75	2.5	
29	343.75	2.5	
29	343.75	2.5	
29	343.75	2.5	
29	343.75	2.5	
29	343.75	2.5	
29	343.75	2.5	
29	343.75	2.5	
29	343.75	2.5	
29	343.75	2.5	
29	343.75	2.5	
29	343.75	2.5	
29	343.75	2.5	
29	343.75	2.5	
29	343.75	2.5	
29	343.75	2.5	
29	343.75	2.5	
29	343.75	2.5	
29	343.75	2.5	
29	343.75	2.5	
29	343.75	2.5	
29	343.75	2.5	
29	343.75	2.5	
29	343.75	2.5	
29	343.75	2.5	
30	0	0	
30	0	0	
30	0	0	
30	0	0	
30	0	0	
30	0	0	
30	0	0	
30	0	0	
30	0	0	
30	0	0	
30	0	0	
30	0	0	
30	1.25	1.25	
30	5	1.25	
30	15	5	
30	23.75	5	
30	33.75	5	
30	46.25	5	
30	82.5	5	
30	102.5	5	
30	141.25	5	
30	160	7.5	
30	195	8.75	
30	212.5	8.75	
30	241.25	8.75	
30	252.5	8.75	
30	262.5	8.75	
30	270	7.5	
30	291.25	0	
30	296.25	-2.5	
30	302.5	-6.25	
30	312.5	-11.25	
30	320	-13.75	
30	323.75	-17.5	
30	326.25	-17.5	
30	328.75	-17.5	
30	330	-17.5	
30	330	-17.5	
30	331.25	-17.5	
30	331.25	-17.5	
30	331.25	-17.5	
30	331.25	-17.5	
30	331.25	-17.5	
30	331.25	-17.5	
30	331.25	-17.5	
30	331.25	-17.5	
30	331.25	-17.5	
30	331.25	-17.5	
30	331.25	-17.5	
30	331.25	-17.5	
30	331.25	-17.5	
30	331.25	-17.5	
30	331.25	-17.5	
30	331.25	-17.5	
30	331.25	-17.5	
30	331.25	-17.5	
30	331.25	-17.5	
30	331.25	-17.5	
30	331.25	-17.5	
30	331.25	-17.5	
30	331.25	-17.5	
30	331.25	-17.5	
30	331.25	-17.5	
30	331.25	-17.5	
30	331.25	-17.5	
30	331.25	-17.5	
30	331.25	-17.5	
30	331.25	-17.5	
30	331.25	-17.5	
30	331.25	-17.5	
30	331.25	-17.5	
30	331.25	-17.5	
30	331.25	-17.5	
30	331.25	-17.5	
31	0	0	
31	0	0	
31	0	0	
31	0	0	
31	0	0	
31	0	0	
31	0	0	
31	0	0	
31	0	0	
31	0	0	
31	0	0	
31	3.75	0	
31	5	0	
31	15	0	
31	31.25	2.5	
31	43.75	2.5	
31	43.75	2.5	
31	65	3.75	
31	155	7.5	
31	177.5	7.5	
31	200	7.5	
31	221.25	10	
31	257.5	11.25	
31	288.75	11.25	
31	311.25	13.75	
31	318.75	15	
31	325	15	
31	330	15	
31	338.75	17.5	
31	338.75	17.5	
31	338.75	17.5	
31	338.75	17.5	
31	338.75	17.5	
31	338.75	17.5	
31	338.75	17.5	
31	338.75	17.5	
31	340	17.5	
31	340	17.5	
31	340	17.5	
31	340	17.5	
31	340	17.5	
31	340	17.5	
31	340	17.5	
31	340	17.5	
31	340	17.5	
31	340	17.5	
31	340	17.5	
31	340	17.5	
31	340	17.5	
31	340	17.5	
31	340	17.5	
31	340	18.75	
31	340	18.75	
31	340	18.75	
31	340	18.75	
31	340	18.75	
31	340	18.75	
31	340	18.75	
31	340	18.75	
31	340	18.75	
31	340	18.75	
31	340	18.75	
31	340	18.75	
31	340	18.75	
31	340	18.75	
31	340	18.75	
31	340	18.75	
31	340	18.75	
31	340	18.75	
31	340	18.75	
31	340	18.75	
31	340	18.75	
31	340	18.75	
31	340	18.75	
32	0	0	
32	0	0	
32	0	0	
32	0	0	
32	0	0	
32	0	0	
32	0	0	
32	0	0	
32	0	0	
32	0	0	
32	0	0	
32	0	0	
32	0	0	
32	3.75	1.25	
32	7.5	1.25	
32	16.25	3.75	
32	23.75	5	
32	32.5	5	
32	71.25	3.75	
32	86.25	3.75	
32	101.25	1.25	
32	136.25	1.25	
32	153.75	1.25	
32	205	1.25	
32	221.25	1.25	
32	251.25	1.25	
32	265	1.25	
32	276.25	0	
32	302.5	-3.75	
32	307.5	-3.75	
32	311.25	-6.25	
32	317.5	-6.25	
32	318.75	-6.25	
32	322.5	-6.25	
32	322.5	-6.25	
32	322.5	-6.25	
32	322.5	-6.25	
32	322.5	-6.25	
32	322.5	-6.25	
32	322.5	-6.25	
32	322.5	-6.25	
32	322.5	-6.25	
32	323.75	-6.25	
32	325	-6.25	
32	326.25	-3.75	
32	326.25	-3.75	
32	327.5	-3.75	
32	327.5	-3.75	
32	328.75	-3.75	
32	328.75	-3.75	
32	328.75	-3.75	
32	328.75	-3.75	
32	328.75	-3.75	
32	328.75	-3.75	
32	328.75	-3.75	
32	328.75	-3.75	
32	328.75	-3.75	
32	328.75	-3.75	
32	328.75	-3.75	
32	328.75	-3.75	
32	328.75	-3.75	
32	328.75	-3.75	
32	328.75	-3.75	
32	328.75	-3.75	
32	328.75	-3.75	
32	328.75	-3.75	
32	328.75	-3.75	
32	328.75	-3.75	
32	328.75	-3.75	
32	328.75	-3.75	
32	328.75	-3.75	
32	328.75	-3.75	
32	328.75	-3.75	
32	328.75	-3.75	
33	0	0	
33	0	0	
33	0	0	
33	0	0	
33	0	0	
33	0	0	
33	0	0	
33	0	0	
33	0	0	
33	0	0	
33	0	0	
33	0	0	
33	0	0	
33	0	0	
33	1.25	-1.25	
33	2.5	-1.25	
33	6.25	-1.25	
33	17.5	0	
33	36.25	0	
33	47.5	2.5	
33	78.75	6.25	
33	96.25	7.5	
33	116.25	10	
33	181.25	11.25	
33	223.75	13.75	
33	243.75	15	
33	263.75	15	
33	298.75	15	
33	326.25	13.75	
33	337.5	13.75	
33	337.5	13.75	
33	337.5	13.75	
33	337.5	13.75	
33	337.5	13.75	
33	337.5	13.75	
33	337.5	13.75	
33	337.5	13.75	
33	337.5	13.75	
33	337.5	13.75	
33	337.5	13.75	
33	337.5	13.75	
33	337.5	13.75	
33	337.5	13.75	
33	337.5	13.75	
33	337.5	13.75	
33	337.5	13.75	
33	337.5	13.75	
33	337.5	13.75	
33	337.5	13.75	
33	337.5	13.75	
33	337.5	13.75	
33	337.5	13.75	
33	337.5	13.75	
33	337.5	13.75	
33	337.5	13.75	
33	337.5	13.75	
33	337.5	13.75	
33	337.5	13.75	
33	337.5	13.75	
33	337.5	13.75	
33	337.5	13.75	
33	337.5	13.75	
33	337.5	13.75	
33	337.5	13.75	
33	337.5	13.75	
33	337.5	13.75	
33	337.5	13.75	
33	337.5	13.75	
33	337.5	13.75	
33	337.5	13.75	
33	337.5	13.75	
33	337.5	13.75	
33	337.5	13.75	
33	337.5	13.75	
34	0	0	
34	0	0	
34	0	0	
34	0	0	
34	0	0	
34	0	0	
34	0	0	
34	0	0	
34	0	0	
34	0	0	
34	0	0	
34	0	0	
34	0	0	
34	0	0	
34	0	0	
34	0	0	
34	0	0	
34	0	0	
34	3.75	0	
34	8.75	2.5	
34	13.75	3.75	
34	25	6.25	
34	35	7.5	
34	75	11.25	
34	91.25	15	
34	110	15	
34	130	18.75	
34	173.75	21.25	
34	220	21.25	
34	243.75	18.75	
34	288.75	15	
34	331.25	11.25	
34	348.75	10	
34	348.75	10	
34	348.75	10	
34	348.75	10	
34	348.75	10	
34	348.75	10	
34	348.75	10	
34	348.75	10	
34	348.75	10	
34	348.75	10	
34	348.75	10	
34	348.75	10	
34	348.75	10	
34	348.75	10	
34	348.75	10	
34	348.75	10	
34	348.75	10	
34	348.75	10	
34	348.75	10	
34	348.75	10	
34	348.75	10	
34	348.75	10	
34	348.75	10	
34	348.75	10	
34	348.75	10	
34	348.75	10	
34	348.75	10	
34	348.75	10	
34	348.75	10	
34	348.75	10	
34	348.75	10	
34	348.75	10	
34	348.75	10	
34	348.75	10	
34	348.75	10	
34	348.75	10	
34	348.75	10	
34	348.75	10	
34	348.75	10	
34	348.75	10	
34	348.75	10	
34	348.75	10	
35	0	0	
35	0	0	
35	0	0	
35	0	0	
35	0	0	
35	0	0	
35	0	0	
35	0	0	
35	0	0	
35	0	0	
35	0	0	
35	0	0	
35	0	0	
35	0	0	
35	0	0	
35	0	0	
35	0	0	
35	0	0	
35	1.25	0	
35	2.5	0	
35	7.5	0	
35	12.5	0	
35	18.75	0	
35	47.5	3.75	
35	61.25	3.75	
35	76.25	3.75	
35	91.25	3.75	
35	127.5	2.5	
35	186.25	-1.25	
35	207.5	-3.75	
35	247.5	-7.5	
35	267.5	-8.75	
35	286.25	-11.25	
35	335	-18.75	
35	348.75	-18.75	
35	348.75	-18.75	
35	348.75	-18.75	
35	348.75	-18.75	
35	348.75	-18.75	
35	348.75	-18.75	
35	348.75	-18.75	
35	348.75	-18.75	
35	348.75	-18.75	
35	348.75	-18.75	
35	348.75	-18.75	
35	348.75	-18.75	
35	348.75	-18.75	
35	348.75	-18.75	
35	348.75	-18.75	
35	348.75	-18.75	
35	348.75	-18.75	
35	348.75	-18.75	
35	348.75	-18.75	
35	348.75	-18.75	
35	348.75	-18.75	
35	348.75	-18.75	
35	348.75	-18.75	
35	348.75	-18.75	
35	348.75	-18.75	
35	348.75	-18.75	
35	348.75	-18.75	
35	348.75	-18.75	
35	348.75	-18.75	
35	348.75	-18.75	
35	348.75	-18.75	
35	348.75	-18.75	
35	348.75	-18.75	
35	348.75	-18.75	
35	348.75	-18.75	
35	348.75	-18.75	
35	348.75	-18.75	
35	348.75	-18.75	
35	348.75	-18.75	
35	348.75	-18.75	
36	0	0	
36	0	0	
36	0	0	
36	0	0	
36	0	0	
36	0	0	
36	0	0	
36	0	0	
36	0	0	
36	0	0	
36	0	0	
36	0	0	
36	0	0	
36	0	0	
36	0	0	
36	1.25	0	
36	3.75	0	
36	12.5	0	
36	27.5	0	
36	37.5	0	
36	65	0	
36	81.25	-2.5	
36	98.75	-2.5	
36	158.75	-6.25	
36	178.75	-10	
36	220	-13.75	
36	237.5	-13.75	
36	255	-15	
36	300	-17.5	
36	311.25	-17.5	
36	330	-18.75	
36	337.5	-21.25	
36	343.75	-21.25	
36	348.75	-21.25	
36	348.75	-21.25	
36	348.75	-21.25	
36	348.75	-21.25	
36	348.75	-21.25	
36	348.75	-21.25	
36	348.75	-21.25	
36	348.75	-21.25	
36	348.75	-21.25	
36	348.75	-21.25	
36	348.75	-21.25	
36	348.75	-21.25	
36	348.75	-21.25	
36	348.75	-21.25	
36	348.75	-21.25	
36	348.75	-21.25	
36	348.75	-21.25	
36	348.75	-21.25	
36	348.75	-21.25	
36	348.75	-21.25	
36	348.75	-21.25	
36	348.75	-21.25	
36	348.75	-21.25	
36	348.75	-21.25	
36	348.75	-21.25	
36	348.75	-21.25	
36	348.75	-21.25	
36	348.75	-21.25	
36	348.75	-21.25	
36	348.75	-21.25	
36	348.75	-21.25	
36	348.75	-21.25	
36	348.75	-21.25	
36	348.75	-21.25	
36	348.75	-21.25	
36	348.75	-21.25	
36	348.75	-21.25	
36	348.75	-21.25	
36	348.75	-21.25	
36	348.75	-21.25	
36	348.75	-21.25	
37	0	0	
37	0	0	
37	0	0	
37	0	0	
37	0	0	
37	0	0	
37	0	0	
37	0	0	
37	0	0	
37	0	0	
37	0	0	
37	0	0	
37	0	0	
37	0	0	
37	0	0	
37	0	0	
37	1.25	0	
37	5	0	
37	10	0	
37	15	0	
37	31.25	0	
37	42.5	0	
37	56.25	2.5	
37	110	3.75	
37	153.75	3.75	
37	177.5	3.75	
37	200	2.5	
37	246.25	-3.75	
37	286.25	-7.5	
37	303.75	-11.25	
37	335	-15	
37	347.5	-18.75	
37	347.5	-18.75	
37	347.5	-18.75	
37	347.5	-18.75	
37	347.5	-18.75	
37	347.5	-18.75	
37	347.5	-18.75	
37	347.5	-18.75	
37	347.5	-18.75	
37	347.5	-18.75	
37	347.5	-18.75	
37	347.5	-18.75	
37	347.5	-18.75	
37	347.5	-18.75	
37	347.5	-18.75	
37	347.5	-18.75	
37	347.5	-18.75	
37	347.5	-18.75	
37	347.5	-18.75	
37	347.5	-18.75	
37	347.5	-18.75	
37	347.5	-18.75	
37	347.5	-18.75	
37	347.5	-18.75	
37	347.5	-18.75	
37	347.5	-18.75	
37	347.5	-18.75	
37	347.5	-18.75	
37	347.5	-18.75	
37	347.5	-18.75	
37	347.5	-18.75	
37	347.5	-18.75	
37	347.5	-18.75	
37	347.5	-18.75	
37	347.5	-18.75	
37	347.5	-18.75	
37	347.5	-18.75	
37	347.5	-18.75	
37	347.5	-18.75	
37	347.5	-18.75	
37	347.5	-18.75	
37	347.5	-18.75	
37	347.5	-18.75	
38	0	0	
38	0	0	
38	0	0	
38	0	0	
38	0	0	
38	0	0	
38	0	0	
38	0	0	
38	0	0	
38	0	0	
38	0	0	
38	0	0	
38	0	0	
38	0	0	
38	0	0	
38	0	0	
38	2.5	1.25	
38	5	1.25	
38	8.75	1.25	
38	15	3.75	
38	22.5	5	
38	27.5	7.5	
38	31.25	8.75	
38	51.25	8.75	
38	61.25	7.5	
38	71.25	5	
38	98.75	1.25	
38	115	0	
38	153.75	-6.25	
38	196.25	-11.25	
38	240	-17.5	
38	261.25	-21.25	
38	282.5	-22.5	
38	333.75	-28.75	
38	348.75	-28.75	
38	348.75	-28.75	
38	348.75	-28.75	
38	348.75	-28.75	
38	348.75	-28.75	
38	348.75	-28.75	
38	348.75	-28.75	
38	348.75	-28.75	
38	348.75	-28.75	
38	348.75	-28.75	
38	348.75	-28.75	
38	348.75	-28.75	
38	348.75	-28.75	
38	348.75	-28.75	
38	348.75	-28.75	
38	348.75	-28.75	
38	348.75	-28.75	
38	348.75	-28.75	
38	348.75	-28.75	
38	348.75	-28.75	
38	348.75	-28.75	
38	348.75	-28.75	
38	348.75	-28.75	
38	348.75	-28.75	
38	348.75	-28.75	
38	348.75	-28.75	
38	348.75	-28.75	
38	348.75	-28.75	
38	348.75	-28.75	
38	348.75	-28.75	
38	348.75	-28.75	
38	348.75	-28.75	
38	348.75	-28.75	
38	348.75	-28.75	
38	348.75	-28.75	
38	348.75	-28.75	
38	348.75	-28.75	
38	348.75	-28.75	
38	348.75	-28.75	
38	348.75	-28.75	
39	0	0	
39	0	0	
39	0	0	
39	0	0	
39	0	0	
39	0	0	
39	0	0	
39	0	0	
39	0	0	
39	0	0	
39	0	0	
39	0	0	
39	0	0	
39	0	0	
39	0	0	
39	1.25	0	
39	1.25	0	
39	5	0	
39	12.5	0	
39	26.25	-1.25	
39	36.25	-3.75	
39	48.75	-3.75	
39	63.75	-3.75	
39	122.5	-3.75	
39	145	-3.75	
39	192.5	-5	
39	215	-5	
39	237.5	-7.5	
39	298.75	-8.75	
39	331.25	-8.75	
39	345	-11.25	
39	345	-11.25	
39	345	-11.25	
39	345	-11.25	
39	345	-11.25	
39	345	-11.25	
39	345	-11.25	
39	345	-11.25	
39	345	-11.25	
39	345	-11.25	
39	345	-11.25	
39	345	-11.25	
39	345	-11.25	
39	345	-11.25	
39	345	-11.25	
39	345	-11.25	
39	345	-11.25	
39	345	-11.25	
39	345	-11.25	
39	345	-11.25	
39	345	-11.25	
39	345	-11.25	
39	345	-11.25	
39	345	-11.25	
39	345	-11.25	
39	345	-11.25	
39	345	-11.25	
39	345	-11.25	
39	345	-11.25	
39	345	-11.25	
39	345	-11.25	
39	345	-11.25	
39	345	-11.25	
39	345	-11.25	
39	345	-11.25	
39	345	-11.25	
39	345	-11.25	
39	345	-11.25	
39	345	-11.25	
39	345	-11.25	
39	345	-11.25	
39	345	-11.25	
39	345	-11.25	
39	345	-11.25	
40	0	0	
40	0	0	
40	0	0	
40	0	0	
40	0	0	
40	0	0	
40	0	0	
40	0	0	
40	0	0	
40	0	0	
40	0	0	
40	0	0	
40	0	0	
40	0	0	
40	0	0	
40	1.25	-2.5	
40	2.5	-2.5	
40	5	-2.5	
40	26.25	-3.75	
40	40	-3.75	
40	73.75	-3.75	
40	95	-3.75	
40	118.75	-2.5	
40	198.75	1.25	
40	256.25	3.75	
40	282.5	5	
40	308.75	5	
40	333.75	5	
40	333.75	5	
40	333.75	5	
40	333.75	5	
40	333.75	5	
40	333.75	5	
40	333.75	5	
40	333.75	5	
40	333.75	5	
40	333.75	5	
40	333.75	5	
40	333.75	5	
40	333.75	5	
40	333.75	5	
40	333.75	5	
40	333.75	5	
40	333.75	5	
40	333.75	5	
40	333.75	5	
40	333.75	5	
40	333.75	5	
40	333.75	5	
40	333.75	5	
40	333.75	5	
40	333.75	5	
40	333.75	5	
40	333.75	5	
40	333.75	5	
40	333.75	5	
40	333.75	5	
40	333.75	5	
40	333.75	5	
40	333.75	5	
40	333.75	5	
40	333.75	5	
40	333.75	5	
40	333.75	5	
40	333.75	5	
40	333.75	5	
40	333.75	5	
40	333.75	5	
40	333.75	5	
40	333.75	5	
40	333.75	5	
40	333.75	5	
40	333.75	5	
40	333.75	5	
41	0	0	
41	0	0	
41	0	0	
41	0	0	
41	0	0	
41	0	0	
41	0	0	
41	0	0	
41	0	0	
41	0	0	
41	0	0	
41	0	0	
41	0	0	
41	0	0	
41	0	0	
41	0	0	
41	0	0	
41	0	0	
41	0	0	
41	1.25	0	
41	8.75	0	
41	16.25	-1.25	
41	37.5	-3.75	
41	70	-8.75	
41	107.5	-12.5	
41	130	-16.25	
41	152.5	-20	
41	175	-21.25	
41	240	-31.25	
41	261.25	-35	
41	298.75	-40	
41	315	-42.5	
41	341.25	-47.5	
41	341.25	-47.5	
41	341.25	-47.5	
41	341.25	-47.5	
41	341.25	-47.5	
41	341.25	-47.5	
41	341.25	-47.5	
41	341.25	-47.5	
41	341.25	-47.5	
41	341.25	-47.5	
41	341.25	-47.5	
41	341.25	-47.5	
41	341.25	-47.5	
41	341.25	-47.5	
41	341.25	-47.5	
41	341.25	-47.5	
41	341.25	-47.5	
41	341.25	-47.5	
41	341.25	-47.5	
41	341.25	-47.5	
41	341.25	-47.5	
41	341.25	-47.5	
41	341.25	-47.5	
41	341.25	-47.5	
41	341.25	-47.5	
41	341.25	-47.5	
41	341.25	-47.5	
41	341.25	-47.5	
41	341.25	-47.5	
41	341.25	-47.5	
41	341.25	-47.5	
41	341.25	-47.5	
41	341.25	-47.5	
41	341.25	-47.5	
41	341.25	-47.5	
41	341.25	-47.5	
41	341.25	-47.5	
41	341.25	-47.5	
41	341.25	-47.5	
41	341.25	-47.5	
41	341.25	-47.5	
41	341.25	-47.5	
42	0	0	
42	0	0	
42	0	0	
42	0	0	
42	0	0	
42	0	0	
42	0	0	
42	0	0	
42	0	0	
42	0	0	
42	0	0	
42	0	0	
42	0	0	
42	0	0	
42	0	0	
42	0	0	
42	0	0	
42	0	0	
42	0	0	
42	0	0	
42	0	0	
42	0	0	
42	0	0	
42	0	0	
42	0	0	
42	0	0	
42	0	0	
42	0	0	
42	5	0	
42	18.75	-3.75	
42	30	-3.75	
42	43.75	0	
42	63.75	0	
42	126.25	0	
42	147.5	0	
42	167.5	-3.75	
42	187.5	-3.75	
42	225	-3.75	
42	258.75	-5	
42	287.5	-7.5	
42	298.75	-11.25	
42	320	-12.5	
42	327.5	-15	
42	345	-18.75	
42	348.75	-18.75	
42	348.75	-18.75	
42	348.75	-18.75	
42	348.75	-18.75	
42	348.75	-18.75	
42	348.75	-18.75	
42	348.75	-18.75	
42	348.75	-18.75	
42	348.75	-18.75	
42	348.75	-18.75	
42	348.75	-18.75	
42	348.75	-18.75	
42	348.75	-18.75	
42	348.75	-18.75	
42	348.75	-18.75	
42	348.75	-18.75	
42	348.75	-18.75	
42	348.75	-18.75	
42	348.75	-18.75	
42	348.75	-18.75	
42	348.75	-18.75	
42	348.75	-18.75	
42	348.75	-18.75	
42	348.75	-18.75	
42	348.75	-18.75	
42	348.75	-18.75	
42	348.75	-18.75	
42	348.75	-18.75	
42	348.75	-18.75	
42	348.75	-18.75	
