66
49
254
242
59
239
222
5
24
11
171
249
230
56
241
47
252
113
159
221
184
50
95
257
149
192
119
187
255
235
26
40
190
12
207
174
55
169
160
179
81
100
161
10
137
246
141
48
173
105
223
261
152
213
104
232
237
43
136
139
162
75
69
122
145
167
227
7
168
97
245
89
236
165
76
195
180
45
1
23
14
121
60
231
166
6
94
147
260
38
31
29
138
206
203
3
41
131
65
98
16
144
114
209
146
27
183
208
53
99
2
70
112
129
125
172
220
189
34
117
259
253
224
212
93
225
155
127
36
210
32
229
258
211
25
103
77
107
216
128
35
86
197
181
62
130
247
111
163
263
33
30
234
250
134
72
188
191
248
9
182
21
156
13
143
150
124
205
256
194
109
91
218
96
15
228
18
101
217
22
80
61
67
157
175
200
164
78
115
63
214
233
158
39
37
153
204
51
123
215
4
133
193
244
57
74
20
54
84
87
151
92
58
142
219
120
243
42
116
202
28
126
185
8
88
83
68
148
135
177
262
154
90
52
132
19
17
82
71
44
201
264
198
178
79
140
176
85
240
106
73
196
108
118
64
102
46
186
226
199
170
251
238
110
