Trial	X	Y
1	0	0	
1	0	0	
1	0	0	
1	0	0	
1	0	0	
1	0	0	
1	0	0	
1	0	0	
1	0	0	
1	0	0	
1	0	0	
1	0	0	
1	0	0	
1	0	0	
1	0	0	
1	0	0	
1	0	0	
1	0	0	
1	0	0	
1	0	0	
1	0	0	
1	0	0	
1	0	0	
1	0	0	
1	0	0	
1	0	0	
1	0	0	
1	0	0	
1	2.5	0	
1	5	2.5	
1	13.75	7.5	
1	18.75	11.25	
1	28.75	15	
1	33.75	18.75	
1	38.75	21.25	
1	55	26.25	
1	60	28.75	
1	70	30	
1	75	30	
1	80	32.5	
1	97.5	33.75	
1	105	33.75	
1	117.5	33.75	
1	123.75	36.25	
1	131.25	36.25	
1	153.75	37.5	
1	161.25	37.5	
1	176.25	41.25	
1	185	41.25	
1	192.5	41.25	
1	215	41.25	
1	223.75	41.25	
1	237.5	37.5	
1	245	37.5	
1	252.5	36.25	
1	275	30	
1	282.5	28.75	
1	297.5	25	
1	303.75	22.5	
1	310	21.25	
1	326.25	15	
1	330	15	
1	331.25	15	
1	333.75	15	
1	336.25	13.75	
1	337.5	11.25	
1	337.5	11.25	
1	337.5	11.25	
1	337.5	11.25	
1	337.5	11.25	
1	337.5	11.25	
1	337.5	11.25	
1	337.5	11.25	
1	337.5	11.25	
2	0	0	
2	0	0	
2	-1.25	0	
2	-1.25	-1.25	
2	-1.25	-1.25	
2	-1.25	-3.75	
2	-1.25	-3.75	
2	-1.25	-3.75	
2	-1.25	-3.75	
2	-1.25	-3.75	
2	0	-5	
2	0	-5	
2	0	-5	
2	0	-5	
2	0	-5	
2	0	-5	
2	0	-5	
2	0	-7.5	
2	0	-7.5	
2	0	-7.5	
2	0	-7.5	
2	0	-7.5	
2	1.25	-8.75	
2	1.25	-8.75	
2	1.25	-11.25	
2	3.75	-11.25	
2	5	-12.5	
2	6.25	-15	
2	8.75	-15	
2	13.75	-15	
2	25	-11.25	
2	30	-11.25	
2	33.75	-7.5	
2	45	-3.75	
2	50	-3.75	
2	68.75	2.5	
2	76.25	3.75	
2	83.75	3.75	
2	91.25	7.5	
2	108.75	11.25	
2	138.75	18.75	
2	148.75	21.25	
2	158.75	22.5	
2	177.5	26.25	
2	186.25	28.75	
2	212.5	32.5	
2	221.25	33.75	
2	231.25	37.5	
2	243.75	41.25	
2	255	43.75	
2	293.75	45	
2	300	41.25	
2	307.5	37.5	
2	312.5	36.25	
2	322.5	28.75	
2	331.25	22.5	
2	335	18.75	
2	341.25	15	
2	343.75	13.75	
2	345	11.25	
2	348.75	7.5	
2	348.75	6.25	
2	348.75	3.75	
2	348.75	3.75	
2	348.75	3.75	
2	348.75	3.75	
2	348.75	3.75	
2	348.75	3.75	
2	348.75	3.75	
2	348.75	3.75	
2	348.75	3.75	
2	348.75	3.75	
2	348.75	3.75	
2	348.75	3.75	
3	0	0	
3	0	0	
3	0	0	
3	0	0	
3	0	0	
3	0	0	
3	0	0	
3	0	0	
3	0	0	
3	0	0	
3	0	0	
3	0	0	
3	0	0	
3	0	0	
3	0	0	
3	0	0	
3	0	0	
3	0	0	
3	0	0	
3	0	0	
3	0	0	
3	0	0	
3	0	0	
3	0	0	
3	0	0	
3	0	0	
3	0	0	
3	0	0	
3	0	0	
3	0	-2.5	
3	6.25	-2.5	
3	10	-2.5	
3	15	-2.5	
3	22.5	0	
3	37.5	1.25	
3	72.5	7.5	
3	85	8.75	
3	97.5	8.75	
3	125	8.75	
3	138.75	8.75	
3	181.25	8.75	
3	193.75	11.25	
3	207.5	12.5	
3	220	12.5	
3	241.25	12.5	
3	263.75	11.25	
3	268.75	8.75	
3	273.75	7.5	
3	282.5	5	
3	286.25	3.75	
3	292.5	1.25	
3	300	1.25	
3	305	1.25	
3	310	1.25	
3	318.75	5	
3	330	8.75	
3	332.5	8.75	
3	333.75	8.75	
3	336.25	11.25	
3	337.5	11.25	
3	338.75	11.25	
3	338.75	11.25	
3	338.75	11.25	
3	338.75	11.25	
3	338.75	11.25	
3	338.75	11.25	
3	338.75	11.25	
3	338.75	11.25	
3	338.75	11.25	
3	338.75	11.25	
3	338.75	11.25	
3	338.75	11.25	
3	338.75	11.25	
3	338.75	11.25	
4	0	0	
4	0	0	
4	0	0	
4	0	0	
4	0	0	
4	0	0	
4	0	0	
4	0	0	
4	0	0	
4	0	0	
4	0	0	
4	0	0	
4	0	0	
4	0	0	
4	0	0	
4	0	0	
4	0	0	
4	0	0	
4	0	0	
4	0	0	
4	0	0	
4	0	0	
4	0	0	
4	0	0	
4	0	0	
4	0	0	
4	0	0	
4	0	0	
4	0	0	
4	0	0	
4	0	0	
4	0	0	
4	0	0	
4	0	0	
4	0	0	
4	3.75	-2.5	
4	10	-6.25	
4	13.75	-6.25	
4	18.75	-6.25	
4	26.25	-6.25	
4	53.75	-6.25	
4	65	-6.25	
4	88.75	-6.25	
4	102.5	-3.75	
4	115	-2.5	
4	152.5	1.25	
4	176.25	1.25	
4	187.5	3.75	
4	197.5	5	
4	207.5	5	
4	233.75	7.5	
4	241.25	7.5	
4	255	8.75	
4	260	8.75	
4	263.75	8.75	
4	272.5	11.25	
4	277.5	12.5	
4	280	12.5	
4	280	12.5	
4	282.5	12.5	
4	282.5	12.5	
4	282.5	12.5	
4	282.5	12.5	
4	282.5	12.5	
4	282.5	12.5	
4	282.5	12.5	
4	282.5	12.5	
4	282.5	12.5	
4	282.5	12.5	
4	282.5	12.5	
4	282.5	12.5	
4	282.5	12.5	
4	282.5	12.5	
4	282.5	12.5	
5	0	0	
5	0	0	
5	0	0	
5	0	0	
5	0	0	
5	0	0	
5	0	0	
5	0	0	
5	0	0	
5	0	0	
5	0	0	
5	0	0	
5	0	0	
5	0	0	
5	0	0	
5	0	0	
5	0	0	
5	0	0	
5	0	0	
5	0	0	
5	0	0	
5	0	0	
5	0	0	
5	0	-3.75	
5	0	-3.75	
5	1.25	-7.5	
5	5	-11.25	
5	6.25	-11.25	
5	10	-15	
5	12.5	-18.75	
5	31.25	-27.5	
5	40	-30	
5	50	-33.75	
5	71.25	-37.5	
5	81.25	-37.5	
5	115	-37.5	
5	127.5	-37.5	
5	138.75	-33.75	
5	150	-31.25	
5	173.75	-26.25	
5	208.75	-18.75	
5	220	-15	
5	231.25	-12.5	
5	253.75	-5	
5	265	-1.25	
5	300	11.25	
5	310	17.5	
5	320	22.5	
5	330	26.25	
5	345	33.75	
5	345	33.75	
5	345	33.75	
5	345	33.75	
5	345	33.75	
5	345	33.75	
5	345	33.75	
5	345	33.75	
5	345	33.75	
5	345	33.75	
5	345	33.75	
5	345	33.75	
5	345	33.75	
5	345	33.75	
5	345	33.75	
5	345	33.75	
5	345	33.75	
5	345	33.75	
5	345	33.75	
5	345	33.75	
5	345	33.75	
5	345	33.75	
5	345	33.75	
5	345	33.75	
5	345	33.75	
6	0	0	
6	0	0	
6	0	0	
6	0	0	
6	0	0	
6	0	0	
6	0	0	
6	-31.25	-1.25	
6	-31.25	-1.25	
6	-31.25	-1.25	
6	-31.25	-1.25	
6	-31.25	-1.25	
6	-31.25	-1.25	
6	-31.25	-1.25	
6	-31.25	-1.25	
6	-31.25	-1.25	
6	-31.25	-1.25	
6	-31.25	-1.25	
6	-31.25	-1.25	
6	-31.25	-1.25	
6	-31.25	-1.25	
6	-31.25	-1.25	
6	-31.25	-1.25	
6	-31.25	-1.25	
6	-31.25	-1.25	
6	-31.25	-1.25	
6	-31.25	-1.25	
6	-31.25	-1.25	
6	-31.25	-1.25	
6	-28.75	-3.75	
6	-23.75	-3.75	
6	-21.25	-5	
6	-13.75	-5	
6	-8.75	-5	
6	3.75	-3.75	
6	17.5	-1.25	
6	25	0	
6	42.5	2.5	
6	51.25	3.75	
6	51.25	3.75	
6	81.25	7.5	
6	91.25	10	
6	112.5	11.25	
6	121.25	11.25	
6	142.5	11.25	
6	163.75	11.25	
6	186.25	13.75	
6	197.5	15	
6	210	17.5	
6	221.25	18.75	
6	257.5	22.5	
6	268.75	22.5	
6	288.75	22.5	
6	297.5	22.5	
6	313.75	22.5	
6	326.25	18.75	
6	337.5	17.5	
6	342.5	15	
6	347.5	15	
6	347.5	15	
6	347.5	15	
6	347.5	15	
6	347.5	15	
6	347.5	15	
6	347.5	15	
6	347.5	15	
6	347.5	15	
6	347.5	15	
6	347.5	15	
6	347.5	15	
6	347.5	15	
6	347.5	15	
6	347.5	15	
6	347.5	15	
7	0	0	
7	0	0	
7	0	0	
7	0	0	
7	0	0	
7	0	0	
7	0	0	
7	0	-1.25	
7	0	-1.25	
7	0	-1.25	
7	0	-1.25	
7	0	-1.25	
7	0	-1.25	
7	0	-1.25	
7	0	-1.25	
7	0	-1.25	
7	0	-1.25	
7	0	-1.25	
7	0	-1.25	
7	1.25	-1.25	
7	2.5	-3.75	
7	3.75	-3.75	
7	5	-3.75	
7	10	-7.5	
7	12.5	-7.5	
7	22.5	-7.5	
7	36.25	-7.5	
7	53.75	-8.75	
7	65	-11.25	
7	76.25	-11.25	
7	108.75	-15	
7	122.5	-16.25	
7	135	-18.75	
7	150	-18.75	
7	163.75	-18.75	
7	217.5	-15	
7	228.75	-12.5	
7	240	-11.25	
7	251.25	-11.25	
7	271.25	-7.5	
7	287.5	-7.5	
7	302.5	-7.5	
7	307.5	-7.5	
7	312.5	-7.5	
7	316.25	-7.5	
7	330	-11.25	
7	332.5	-11.25	
7	335	-11.25	
7	337.5	-12.5	
7	341.25	-15	
7	346.25	-15	
7	347.5	-12.5	
7	347.5	-12.5	
7	347.5	-12.5	
7	347.5	-12.5	
7	347.5	-12.5	
7	347.5	-12.5	
7	347.5	-12.5	
7	347.5	-12.5	
7	347.5	-12.5	
7	347.5	-12.5	
7	347.5	-12.5	
7	347.5	-12.5	
7	347.5	-12.5	
7	347.5	-12.5	
7	347.5	-12.5	
7	347.5	-12.5	
7	347.5	-12.5	
7	347.5	-12.5	
7	347.5	-12.5	
7	347.5	-12.5	
7	347.5	-12.5	
7	347.5	-12.5	
7	347.5	-12.5	
8	0	0	
8	0	0	
8	0	0	
8	0	0	
8	0	0	
8	0	0	
8	0	0	
8	0	0	
8	0	0	
8	0	0	
8	1.25	-1.25	
8	1.25	-1.25	
8	1.25	-1.25	
8	1.25	-1.25	
8	1.25	-1.25	
8	1.25	-1.25	
8	1.25	-1.25	
8	1.25	-1.25	
8	1.25	-1.25	
8	1.25	-1.25	
8	3.75	-3.75	
8	5	-3.75	
8	8.75	-5	
8	15	-7.5	
8	20	-7.5	
8	40	-8.75	
8	50	-8.75	
8	58.75	-8.75	
8	70	-8.75	
8	90	-8.75	
8	122.5	-7.5	
8	132.5	-7.5	
8	142.5	-8.75	
8	162.5	-11.25	
8	172.5	-11.25	
8	191.25	-11.25	
8	210	-11.25	
8	218.75	-11.25	
8	235	-11.25	
8	242.5	-11.25	
8	258.75	-12.5	
8	263.75	-15	
8	268.75	-15	
8	275	-16.25	
8	278.75	-18.75	
8	283.75	-18.75	
8	288.75	-20	
8	291.25	-22.5	
8	296.25	-23.75	
8	298.75	-26.25	
8	306.25	-30	
8	310	-30	
8	312.5	-31.25	
8	322.5	-31.25	
8	327.5	-30	
8	341.25	-27.5	
8	341.25	-27.5	
8	341.25	-27.5	
8	341.25	-27.5	
8	341.25	-27.5	
8	341.25	-27.5	
8	341.25	-27.5	
8	341.25	-27.5	
8	341.25	-27.5	
8	341.25	-27.5	
8	341.25	-27.5	
8	341.25	-27.5	
8	341.25	-27.5	
8	341.25	-27.5	
8	341.25	-27.5	
8	341.25	-27.5	
8	341.25	-27.5	
8	341.25	-27.5	
8	341.25	-27.5	
9	0	0	
9	0	0	
9	0	0	
9	0	0	
9	0	0	
9	0	0	
9	0	0	
9	0	0	
9	0	0	
9	0	0	
9	0	0	
9	0	0	
9	0	0	
9	0	0	
9	0	0	
9	0	0	
9	0	0	
9	0	0	
9	0	0	
9	0	0	
9	0	0	
9	0	0	
9	0	0	
9	0	0	
9	0	0	
9	0	-1.25	
9	2.5	-3.75	
9	6.25	-3.75	
9	10	-3.75	
9	16.25	-3.75	
9	43.75	-3.75	
9	67.5	-3.75	
9	80	-3.75	
9	93.75	-3.75	
9	108.75	-3.75	
9	147.5	0	
9	165	0	
9	203.75	7.5	
9	222.5	11.25	
9	240	17.5	
9	291.25	32.5	
9	317.5	37.5	
9	328.75	37.5	
9	338.75	37.5	
9	347.5	37.5	
9	347.5	37.5	
9	347.5	37.5	
9	347.5	37.5	
9	347.5	37.5	
9	347.5	37.5	
9	347.5	37.5	
9	347.5	37.5	
9	347.5	37.5	
9	347.5	37.5	
9	347.5	37.5	
9	347.5	37.5	
9	347.5	37.5	
9	347.5	37.5	
9	347.5	37.5	
9	347.5	37.5	
9	347.5	37.5	
9	347.5	37.5	
9	347.5	37.5	
9	347.5	37.5	
9	347.5	37.5	
9	347.5	37.5	
9	347.5	37.5	
9	347.5	37.5	
9	347.5	37.5	
9	347.5	37.5	
9	347.5	37.5	
9	347.5	37.5	
9	347.5	37.5	
9	347.5	37.5	
10	0	0	
10	0	0	
10	0	0	
10	-1.25	-1.25	
10	-1.25	-1.25	
10	-1.25	-1.25	
10	-1.25	-1.25	
10	-1.25	-1.25	
10	-1.25	-1.25	
10	-1.25	-1.25	
10	-1.25	-1.25	
10	-1.25	-1.25	
10	-1.25	-1.25	
10	-1.25	-1.25	
10	-1.25	-1.25	
10	-1.25	-1.25	
10	-1.25	-1.25	
10	-1.25	-1.25	
10	-1.25	-1.25	
10	-1.25	-1.25	
10	-1.25	-1.25	
10	-1.25	-1.25	
10	-1.25	-1.25	
10	-1.25	-1.25	
10	-1.25	-1.25	
10	1.25	-3.75	
10	1.25	-5	
10	6.25	-7.5	
10	10	-11.25	
10	15	-11.25	
10	23.75	-15	
10	47.5	-16.25	
10	60	-16.25	
10	73.75	-15	
10	88.75	-15	
10	145	-20	
10	163.75	-22.5	
10	178.75	-26.25	
10	210	-31.25	
10	223.75	-33.75	
10	250	-37.5	
10	273.75	-37.5	
10	285	-38.75	
10	295	-41.25	
10	312.5	-41.25	
10	326.25	-42.5	
10	337.5	-45	
10	341.25	-45	
10	346.25	-45	
10	346.25	-45	
10	346.25	-45	
10	346.25	-45	
10	346.25	-45	
10	346.25	-45	
10	346.25	-45	
10	346.25	-45	
10	346.25	-45	
10	346.25	-45	
10	346.25	-45	
10	346.25	-45	
10	346.25	-45	
10	346.25	-45	
10	346.25	-45	
10	346.25	-45	
10	346.25	-45	
10	346.25	-45	
10	346.25	-45	
10	346.25	-45	
10	346.25	-45	
10	346.25	-45	
10	346.25	-45	
10	346.25	-45	
10	346.25	-45	
10	346.25	-45	
11	0	0	
11	0	0	
11	0	0	
11	0	0	
11	0	0	
11	0	0	
11	0	0	
11	0	0	
11	0	0	
11	0	0	
11	0	0	
11	0	0	
11	0	0	
11	0	0	
11	0	0	
11	0	0	
11	0	0	
11	0	0	
11	0	0	
11	0	0	
11	0	0	
11	0	0	
11	0	0	
11	0	0	
11	0	0	
11	0	0	
11	0	0	
11	0	0	
11	2.5	-1.25	
11	10	-3.75	
11	21.25	-3.75	
11	28.75	-1.25	
11	48.75	0	
11	61.25	3.75	
11	75	7.5	
11	116.25	15	
11	131.25	18.75	
11	161.25	22.5	
11	176.25	22.5	
11	205	28.75	
11	233.75	32.5	
11	246.25	33.75	
11	271.25	37.5	
11	282.5	37.5	
11	291.25	37.5	
11	315	40	
11	321.25	37.5	
11	332.5	37.5	
11	336.25	37.5	
11	340	37.5	
11	347.5	33.75	
11	347.5	33.75	
11	347.5	33.75	
11	347.5	33.75	
11	347.5	33.75	
11	347.5	33.75	
11	347.5	33.75	
11	347.5	33.75	
11	347.5	33.75	
11	347.5	33.75	
11	347.5	33.75	
11	347.5	33.75	
11	347.5	33.75	
11	347.5	33.75	
11	347.5	33.75	
11	347.5	33.75	
11	347.5	33.75	
11	347.5	33.75	
11	347.5	33.75	
11	347.5	33.75	
11	347.5	33.75	
11	347.5	33.75	
11	347.5	33.75	
11	347.5	33.75	
12	0	0	
12	0	0	
12	0	0	
12	0	0	
12	0	0	
12	0	0	
12	0	0	
12	0	0	
12	0	0	
12	0	0	
12	0	0	
12	0	0	
12	0	0	
12	0	0	
12	0	0	
12	0	0	
12	0	0	
12	-1.25	0	
12	-1.25	0	
12	-1.25	0	
12	1.25	0	
12	3.75	0	
12	5	2.5	
12	11.25	3.75	
12	15	6.25	
12	23.75	7.5	
12	30	10	
12	40	11.25	
12	51.25	11.25	
12	63.75	11.25	
12	105	10	
12	131.25	6.25	
12	145	3.75	
12	157.5	0	
12	170	0	
12	210	-11.25	
12	223.75	-12.5	
12	250	-18.75	
12	262.5	-18.75	
12	275	-18.75	
12	308.75	-15	
12	327.5	-15	
12	335	-15	
12	342.5	-15	
12	348.75	-15	
12	348.75	-15	
12	348.75	-15	
12	348.75	-15	
12	348.75	-15	
12	348.75	-15	
12	348.75	-15	
12	348.75	-15	
12	348.75	-15	
12	348.75	-15	
12	348.75	-15	
12	348.75	-15	
12	348.75	-15	
12	348.75	-15	
12	348.75	-15	
12	348.75	-15	
12	348.75	-15	
12	348.75	-15	
12	348.75	-15	
12	348.75	-15	
12	348.75	-15	
12	348.75	-15	
12	348.75	-15	
12	348.75	-15	
12	348.75	-15	
12	348.75	-15	
12	348.75	-15	
12	348.75	-15	
12	348.75	-15	
12	348.75	-15	
13	0	0	
13	0	0	
13	0	0	
13	0	0	
13	0	0	
13	0	0	
13	0	0	
13	0	0	
13	0	0	
13	0	0	
13	0	0	
13	0	0	
13	0	0	
13	0	0	
13	0	0	
13	0	0	
13	0	0	
13	0	0	
13	0	0	
13	0	0	
13	0	0	
13	0	0	
13	0	0	
13	1.25	0	
13	7.5	-2.5	
13	11.25	-2.5	
13	15	-2.5	
13	21.25	-2.5	
13	37.5	-2.5	
13	47.5	-2.5	
13	73.75	-2.5	
13	92.5	0	
13	111.25	0	
13	145	0	
13	160	0	
13	188.75	-3.75	
13	215	-6.25	
13	226.25	-7.5	
13	237.5	-7.5	
13	250	-7.5	
13	272.5	-6.25	
13	282.5	-6.25	
13	292.5	-6.25	
13	310	-7.5	
13	316.25	-7.5	
13	328.75	-6.25	
13	337.5	-7.5	
13	342.5	-7.5	
13	346.25	-7.5	
13	346.25	-7.5	
13	346.25	-7.5	
13	346.25	-7.5	
13	346.25	-7.5	
13	346.25	-7.5	
13	346.25	-7.5	
13	346.25	-7.5	
13	346.25	-7.5	
13	346.25	-7.5	
13	346.25	-7.5	
13	346.25	-7.5	
13	346.25	-7.5	
13	346.25	-7.5	
13	346.25	-7.5	
13	346.25	-7.5	
13	346.25	-7.5	
13	346.25	-7.5	
13	346.25	-7.5	
13	346.25	-7.5	
13	346.25	-7.5	
13	346.25	-7.5	
13	346.25	-7.5	
13	346.25	-7.5	
13	346.25	-7.5	
13	346.25	-7.5	
14	0	0	
14	0	0	
14	0	0	
14	-1.25	0	
14	-1.25	0	
14	-1.25	0	
14	-1.25	0	
14	-1.25	0	
14	-1.25	0	
14	-1.25	0	
14	-1.25	0	
14	-1.25	0	
14	-1.25	0	
14	-1.25	0	
14	-1.25	0	
14	-1.25	0	
14	-1.25	0	
14	-1.25	0	
14	-1.25	0	
14	-1.25	0	
14	-1.25	0	
14	-1.25	0	
14	-1.25	0	
14	1.25	1.25	
14	3.75	1.25	
14	15	0	
14	31.25	-2.5	
14	31.25	-2.5	
14	58.75	1.25	
14	73.75	3.75	
14	125	7.5	
14	143.75	7.5	
14	161.25	5	
14	180	3.75	
14	196.25	1.25	
14	250	5	
14	265	8.75	
14	280	12.5	
14	293.75	15	
14	306.25	16.25	
14	326.25	18.75	
14	340	20	
14	346.25	18.75	
14	346.25	18.75	
14	346.25	18.75	
14	346.25	18.75	
14	346.25	18.75	
14	346.25	18.75	
14	346.25	18.75	
14	346.25	18.75	
14	346.25	18.75	
14	346.25	18.75	
14	346.25	18.75	
14	346.25	18.75	
14	346.25	18.75	
14	346.25	18.75	
14	346.25	18.75	
14	346.25	18.75	
14	346.25	18.75	
14	346.25	18.75	
14	346.25	18.75	
14	346.25	18.75	
14	346.25	18.75	
14	346.25	18.75	
14	346.25	18.75	
14	346.25	18.75	
14	346.25	18.75	
14	346.25	18.75	
14	346.25	18.75	
14	346.25	18.75	
14	346.25	18.75	
14	346.25	18.75	
14	346.25	18.75	
14	346.25	18.75	
15	0	0	
15	0	0	
15	0	0	
15	0	0	
15	0	0	
15	0	0	
15	0	0	
15	0	0	
15	0	0	
15	0	0	
15	0	0	
15	0	0	
15	0	0	
15	0	0	
15	0	0	
15	0	0	
15	0	0	
15	0	0	
15	0	0	
15	0	0	
15	2.5	0	
15	3.75	0	
15	5	0	
15	6.25	0	
15	11.25	-2.5	
15	18.75	-6.25	
15	31.25	-6.25	
15	37.5	-6.25	
15	46.25	-7.5	
15	66.25	-7.5	
15	102.5	-3.75	
15	102.5	-3.75	
15	117.5	-2.5	
15	131.25	0	
15	143.75	1.25	
15	171.25	0	
15	196.25	-2.5	
15	207.5	-2.5	
15	230	-6.25	
15	241.25	-6.25	
15	270	-6.25	
15	278.75	-7.5	
15	287.5	-10	
15	295	-10	
15	306.25	-11.25	
15	313.75	-13.75	
15	318.75	-13.75	
15	321.25	-13.75	
15	326.25	-15	
15	330	-17.5	
15	335	-17.5	
15	336.25	-18.75	
15	337.5	-18.75	
15	340	-21.25	
15	342.5	-21.25	
15	345	-25	
15	346.25	-25	
15	348.75	-25	
15	348.75	-25	
15	348.75	-25	
15	348.75	-25	
15	348.75	-25	
15	348.75	-25	
15	348.75	-25	
15	348.75	-25	
15	348.75	-25	
15	348.75	-25	
15	348.75	-25	
15	348.75	-25	
15	348.75	-25	
15	348.75	-25	
15	348.75	-25	
15	348.75	-25	
15	348.75	-25	
16	0	0	
16	0	0	
16	0	0	
16	0	0	
16	0	0	
16	0	0	
16	0	0	
16	0	0	
16	0	0	
16	0	0	
16	0	0	
16	0	0	
16	0	0	
16	0	0	
16	0	0	
16	0	0	
16	0	0	
16	0	0	
16	0	0	
16	0	0	
16	0	0	
16	0	0	
16	0	0	
16	0	0	
16	0	0	
16	0	0	
16	0	0	
16	0	0	
16	0	0	
16	1.25	0	
16	8.75	0	
16	13.75	0	
16	27.5	3.75	
16	37.5	6.25	
16	61.25	11.25	
16	92.5	17.5	
16	107.5	18.75	
16	122.5	22.5	
16	148.75	26.25	
16	161.25	26.25	
16	185	26.25	
16	208.75	22.5	
16	220	18.75	
16	231.25	15	
16	250	11.25	
16	266.25	6.25	
16	273.75	3.75	
16	287.5	-1.25	
16	292.5	-3.75	
16	297.5	-5	
16	308.75	-8.75	
16	315	-11.25	
16	318.75	-12.5	
16	322.5	-15	
16	325	-15	
16	333.75	-18.75	
16	336.25	-18.75	
16	341.25	-22.5	
16	343.75	-22.5	
16	346.25	-22.5	
16	348.75	-23.75	
16	348.75	-23.75	
16	348.75	-23.75	
16	348.75	-23.75	
16	348.75	-23.75	
16	348.75	-23.75	
16	348.75	-23.75	
16	348.75	-23.75	
16	348.75	-23.75	
16	348.75	-23.75	
16	348.75	-23.75	
16	348.75	-23.75	
16	348.75	-23.75	
16	348.75	-23.75	
17	0	0	
17	0	0	
17	0	0	
17	0	0	
17	0	0	
17	0	0	
17	0	0	
17	0	0	
17	0	0	
17	0	0	
17	0	0	
17	0	0	
17	0	0	
17	0	0	
17	0	0	
17	0	0	
17	0	0	
17	0	0	
17	0	0	
17	0	0	
17	0	0	
17	0	0	
17	0	0	
17	0	0	
17	1.25	0	
17	16.25	0	
17	23.75	0	
17	32.5	0	
17	43.75	2.5	
17	72.5	7.5	
17	107.5	15	
17	127.5	18.75	
17	152.5	22.5	
17	172.5	22.5	
17	192.5	25	
17	238.75	22.5	
17	260	22.5	
17	268.75	22.5	
17	276.25	21.25	
17	282.5	21.25	
17	295	18.75	
17	298.75	18.75	
17	301.25	18.75	
17	303.75	18.75	
17	306.25	18.75	
17	306.25	17.5	
17	307.5	17.5	
17	308.75	15	
17	308.75	15	
17	310	15	
17	313.75	13.75	
17	315	11.25	
17	316.25	11.25	
17	322.5	7.5	
17	327.5	3.75	
17	332.5	2.5	
17	335	0	
17	338.75	0	
17	340	0	
17	340	0	
17	342.5	-1.25	
17	342.5	-1.25	
17	342.5	-1.25	
17	342.5	-1.25	
17	342.5	-1.25	
17	342.5	-1.25	
17	342.5	-1.25	
17	342.5	-1.25	
17	342.5	-1.25	
17	342.5	-1.25	
17	342.5	-1.25	
17	342.5	-1.25	
17	342.5	-1.25	
17	342.5	-1.25	
18	0	0	
18	0	0	
18	0	0	
18	0	0	
18	0	0	
18	0	0	
18	0	0	
18	0	0	
18	0	0	
18	0	0	
18	0	0	
18	0	0	
18	0	0	
18	0	0	
18	0	0	
18	1.25	0	
18	1.25	0	
18	1.25	0	
18	2.5	0	
18	2.5	-1.25	
18	5	-1.25	
18	7.5	-3.75	
18	11.25	-3.75	
18	16.25	-3.75	
18	31.25	-3.75	
18	53.75	0	
18	67.5	3.75	
18	95	6.25	
18	121.25	7.5	
18	132.5	7.5	
18	152.5	7.5	
18	171.25	3.75	
18	180	2.5	
18	188.75	0	
18	205	-3.75	
18	223.75	-8.75	
18	232.5	-11.25	
18	248.75	-15	
18	256.25	-15	
18	271.25	-15	
18	283.75	-15	
18	288.75	-15	
18	298.75	-15	
18	302.5	-16.25	
18	306.25	-16.25	
18	313.75	-18.75	
18	316.25	-18.75	
18	321.25	-20	
18	322.5	-22.5	
18	326.25	-22.5	
18	327.5	-23.75	
18	327.5	-23.75	
18	328.75	-23.75	
18	328.75	-23.75	
18	328.75	-23.75	
18	330	-26.25	
18	330	-26.25	
18	330	-26.25	
18	330	-26.25	
18	330	-26.25	
18	330	-26.25	
18	331.25	-26.25	
18	331.25	-26.25	
18	332.5	-26.25	
18	332.5	-26.25	
18	333.75	-26.25	
18	333.75	-26.25	
18	333.75	-26.25	
18	333.75	-26.25	
18	335	-26.25	
18	336.25	-26.25	
18	336.25	-26.25	
18	336.25	-26.25	
18	336.25	-26.25	
19	0	0	
19	0	0	
19	0	0	
19	0	0	
19	0	0	
19	0	0	
19	0	0	
19	0	0	
19	0	0	
19	0	0	
19	0	0	
19	0	0	
19	0	0	
19	0	0	
19	0	0	
19	0	0	
19	0	0	
19	0	0	
19	0	0	
19	0	0	
19	0	0	
19	2.5	0	
19	6.25	0	
19	10	0	
19	20	0	
19	37.5	0	
19	47.5	0	
19	71.25	3.75	
19	85	3.75	
19	98.75	3.75	
19	140	3.75	
19	158.75	0	
19	192.5	-3.75	
19	208.75	-5	
19	223.75	-7.5	
19	262.5	-7.5	
19	275	-7.5	
19	286.25	-7.5	
19	297.5	-7.5	
19	316.25	-5	
19	338.75	-5	
19	343.75	-5	
19	343.75	-5	
19	343.75	-5	
19	343.75	-5	
19	343.75	-5	
19	343.75	-5	
19	343.75	-5	
19	343.75	-5	
19	343.75	-5	
19	343.75	-5	
19	343.75	-5	
19	343.75	-5	
19	343.75	-5	
19	343.75	-5	
19	343.75	-5	
19	343.75	-5	
19	343.75	-5	
19	343.75	-5	
19	343.75	-5	
19	343.75	-5	
19	343.75	-5	
19	343.75	-5	
19	343.75	-5	
19	343.75	-5	
19	343.75	-5	
19	343.75	-5	
19	343.75	-5	
19	343.75	-5	
19	343.75	-5	
19	343.75	-5	
19	343.75	-5	
19	343.75	-5	
19	343.75	-5	
20	0	0	
20	0	0	
20	0	0	
20	0	0	
20	0	0	
20	0	0	
20	0	0	
20	0	0	
20	0	0	
20	0	0	
20	0	0	
20	0	0	
20	0	0	
20	0	0	
20	0	0	
20	1.25	0	
20	1.25	2.5	
20	2.5	2.5	
20	2.5	2.5	
20	2.5	2.5	
20	2.5	2.5	
20	5	2.5	
20	6.25	2.5	
20	7.5	2.5	
20	15	2.5	
20	35	0	
20	45	0	
20	56.25	-1.25	
20	68.75	-1.25	
20	83.75	-1.25	
20	120	-3.75	
20	137.5	-3.75	
20	170	-5	
20	185	-5	
20	213.75	-7.5	
20	240	-11.25	
20	266.25	-15	
20	280	-16.25	
20	293.75	-18.75	
20	320	-26.25	
20	343.75	-31.25	
20	343.75	-31.25	
20	343.75	-31.25	
20	343.75	-31.25	
20	343.75	-31.25	
20	343.75	-31.25	
20	343.75	-31.25	
20	343.75	-31.25	
20	343.75	-31.25	
20	343.75	-31.25	
20	343.75	-31.25	
20	343.75	-31.25	
20	343.75	-31.25	
20	343.75	-31.25	
20	343.75	-31.25	
20	343.75	-31.25	
20	343.75	-31.25	
20	343.75	-31.25	
20	343.75	-31.25	
20	343.75	-31.25	
20	343.75	-31.25	
20	343.75	-31.25	
20	343.75	-31.25	
20	343.75	-31.25	
20	343.75	-31.25	
20	343.75	-31.25	
20	343.75	-31.25	
20	343.75	-31.25	
20	343.75	-31.25	
20	343.75	-31.25	
20	343.75	-31.25	
20	343.75	-31.25	
20	343.75	-31.25	
20	343.75	-31.25	
21	0	0	
21	0	0	
21	0	0	
21	0	0	
21	0	0	
21	0	0	
21	0	0	
21	0	0	
21	0	0	
21	0	0	
21	0	0	
21	0	0	
21	0	0	
21	0	0	
21	0	0	
21	0	0	
21	0	0	
21	0	0	
21	0	0	
21	0	0	
21	0	0	
21	0	0	
21	0	0	
21	0	0	
21	0	0	
21	0	-2.5	
21	3.75	-6.25	
21	13.75	-10	
21	21.25	-11.25	
21	31.25	-13.75	
21	78.75	-15	
21	98.75	-13.75	
21	120	-10	
21	141.25	-6.25	
21	162.5	0	
21	217.5	5	
21	235	5	
21	250	5	
21	262.5	5	
21	285	1.25	
21	302.5	0	
21	310	-2.5	
21	322.5	-2.5	
21	327.5	-2.5	
21	331.25	-2.5	
21	342.5	-2.5	
21	347.5	-2.5	
21	348.75	-2.5	
21	348.75	-2.5	
21	348.75	-2.5	
21	348.75	-2.5	
21	348.75	-2.5	
21	348.75	-2.5	
21	348.75	-2.5	
21	348.75	-2.5	
21	348.75	-2.5	
21	348.75	-2.5	
21	348.75	-2.5	
21	348.75	-2.5	
21	348.75	-2.5	
21	348.75	-2.5	
21	348.75	-2.5	
21	348.75	-2.5	
21	348.75	-2.5	
21	348.75	-2.5	
21	348.75	-2.5	
21	348.75	-2.5	
21	348.75	-2.5	
21	348.75	-2.5	
21	348.75	-2.5	
21	348.75	-2.5	
21	348.75	-2.5	
21	348.75	-2.5	
21	348.75	-2.5	
22	0	0	
22	0	0	
22	0	0	
22	0	0	
22	0	0	
22	0	0	
22	0	0	
22	0	0	
22	0	0	
22	0	0	
22	0	0	
22	0	0	
22	0	0	
22	0	0	
22	0	0	
22	0	0	
22	0	0	
22	0	0	
22	0	0	
22	0	0	
22	0	0	
22	0	0	
22	0	0	
22	0	0	
22	0	0	
22	0	0	
22	0	0	
22	0	0	
22	-1.25	-2.5	
22	1.25	-2.5	
22	13.75	-3.75	
22	21.25	-2.5	
22	41.25	1.25	
22	55	3.75	
22	70	5	
22	116.25	11.25	
22	133.75	11.25	
22	150	11.25	
22	182.5	8.75	
22	211.25	7.5	
22	236.25	5	
22	245	3.75	
22	260	1.25	
22	266.25	1.25	
22	270	0	
22	278.75	-2.5	
22	281.25	-3.75	
22	282.5	-3.75	
22	283.75	-6.25	
22	286.25	-6.25	
22	286.25	-6.25	
22	286.25	-6.25	
22	286.25	-6.25	
22	286.25	-6.25	
22	286.25	-6.25	
22	287.5	-6.25	
22	287.5	-6.25	
22	287.5	-6.25	
22	288.75	-7.5	
22	288.75	-7.5	
22	290	-7.5	
22	290	-7.5	
22	290	-7.5	
22	290	-7.5	
22	291.25	-7.5	
22	293.75	-10	
22	293.75	-10	
22	296.25	-10	
22	298.75	-10	
22	303.75	-10	
22	312.5	-10	
22	315	-10	
22	317.5	-10	
22	323.75	-10	
23	0	0	
23	-1.25	0	
23	-1.25	0	
23	-2.5	0	
23	-2.5	0	
23	-2.5	-1.25	
23	-2.5	-1.25	
23	-2.5	-1.25	
23	-2.5	-1.25	
23	-2.5	-1.25	
23	-3.75	-3.75	
23	-3.75	-3.75	
23	-3.75	-3.75	
23	-3.75	-3.75	
23	-3.75	-3.75	
23	-3.75	-3.75	
23	-3.75	-3.75	
23	-3.75	-3.75	
23	-3.75	-3.75	
23	-3.75	-3.75	
23	-3.75	-3.75	
23	-3.75	-3.75	
23	-3.75	-3.75	
23	-3.75	-3.75	
23	-3.75	-3.75	
23	-3.75	-3.75	
23	-1.25	-3.75	
23	1.25	-3.75	
23	2.5	-3.75	
23	11.25	-3.75	
23	23.75	-3.75	
23	31.25	-3.75	
23	51.25	0	
23	77.5	3.75	
23	92.5	7.5	
23	125	11.25	
23	160	15	
23	178.75	15	
23	197.5	15	
23	236.25	15	
23	276.25	11.25	
23	317.5	11.25	
23	337.5	11.25	
23	337.5	11.25	
23	337.5	11.25	
23	337.5	11.25	
23	337.5	11.25	
23	337.5	11.25	
23	337.5	11.25	
23	337.5	11.25	
23	337.5	11.25	
23	337.5	11.25	
23	337.5	11.25	
23	337.5	11.25	
23	337.5	11.25	
23	337.5	11.25	
23	337.5	11.25	
23	337.5	11.25	
23	337.5	11.25	
23	337.5	11.25	
23	337.5	11.25	
23	337.5	11.25	
23	337.5	11.25	
23	337.5	11.25	
23	337.5	11.25	
23	337.5	11.25	
23	337.5	11.25	
23	337.5	11.25	
23	337.5	11.25	
23	337.5	11.25	
23	337.5	11.25	
23	337.5	11.25	
23	337.5	11.25	
23	337.5	11.25	
24	0	0	
24	0	0	
24	0	0	
24	0	0	
24	0	0	
24	0	0	
24	0	0	
24	1.25	0	
24	2.5	0	
24	2.5	0	
24	2.5	0	
24	2.5	0	
24	2.5	0	
24	2.5	0	
24	2.5	0	
24	2.5	2.5	
24	2.5	2.5	
24	2.5	2.5	
24	2.5	2.5	
24	2.5	2.5	
24	2.5	2.5	
24	3.75	0	
24	5	0	
24	7.5	-1.25	
24	11.25	-3.75	
24	33.75	-12.5	
24	45	-12.5	
24	45	-12.5	
24	63.75	-12.5	
24	82.5	-12.5	
24	128.75	-12.5	
24	141.25	-12.5	
24	152.5	-12.5	
24	172.5	-16.25	
24	182.5	-20	
24	207.5	-27.5	
24	217.5	-28.75	
24	235	-35	
24	243.75	-36.25	
24	252.5	-38.75	
24	277.5	-42.5	
24	285	-43.75	
24	292.5	-46.25	
24	303.75	-46.25	
24	310	-46.25	
24	322.5	-50	
24	323.75	-50	
24	328.75	-50	
24	331.25	-51.25	
24	332.5	-53.75	
24	337.5	-55	
24	337.5	-57.5	
24	338.75	-57.5	
24	340	-57.5	
24	340	-57.5	
24	340	-57.5	
24	340	-57.5	
24	340	-57.5	
24	340	-57.5	
24	340	-57.5	
24	340	-57.5	
24	340	-57.5	
24	341.25	-55	
24	342.5	-53.75	
24	342.5	-50	
24	346.25	-46.25	
24	346.25	-43.75	
24	346.25	-43.75	
24	346.25	-43.75	
24	346.25	-43.75	
24	346.25	-43.75	
24	346.25	-43.75	
24	346.25	-43.75	
24	346.25	-43.75	
25	0	0	
25	0	0	
25	0	0	
25	0	0	
25	0	0	
25	0	0	
25	0	0	
25	0	0	
25	0	0	
25	0	0	
25	0	0	
25	0	0	
25	0	0	
25	0	0	
25	0	0	
25	0	0	
25	0	0	
25	0	0	
25	0	0	
25	0	0	
25	0	0	
25	0	0	
25	0	0	
25	0	0	
25	0	0	
25	1.25	0	
25	2.5	2.5	
25	11.25	3.75	
25	26.25	10	
25	38.75	11.25	
25	66.25	17.5	
25	98.75	21.25	
25	115	22.5	
25	131.25	22.5	
25	163.75	18.75	
25	195	15	
25	210	15	
25	237.5	11.25	
25	263.75	11.25	
25	276.25	13.75	
25	290	15	
25	302.5	15	
25	313.75	17.5	
25	332.5	15	
25	340	15	
25	346.25	13.75	
25	346.25	13.75	
25	346.25	13.75	
25	346.25	13.75	
25	346.25	13.75	
25	346.25	13.75	
25	346.25	13.75	
25	346.25	13.75	
25	346.25	13.75	
25	346.25	13.75	
25	346.25	13.75	
25	346.25	13.75	
25	346.25	13.75	
25	346.25	13.75	
25	346.25	13.75	
25	346.25	13.75	
25	346.25	13.75	
25	346.25	13.75	
25	346.25	13.75	
25	346.25	13.75	
25	346.25	13.75	
25	346.25	13.75	
25	346.25	13.75	
25	346.25	13.75	
25	346.25	13.75	
25	346.25	13.75	
25	346.25	13.75	
25	346.25	13.75	
25	346.25	13.75	
26	0	0	
26	0	0	
26	0	0	
26	0	0	
26	0	0	
26	0	0	
26	0	0	
26	0	0	
26	0	0	
26	0	0	
26	0	0	
26	0	0	
26	0	0	
26	0	0	
26	0	-2.5	
26	0	-2.5	
26	0	-2.5	
26	0	-2.5	
26	0	-2.5	
26	0	-2.5	
26	0	0	
26	0	0	
26	0	0	
26	0	0	
26	0	0	
26	0	0	
26	0	-2.5	
26	0	-2.5	
26	0	-2.5	
26	0	0	
26	7.5	0	
26	12.5	0	
26	26.25	1.25	
26	35	1.25	
26	46.25	1.25	
26	87.5	8.75	
26	102.5	12.5	
26	117.5	16.25	
26	147.5	20	
26	162.5	23.75	
26	205	16.25	
26	218.75	12.5	
26	247.5	5	
26	262.5	1.25	
26	275	0	
26	313.75	-2.5	
26	326.25	-2.5	
26	336.25	-2.5	
26	336.25	-2.5	
26	336.25	-2.5	
26	336.25	-2.5	
26	336.25	-2.5	
26	336.25	-2.5	
26	336.25	-2.5	
26	336.25	-2.5	
26	336.25	-2.5	
26	336.25	-2.5	
26	336.25	-2.5	
26	336.25	-2.5	
26	336.25	-2.5	
26	336.25	-2.5	
26	336.25	-2.5	
26	336.25	-2.5	
26	336.25	-2.5	
26	336.25	-2.5	
26	336.25	-2.5	
26	336.25	-2.5	
26	336.25	-2.5	
26	336.25	-2.5	
26	336.25	-2.5	
26	336.25	-2.5	
26	336.25	-2.5	
26	336.25	-2.5	
26	336.25	-2.5	
27	0	0	
27	0	0	
27	0	0	
27	0	0	
27	0	-2.5	
27	0	-2.5	
27	0	-2.5	
27	0	-2.5	
27	0	-2.5	
27	0	-2.5	
27	0	-2.5	
27	0	-2.5	
27	0	-2.5	
27	0	-2.5	
27	0	-2.5	
27	0	-2.5	
27	0	-2.5	
27	0	-2.5	
27	0	-2.5	
27	1.25	-2.5	
27	2.5	-2.5	
27	3.75	-2.5	
27	6.25	-2.5	
27	12.5	-2.5	
27	28.75	3.75	
27	36.25	7.5	
27	45	11.25	
27	63.75	18.75	
27	75	22.5	
27	86.25	23.75	
27	123.75	27.5	
27	137.5	23.75	
27	151.25	20	
27	180	8.75	
27	195	1.25	
27	242.5	-15	
27	257.5	-18.75	
27	288.75	-25	
27	302.5	-28.75	
27	315	-30	
27	343.75	-36.25	
27	343.75	-36.25	
27	343.75	-36.25	
27	343.75	-36.25	
27	343.75	-36.25	
27	343.75	-36.25	
27	343.75	-36.25	
27	343.75	-36.25	
27	343.75	-36.25	
27	343.75	-36.25	
27	343.75	-36.25	
27	343.75	-36.25	
27	343.75	-36.25	
27	343.75	-36.25	
27	343.75	-36.25	
27	343.75	-36.25	
27	343.75	-36.25	
27	343.75	-36.25	
27	343.75	-36.25	
27	343.75	-36.25	
27	343.75	-36.25	
27	343.75	-36.25	
27	343.75	-36.25	
27	343.75	-36.25	
27	343.75	-36.25	
27	343.75	-36.25	
27	343.75	-36.25	
27	343.75	-36.25	
27	343.75	-36.25	
27	343.75	-36.25	
27	343.75	-36.25	
27	343.75	-36.25	
27	343.75	-36.25	
27	343.75	-36.25	
28	0	0	
28	0	0	
28	0	0	
28	0	0	
28	0	0	
28	0	0	
28	0	0	
28	0	0	
28	0	0	
28	0	0	
28	0	0	
28	0	0	
28	0	0	
28	0	0	
28	0	0	
28	0	0	
28	0	0	
28	0	0	
28	0	0	
28	0	0	
28	0	0	
28	0	0	
28	0	0	
28	0	0	
28	0	0	
28	0	0	
28	0	0	
28	0	0	
28	0	0	
28	0	0	
28	0	0	
28	0	0	
28	0	0	
28	0	0	
28	0	0	
28	0	0	
28	0	0	
28	0	0	
28	0	0	
28	0	0	
28	0	0	
28	0	0	
28	1.25	0	
28	5	0	
28	8.75	0	
28	25	2.5	
28	25	2.5	
28	46.25	7.5	
28	57.5	11.25	
28	81.25	18.75	
28	107.5	22.5	
28	120	26.25	
28	146.25	26.25	
28	158.75	25	
28	172.5	25	
28	208.75	21.25	
28	220	18.75	
28	241.25	17.5	
28	251.25	15	
28	267.5	11.25	
28	280	7.5	
28	285	6.25	
28	292.5	3.75	
28	293.75	2.5	
28	296.25	0	
28	300	0	
28	300	0	
28	301.25	-1.25	
28	302.5	-1.25	
28	302.5	-3.75	
28	305	-3.75	
28	305	-3.75	
28	310	-7.5	
28	311.25	-7.5	
29	0	0	
29	0	0	
29	0	0	
29	0	0	
29	0	0	
29	0	0	
29	0	0	
29	0	0	
29	0	0	
29	0	0	
29	0	0	
29	0	0	
29	0	0	
29	0	0	
29	0	0	
29	0	0	
29	0	0	
29	0	0	
29	0	0	
29	0	0	
29	0	0	
29	0	0	
29	0	0	
29	0	0	
29	0	0	
29	3.75	-1.25	
29	7.5	-1.25	
29	12.5	-1.25	
29	17.5	-1.25	
29	33.75	0	
29	66.25	3.75	
29	78.75	6.25	
29	92.5	6.25	
29	107.5	7.5	
29	126.25	7.5	
29	163.75	7.5	
29	197.5	11.25	
29	213.75	11.25	
29	228.75	11.25	
29	242.5	13.75	
29	292.5	17.5	
29	302.5	17.5	
29	311.25	17.5	
29	318.75	17.5	
29	330	17.5	
29	336.25	17.5	
29	340	17.5	
29	341.25	17.5	
29	342.5	17.5	
29	342.5	17.5	
29	343.75	17.5	
29	343.75	17.5	
29	343.75	17.5	
29	345	15	
29	347.5	15	
29	348.75	13.75	
29	348.75	13.75	
29	348.75	13.75	
29	348.75	13.75	
29	348.75	13.75	
29	348.75	13.75	
29	348.75	13.75	
29	348.75	13.75	
29	348.75	13.75	
29	348.75	13.75	
29	348.75	13.75	
29	348.75	13.75	
29	348.75	13.75	
29	348.75	13.75	
29	348.75	13.75	
29	348.75	13.75	
29	348.75	13.75	
29	348.75	13.75	
29	348.75	13.75	
30	0	0	
30	0	0	
30	0	0	
30	0	0	
30	0	0	
30	0	0	
30	0	0	
30	0	0	
30	0	0	
30	0	0	
30	0	0	
30	0	0	
30	0	0	
30	0	0	
30	0	0	
30	0	0	
30	0	0	
30	0	0	
30	0	0	
30	0	0	
30	0	0	
30	1.25	-1.25	
30	3.75	-3.75	
30	6.25	-3.75	
30	12.5	-3.75	
30	23.75	-3.75	
30	40	0	
30	51.25	2.5	
30	62.5	3.75	
30	91.25	7.5	
30	123.75	7.5	
30	138.75	7.5	
30	171.25	7.5	
30	171.25	7.5	
30	208.75	7.5	
30	242.5	6.25	
30	273.75	7.5	
30	288.75	7.5	
30	303.75	7.5	
30	328.75	11.25	
30	340	11.25	
30	340	11.25	
30	340	11.25	
30	340	11.25	
30	340	11.25	
30	340	11.25	
30	340	11.25	
30	340	11.25	
30	340	11.25	
30	340	11.25	
30	340	11.25	
30	340	11.25	
30	340	11.25	
30	340	11.25	
30	340	11.25	
30	340	11.25	
30	340	11.25	
30	340	11.25	
30	340	11.25	
30	340	11.25	
30	340	11.25	
30	340	11.25	
30	340	11.25	
30	340	11.25	
30	340	11.25	
30	340	11.25	
30	340	11.25	
30	340	11.25	
30	340	11.25	
30	340	11.25	
30	340	11.25	
30	340	11.25	
30	340	11.25	
30	340	11.25	
31	0	0	
31	0	0	
31	0	0	
31	0	0	
31	0	0	
31	0	0	
31	0	0	
31	0	0	
31	0	0	
31	0	0	
31	0	0	
31	0	0	
31	0	0	
31	0	0	
31	0	0	
31	0	0	
31	0	0	
31	0	0	
31	0	0	
31	0	0	
31	0	-2.5	
31	0	-2.5	
31	1.25	-2.5	
31	2.5	-6.25	
31	6.25	-6.25	
31	12.5	-10	
31	20	-11.25	
31	40	-15	
31	40	-15	
31	55	-17.5	
31	102.5	-18.75	
31	118.75	-21.25	
31	147.5	-28.75	
31	163.75	-32.5	
31	178.75	-36.25	
31	207.5	-41.25	
31	235	-43.75	
31	262.5	-43.75	
31	275	-43.75	
31	287.5	-43.75	
31	313.75	-41.25	
31	333.75	-40	
31	342.5	-37.5	
31	342.5	-37.5	
31	342.5	-37.5	
31	342.5	-37.5	
31	342.5	-37.5	
31	342.5	-37.5	
31	342.5	-37.5	
31	342.5	-37.5	
31	342.5	-37.5	
31	342.5	-37.5	
31	342.5	-37.5	
31	342.5	-37.5	
31	342.5	-37.5	
31	342.5	-37.5	
31	342.5	-37.5	
31	342.5	-37.5	
31	342.5	-37.5	
31	342.5	-37.5	
31	342.5	-37.5	
31	342.5	-37.5	
31	342.5	-37.5	
31	342.5	-37.5	
31	342.5	-37.5	
31	342.5	-37.5	
31	342.5	-37.5	
31	342.5	-37.5	
31	342.5	-37.5	
31	342.5	-37.5	
31	342.5	-37.5	
31	342.5	-37.5	
31	342.5	-37.5	
31	342.5	-37.5	
32	0	0	
32	0	0	
32	0	0	
32	0	0	
32	0	0	
32	0	0	
32	0	0	
32	0	0	
32	0	0	
32	0	0	
32	0	0	
32	0	0	
32	0	0	
32	0	0	
32	0	0	
32	0	0	
32	0	0	
32	0	0	
32	0	0	
32	0	0	
32	0	0	
32	0	0	
32	0	0	
32	0	0	
32	0	0	
32	0	0	
32	1.25	0	
32	3.75	-2.5	
32	6.25	-2.5	
32	10	-2.5	
32	27.5	-6.25	
32	46.25	-6.25	
32	56.25	-6.25	
32	67.5	-7.5	
32	78.75	-7.5	
32	115	-10	
32	127.5	-10	
32	156.25	-6.25	
32	171.25	-6.25	
32	186.25	-3.75	
32	226.25	1.25	
32	248.75	5	
32	258.75	8.75	
32	267.5	8.75	
32	275	11.25	
32	293.75	12.5	
32	298.75	15	
32	306.25	15	
32	310	15	
32	315	12.5	
32	320	12.5	
32	323.75	11.25	
32	326.25	8.75	
32	326.25	11.25	
32	328.75	8.75	
32	335	7.5	
32	337.5	5	
32	338.75	5	
32	340	5	
32	341.25	5	
32	342.5	5	
32	342.5	5	
32	342.5	5	
32	342.5	5	
32	342.5	5	
32	342.5	5	
32	342.5	5	
32	342.5	5	
32	343.75	5	
32	343.75	5	
32	343.75	5	
32	343.75	5	
32	343.75	5	
32	343.75	5	
33	0	0	
33	0	0	
33	0	0	
33	0	0	
33	0	0	
33	0	0	
33	0	0	
33	0	0	
33	0	0	
33	0	0	
33	0	0	
33	0	0	
33	0	0	
33	0	0	
33	0	0	
33	0	0	
33	0	0	
33	0	0	
33	0	0	
33	0	0	
33	0	-2.5	
33	1.25	-2.5	
33	3.75	-2.5	
33	6.25	-3.75	
33	11.25	-3.75	
33	18.75	-6.25	
33	30	-6.25	
33	36.25	-6.25	
33	45	-6.25	
33	53.75	-6.25	
33	86.25	-6.25	
33	96.25	-6.25	
33	118.75	-2.5	
33	130	-2.5	
33	142.5	0	
33	166.25	0	
33	178.75	0	
33	205	-2.5	
33	218.75	-3.75	
33	232.5	-6.25	
33	275	-10	
33	288.75	-13.75	
33	315	-15	
33	326.25	-17.5	
33	345	-17.5	
33	345	-17.5	
33	345	-17.5	
33	345	-17.5	
33	345	-17.5	
33	345	-17.5	
33	345	-17.5	
33	345	-17.5	
33	345	-17.5	
33	345	-17.5	
33	345	-17.5	
33	345	-17.5	
33	345	-17.5	
33	345	-17.5	
33	345	-17.5	
33	345	-17.5	
33	345	-17.5	
33	345	-17.5	
33	345	-17.5	
33	345	-17.5	
33	345	-17.5	
33	345	-17.5	
33	345	-17.5	
33	345	-17.5	
33	345	-17.5	
33	345	-17.5	
33	345	-17.5	
33	345	-17.5	
33	345	-17.5	
33	345	-17.5	
34	0	0	
34	0	0	
34	0	0	
34	0	0	
34	0	0	
34	0	0	
34	0	0	
34	0	0	
34	0	0	
34	0	0	
34	0	0	
34	0	0	
34	0	0	
34	0	0	
34	0	0	
34	0	0	
34	0	0	
34	0	0	
34	0	0	
34	0	0	
34	0	0	
34	0	0	
34	1.25	0	
34	5	-3.75	
34	7.5	-3.75	
34	22.5	-7.5	
34	30	-8.75	
34	40	-8.75	
34	40	-8.75	
34	81.25	-7.5	
34	125	-5	
34	146.25	-3.75	
34	187.5	-3.75	
34	207.5	-3.75	
34	226.25	-3.75	
34	277.5	-1.25	
34	307.5	0	
34	321.25	2.5	
34	333.75	3.75	
34	345	3.75	
34	345	3.75	
34	345	3.75	
34	345	3.75	
34	345	3.75	
34	345	3.75	
34	345	3.75	
34	345	3.75	
34	345	3.75	
34	345	3.75	
34	345	3.75	
34	345	3.75	
34	345	3.75	
34	345	3.75	
34	345	3.75	
34	345	3.75	
34	345	3.75	
34	345	3.75	
34	345	3.75	
34	345	3.75	
34	345	3.75	
34	345	3.75	
34	345	3.75	
34	345	3.75	
34	345	3.75	
34	345	3.75	
34	345	3.75	
34	345	3.75	
34	345	3.75	
34	345	3.75	
34	345	3.75	
34	345	3.75	
34	345	3.75	
34	345	3.75	
34	345	3.75	
35	0	0	
35	0	0	
35	0	0	
35	0	0	
35	0	0	
35	0	0	
35	0	0	
35	0	0	
35	0	0	
35	0	0	
35	0	0	
35	0	0	
35	0	0	
35	0	0	
35	0	0	
35	0	0	
35	0	0	
35	0	0	
35	0	0	
35	0	0	
35	0	0	
35	0	0	
35	0	0	
35	0	0	
35	0	0	
35	0	0	
35	0	0	
35	0	0	
35	0	0	
35	0	0	
35	0	0	
35	0	0	
35	0	0	
35	0	0	
35	0	0	
35	1.25	-1.25	
35	3.75	-1.25	
35	11.25	-5	
35	28.75	-7.5	
35	40	-7.5	
35	67.5	-5	
35	97.5	-1.25	
35	113.75	0	
35	130	0	
35	147.5	0	
35	200	-3.75	
35	217.5	-5	
35	253.75	-7.5	
35	271.25	-8.75	
35	305	-11.25	
35	336.25	-11.25	
35	336.25	-11.25	
35	336.25	-11.25	
35	336.25	-11.25	
35	336.25	-11.25	
35	336.25	-11.25	
35	336.25	-11.25	
35	336.25	-11.25	
35	336.25	-11.25	
35	336.25	-11.25	
35	336.25	-11.25	
35	336.25	-11.25	
35	336.25	-11.25	
35	336.25	-11.25	
35	336.25	-11.25	
35	336.25	-11.25	
35	336.25	-11.25	
35	336.25	-11.25	
35	336.25	-11.25	
35	336.25	-11.25	
35	336.25	-11.25	
35	336.25	-11.25	
35	336.25	-11.25	
35	336.25	-11.25	
36	0	0	
36	-21.25	2.5	
36	-61.25	6.25	
36	-78.75	7.5	
36	-120	10	
36	-131.25	7.5	
36	-140	7.5	
36	-148.75	3.75	
36	-156.25	0	
36	-168.75	-3.75	
36	-176.25	-7.5	
36	-182.5	-11.25	
36	-185	-11.25	
36	-187.5	-12.5	
36	-188.75	-15	
36	-188.75	-15	
36	-188.75	-15	
36	-188.75	-15	
36	-188.75	-15	
36	-188.75	-15	
36	-188.75	-15	
36	-188.75	-15	
36	-188.75	-15	
36	-188.75	-15	
36	-188.75	-15	
36	-188.75	-15	
36	-188.75	-15	
36	-188.75	-15	
36	-188.75	-15	
36	-188.75	-15	
36	-188.75	-15	
36	-188.75	-15	
36	-187.5	-15	
36	-183.75	-15	
36	-180	-15	
36	-166.25	-16.25	
36	-143.75	-18.75	
36	-143.75	-18.75	
36	-120	-18.75	
36	-93.75	-18.75	
36	-17.5	-5	
36	22.5	2.5	
36	33.75	3.75	
36	43.75	3.75	
36	56.25	3.75	
36	63.75	2.5	
36	66.25	0	
36	67.5	0	
36	68.75	0	
36	70	0	
36	70	0	
36	70	0	
36	70	0	
36	70	0	
36	70	0	
36	70	0	
36	70	0	
36	70	0	
36	70	0	
36	70	0	
36	70	0	
36	70	0	
36	70	0	
36	70	0	
36	70	0	
36	70	0	
36	70	0	
36	70	0	
36	70	0	
36	70	0	
36	70	0	
36	70	0	
36	70	0	
36	70	0	
37	0	0	
37	0	0	
37	0	0	
37	0	0	
37	0	0	
37	0	0	
37	0	0	
37	0	0	
37	0	0	
37	0	0	
37	0	0	
37	0	0	
37	0	0	
37	0	0	
37	0	0	
37	0	0	
37	0	0	
37	0	0	
37	0	0	
37	0	0	
37	0	0	
37	0	0	
37	0	0	
37	0	0	
37	0	0	
37	0	0	
37	0	0	
37	0	0	
37	0	0	
37	0	0	
37	0	0	
37	0	0	
37	0	0	
37	1.25	-1.25	
37	6.25	-5	
37	16.25	-5	
37	32.5	-6.25	
37	43.75	-6.25	
37	56.25	-6.25	
37	70	-5	
37	111.25	-5	
37	131.25	-5	
37	153.75	-6.25	
37	178.75	-8.75	
37	227.5	-13.75	
37	293.75	-20	
37	312.5	-20	
37	330	-20	
37	330	-20	
37	330	-20	
37	330	-20	
37	330	-20	
37	330	-20	
37	330	-20	
37	330	-20	
37	330	-20	
37	330	-20	
37	330	-20	
37	330	-20	
37	330	-20	
37	330	-20	
37	330	-20	
37	330	-20	
37	330	-20	
37	330	-20	
37	330	-20	
37	330	-20	
37	330	-20	
37	330	-20	
37	330	-20	
37	330	-20	
37	330	-20	
37	330	-20	
37	330	-20	
38	0	0	
38	0	0	
38	0	0	
38	0	0	
38	0	0	
38	0	0	
38	0	0	
38	0	0	
38	0	0	
38	0	0	
38	0	0	
38	0	0	
38	0	0	
38	0	0	
38	0	0	
38	-6.25	-1.25	
38	-6.25	-1.25	
38	-6.25	-1.25	
38	-6.25	-1.25	
38	-6.25	-1.25	
38	-6.25	-1.25	
38	-6.25	-1.25	
38	-6.25	-1.25	
38	-6.25	-1.25	
38	-6.25	-1.25	
38	-6.25	-1.25	
38	-6.25	-1.25	
38	-6.25	-1.25	
38	-6.25	-1.25	
38	-6.25	-1.25	
38	-6.25	-1.25	
38	-6.25	-1.25	
38	2.5	-1.25	
38	15	-3.75	
38	22.5	-3.75	
38	43.75	-11.25	
38	68.75	-18.75	
38	98.75	-27.5	
38	116.25	-31.25	
38	135	-35	
38	195	-46.25	
38	215	-46.25	
38	233.75	-46.25	
38	251.25	-46.25	
38	282.5	-43.75	
38	305	-43.75	
38	320	-46.25	
38	327.5	-46.25	
38	335	-47.5	
38	338.75	-47.5	
38	346.25	-50	
38	346.25	-50	
38	346.25	-50	
38	346.25	-50	
38	346.25	-50	
38	346.25	-50	
38	346.25	-50	
38	346.25	-50	
38	346.25	-50	
38	346.25	-50	
38	346.25	-50	
38	346.25	-50	
38	346.25	-50	
38	346.25	-50	
38	346.25	-50	
38	346.25	-50	
38	346.25	-50	
38	346.25	-50	
38	346.25	-50	
38	346.25	-50	
38	346.25	-50	
38	346.25	-50	
38	346.25	-50	
38	346.25	-50	
39	0	0	
39	0	0	
39	0	0	
39	0	0	
39	0	0	
39	0	0	
39	0	0	
39	0	0	
39	0	0	
39	0	0	
39	0	0	
39	0	0	
39	0	0	
39	0	0	
39	0	0	
39	0	0	
39	0	0	
39	0	0	
39	0	0	
39	0	0	
39	0	0	
39	0	0	
39	0	0	
39	0	0	
39	1.25	0	
39	12.5	-1.25	
39	12.5	-1.25	
39	33.75	0	
39	48.75	0	
39	65	3.75	
39	130	0	
39	155	-7.5	
39	180	-15	
39	210	-26.25	
39	236.25	-35	
39	283.75	-50	
39	322.5	-53.75	
39	340	-51.25	
39	340	-51.25	
39	340	-51.25	
39	340	-51.25	
39	340	-51.25	
39	340	-51.25	
39	340	-51.25	
39	340	-51.25	
39	340	-51.25	
39	340	-51.25	
39	340	-51.25	
39	340	-51.25	
39	340	-51.25	
39	340	-51.25	
39	340	-51.25	
39	340	-51.25	
39	340	-51.25	
39	340	-51.25	
39	340	-51.25	
39	340	-51.25	
39	340	-51.25	
39	340	-51.25	
39	340	-51.25	
39	340	-51.25	
39	340	-51.25	
39	340	-51.25	
39	340	-51.25	
39	340	-51.25	
39	340	-51.25	
39	340	-51.25	
39	340	-51.25	
39	340	-51.25	
39	340	-51.25	
39	340	-51.25	
39	340	-51.25	
39	340	-51.25	
39	340	-51.25	
40	0	0	
40	0	0	
40	0	0	
40	0	0	
40	0	0	
40	0	0	
40	0	0	
40	0	0	
40	0	0	
40	0	0	
40	0	0	
40	0	0	
40	0	0	
40	0	0	
40	0	0	
40	0	0	
40	0	0	
40	0	0	
40	0	0	
40	0	0	
40	0	0	
40	0	0	
40	0	0	
40	0	0	
40	0	0	
40	0	0	
40	0	0	
40	0	0	
40	0	0	
40	0	0	
40	0	0	
40	0	0	
40	0	0	
40	0	0	
40	0	0	
40	2.5	-2.5	
40	8.75	-6.25	
40	13.75	-10	
40	20	-13.75	
40	28.75	-17.5	
40	60	-25	
40	72.5	-28.75	
40	100	-36.25	
40	115	-40	
40	148.75	-51.25	
40	185	-66.25	
40	203.75	-71.25	
40	238.75	-82.5	
40	255	-86.25	
40	270	-90	
40	303.75	-97.5	
40	318.75	-101.25	
40	323.75	-101.25	
40	327.5	-102.5	
40	332.5	-105	
40	333.75	-105	
40	333.75	-105	
40	333.75	-105	
40	333.75	-105	
40	333.75	-105	
40	333.75	-105	
40	333.75	-105	
40	333.75	-105	
40	333.75	-105	
40	333.75	-105	
40	333.75	-105	
40	333.75	-105	
40	333.75	-105	
40	333.75	-105	
40	333.75	-105	
40	333.75	-105	
40	333.75	-105	
40	333.75	-105	
40	333.75	-105	
41	0	0	
41	0	0	
41	0	0	
41	0	0	
41	0	0	
41	0	0	
41	0	0	
41	0	0	
41	0	0	
41	0	0	
41	0	0	
41	0	0	
41	0	0	
41	0	0	
41	0	0	
41	0	0	
41	0	0	
41	0	0	
41	0	0	
41	0	0	
41	0	0	
41	0	0	
41	0	0	
41	0	0	
41	0	0	
41	0	0	
41	0	0	
41	2.5	0	
41	5	2.5	
41	8.75	3.75	
41	21.25	11.25	
41	27.5	13.75	
41	32.5	15	
41	45	15	
41	52.5	15	
41	80	3.75	
41	90	-3.75	
41	107.5	-11.25	
41	125	-20	
41	141.25	-26.25	
41	176.25	-38.75	
41	195	-45	
41	226.25	-52.5	
41	240	-56.25	
41	250	-60	
41	272.5	-67.5	
41	281.25	-71.25	
41	283.75	-71.25	
41	286.25	-72.5	
41	288.75	-76.25	
41	292.5	-80	
41	292.5	-80	
41	293.75	-80	
41	293.75	-80	
41	293.75	-80	
41	293.75	-80	
41	293.75	-80	
41	293.75	-80	
41	295	-81.25	
41	295	-81.25	
41	295	-81.25	
41	295	-81.25	
41	295	-81.25	
41	295	-81.25	
41	296.25	-80	
41	301.25	-77.5	
41	306.25	-71.25	
41	306.25	-71.25	
41	306.25	-71.25	
41	306.25	-71.25	
41	306.25	-71.25	
41	306.25	-71.25	
41	306.25	-71.25	
41	306.25	-71.25	
42	0	0	
42	0	1.25	
42	0	1.25	
42	0	0	
42	0	1.25	
42	0	0	
42	0	1.25	
42	0	1.25	
42	0	0	
42	0	0	
42	0	0	
42	0	0	
42	0	0	
42	0	0	
42	0	0	
42	0	0	
42	0	0	
42	0	0	
42	0	0	
42	0	0	
42	0	0	
42	0	0	
42	0	0	
42	0	0	
42	0	0	
42	0	0	
42	0	0	
42	0	0	
42	0	0	
42	1.25	0	
42	3.75	-2.5	
42	6.25	-2.5	
42	10	-3.75	
42	15	-6.25	
42	22.5	-10	
42	52.5	-21.25	
42	63.75	-25	
42	80	-28.75	
42	111.25	-33.75	
42	126.25	-37.5	
42	153.75	-41.25	
42	180	-47.5	
42	192.5	-47.5	
42	203.75	-51.25	
42	225	-52.5	
42	243.75	-56.25	
42	251.25	-58.75	
42	266.25	-62.5	
42	280	-66.25	
42	285	-67.5	
42	295	-70	
42	303.75	-67.5	
42	306.25	-70	
42	308.75	-67.5	
42	313.75	-67.5	
42	316.25	-70	
42	318.75	-67.5	
42	322.5	-67.5	
42	326.25	-66.25	
42	328.75	-66.25	
42	333.75	-62.5	
42	342.5	-58.75	
42	342.5	-58.75	
42	342.5	-58.75	
42	342.5	-58.75	
42	342.5	-58.75	
42	342.5	-58.75	
42	342.5	-58.75	
42	342.5	-58.75	
42	342.5	-58.75	
42	342.5	-58.75	
42	342.5	-58.75	
42	342.5	-58.75	
42	342.5	-58.75	
43	0	0	
43	0	0	
43	0	0	
43	0	0	
43	0	0	
43	0	0	
43	0	0	
43	0	0	
43	0	0	
43	0	0	
43	0	0	
43	0	0	
43	0	0	
43	0	0	
43	0	0	
43	0	0	
43	0	0	
43	0	0	
43	0	0	
43	0	0	
43	0	0	
43	0	0	
43	0	0	
43	0	0	
43	0	0	
43	0	0	
43	0	0	
43	0	0	
43	0	0	
43	1.25	0	
43	5	-3.75	
43	11.25	-7.5	
43	16.25	-7.5	
43	27.5	-11.25	
43	33.75	-15	
43	57.5	-18.75	
43	66.25	-22.5	
43	76.25	-22.5	
43	85	-26.25	
43	105	-26.25	
43	123.75	-26.25	
43	141.25	-26.25	
43	148.75	-26.25	
43	163.75	-26.25	
43	171.25	-26.25	
43	185	-26.25	
43	193.75	-27.5	
43	201.25	-30	
43	208.75	-31.25	
43	223.75	-35	
43	243.75	-41.25	
43	250	-42.5	
43	256.25	-45	
43	262.5	-48.75	
43	270	-50	
43	288.75	-56.25	
43	295	-57.5	
43	300	-60	
43	303.75	-60	
43	312.5	-60	
43	320	-60	
43	322.5	-60	
43	325	-60	
43	328.75	-57.5	
43	330	-57.5	
43	336.25	-57.5	
43	337.5	-57.5	
43	338.75	-60	
43	340	-60	
43	342.5	-60	
43	343.75	-60	
43	343.75	-60	
43	343.75	-60	
43	343.75	-60	
44	0	0	
44	0	0	
44	0	0	
44	0	0	
44	0	0	
44	0	0	
44	0	0	
44	0	0	
44	0	0	
44	0	0	
44	0	0	
44	0	0	
44	0	0	
44	0	0	
44	0	0	
44	0	0	
44	0	0	
44	0	0	
44	0	0	
44	0	0	
44	0	0	
44	0	0	
44	-1.25	0	
44	-1.25	0	
44	-1.25	0	
44	-1.25	0	
44	-1.25	0	
44	-1.25	0	
44	0	0	
44	2.5	0	
44	13.75	-3.75	
44	21.25	-5	
44	38.75	-7.5	
44	50	-7.5	
44	72.5	-8.75	
44	95	-12.5	
44	105	-13.75	
44	115	-16.25	
44	133.75	-20	
44	142.5	-20	
44	157.5	-21.25	
44	172.5	-23.75	
44	178.75	-21.25	
44	185	-21.25	
44	192.5	-20	
44	212.5	-21.25	
44	218.75	-23.75	
44	230	-23.75	
44	236.25	-25	
44	241.25	-25	
44	258.75	-25	
44	263.75	-27.5	
44	268.75	-27.5	
44	278.75	-27.5	
44	282.5	-27.5	
44	295	-25	
44	298.75	-27.5	
44	302.5	-27.5	
44	312.5	-25	
44	317.5	-27.5	
44	331.25	-23.75	
44	336.25	-23.75	
44	341.25	-23.75	
44	348.75	-21.25	
44	348.75	-21.25	
44	348.75	-21.25	
44	348.75	-21.25	
44	348.75	-21.25	
44	348.75	-21.25	
44	348.75	-21.25	
44	348.75	-21.25	
44	348.75	-21.25	
44	348.75	-21.25	
44	348.75	-21.25	
45	0	0	
45	0	0	
45	0	0	
45	0	0	
45	0	0	
45	0	0	
45	0	0	
45	0	0	
45	0	0	
45	0	0	
45	0	0	
45	0	0	
45	0	0	
45	0	0	
45	0	0	
45	0	0	
45	0	0	
45	0	0	
45	0	0	
45	0	0	
45	0	0	
45	0	0	
45	0	0	
45	0	0	
45	0	0	
45	0	0	
45	0	0	
45	0	0	
45	0	0	
45	0	0	
45	0	0	
45	0	0	
45	0	0	
45	0	0	
45	-5	-1.25	
45	6.25	-7.5	
45	11.25	-10	
45	28.75	-13.75	
45	38.75	-15	
45	63.75	-18.75	
45	92.5	-20	
45	123.75	-23.75	
45	140	-26.25	
45	157.5	-27.5	
45	175	-30	
45	227.5	-33.75	
45	243.75	-33.75	
45	272.5	-37.5	
45	286.25	-37.5	
45	308.75	-38.75	
45	326.25	-41.25	
45	337.5	-41.25	
45	341.25	-41.25	
45	345	-41.25	
45	347.5	-41.25	
45	347.5	-41.25	
45	347.5	-41.25	
45	347.5	-41.25	
45	347.5	-41.25	
45	347.5	-41.25	
45	347.5	-41.25	
45	347.5	-41.25	
45	347.5	-41.25	
45	347.5	-41.25	
45	347.5	-41.25	
45	347.5	-41.25	
45	347.5	-41.25	
45	347.5	-41.25	
45	347.5	-41.25	
45	347.5	-41.25	
45	347.5	-41.25	
45	347.5	-41.25	
45	347.5	-41.25	
45	347.5	-41.25	
46	0	0	
46	0	0	
46	0	0	
46	0	0	
46	0	0	
46	0	0	
46	0	0	
46	0	0	
46	0	0	
46	0	0	
46	0	0	
46	0	0	
46	0	0	
46	0	0	
46	0	0	
46	0	0	
46	0	0	
46	0	0	
46	0	0	
46	0	0	
46	0	0	
46	0	0	
46	0	0	
46	0	0	
46	0	0	
46	2.5	0	
46	5	0	
46	7.5	0	
46	10	0	
46	13.75	0	
46	31.25	0	
46	37.5	0	
46	43.75	0	
46	50	0	
46	63.75	0	
46	77.5	0	
46	92.5	-1.25	
46	92.5	-1.25	
46	103.75	-3.75	
46	116.25	-3.75	
46	143.75	-5	
46	155	-3.75	
46	177.5	-3.75	
46	188.75	-3.75	
46	198.75	-3.75	
46	222.5	-1.25	
46	230	-1.25	
46	236.25	-1.25	
46	250	-3.75	
46	261.25	-3.75	
46	271.25	-3.75	
46	275	-3.75	
46	281.25	-3.75	
46	285	-3.75	
46	287.5	-3.75	
46	296.25	-3.75	
46	300	-3.75	
46	302.5	-5	
46	305	-7.5	
46	312.5	-7.5	
46	318.75	-7.5	
46	323.75	-7.5	
46	323.75	-7.5	
46	326.25	-7.5	
46	330	-7.5	
46	337.5	-7.5	
46	340	-7.5	
46	341.25	-8.75	
46	345	-8.75	
46	346.25	-8.75	
46	347.5	-11.25	
46	347.5	-11.25	
46	347.5	-11.25	
46	347.5	-11.25	
47	0	0	
47	0	0	
47	0	0	
47	0	0	
47	0	0	
47	0	0	
47	0	0	
47	0	0	
47	0	0	
47	0	0	
47	0	0	
47	0	0	
47	0	0	
47	0	0	
47	0	0	
47	0	0	
47	0	0	
47	0	0	
47	0	0	
47	0	0	
47	0	-1.25	
47	0	-1.25	
47	0	-1.25	
47	0	-1.25	
47	0	-1.25	
47	0	-1.25	
47	18.75	0	
47	22.5	2.5	
47	27.5	2.5	
47	32.5	3.75	
47	48.75	7.5	
47	55	8.75	
47	67.5	11.25	
47	75	12.5	
47	88.75	12.5	
47	106.25	8.75	
47	125	3.75	
47	125	3.75	
47	138.75	2.5	
47	165	-1.25	
47	190	-3.75	
47	202.5	-3.75	
47	226.25	-1.25	
47	247.5	-1.25	
47	256.25	0	
47	271.25	0	
47	282.5	2.5	
47	286.25	3.75	
47	290	3.75	
47	295	3.75	
47	298.75	2.5	
47	301.25	2.5	
47	303.75	2.5	
47	306.25	0	
47	307.5	0	
47	310	-3.75	
47	313.75	-5	
47	315	-7.5	
47	316.25	-7.5	
47	317.5	-7.5	
47	318.75	-7.5	
47	318.75	-8.75	
47	318.75	-8.75	
47	320	-8.75	
47	320	-8.75	
47	320	-11.25	
47	320	-11.25	
47	320	-11.25	
47	320	-11.25	
47	320	-11.25	
47	320	-11.25	
47	320	-11.25	
47	320	-11.25	
47	320	-11.25	
48	0	0	
48	0	0	
48	0	0	
48	0	0	
48	0	0	
48	0	0	
48	0	0	
48	0	0	
48	0	0	
48	0	0	
48	0	0	
48	0	0	
48	0	0	
48	0	0	
48	0	0	
48	0	0	
48	0	0	
48	0	0	
48	0	0	
48	0	0	
48	0	0	
48	0	0	
48	0	0	
48	0	0	
48	0	0	
48	0	0	
48	0	0	
48	0	0	
48	0	0	
48	0	0	
48	1.25	0	
48	2.5	2.5	
48	5	2.5	
48	7.5	3.75	
48	15	3.75	
48	32.5	11.25	
48	41.25	13.75	
48	48.75	15	
48	65	18.75	
48	75	21.25	
48	103.75	22.5	
48	103.75	22.5	
48	127.5	22.5	
48	138.75	18.75	
48	151.25	18.75	
48	183.75	11.25	
48	206.25	3.75	
48	217.5	2.5	
48	228.75	0	
48	240	-3.75	
48	273.75	-11.25	
48	285	-12.5	
48	302.5	-15	
48	312.5	-15	
48	318.75	-15	
48	336.25	-15	
48	342.5	-15	
48	346.25	-15	
48	347.5	-15	
48	347.5	-15	
48	347.5	-15	
48	347.5	-15	
48	347.5	-15	
48	347.5	-15	
48	347.5	-15	
48	347.5	-15	
48	347.5	-15	
48	347.5	-15	
48	347.5	-15	
48	347.5	-15	
48	347.5	-15	
48	347.5	-15	
48	347.5	-15	
48	347.5	-15	
49	0	0	
49	0	0	
49	0	0	
49	0	0	
49	0	0	
49	0	0	
49	0	0	
49	0	0	
49	0	0	
49	0	0	
49	0	0	
49	0	0	
49	0	-2.5	
49	0	-2.5	
49	0	-2.5	
49	0	-2.5	
49	0	-2.5	
49	0	-2.5	
49	0	-2.5	
49	0	-2.5	
49	0	-2.5	
49	0	-2.5	
49	0	-2.5	
49	1.25	-2.5	
49	2.5	-3.75	
49	12.5	-6.25	
49	16.25	-7.5	
49	22.5	-7.5	
49	28.75	-7.5	
49	42.5	-7.5	
49	66.25	-6.25	
49	73.75	-6.25	
49	87.5	-6.25	
49	93.75	-6.25	
49	101.25	-6.25	
49	123.75	-6.25	
49	131.25	-7.5	
49	141.25	-7.5	
49	150	-7.5	
49	167.5	-10	
49	193.75	-10	
49	202.5	-10	
49	210	-10	
49	225	-10	
49	231.25	-11.25	
49	252.5	-16.25	
49	260	-18.75	
49	266.25	-18.75	
49	272.5	-22.5	
49	286.25	-23.75	
49	300	-26.25	
49	303.75	-27.5	
49	307.5	-30	
49	313.75	-30	
49	316.25	-31.25	
49	320	-33.75	
49	321.25	-33.75	
49	321.25	-33.75	
49	321.25	-33.75	
49	321.25	-33.75	
49	321.25	-33.75	
49	322.5	-33.75	
49	322.5	-33.75	
49	322.5	-33.75	
49	322.5	-33.75	
49	322.5	-33.75	
49	322.5	-33.75	
49	323.75	-33.75	
49	323.75	-33.75	
49	325	-35	
49	325	-35	
49	325	-35	
49	325	-35	
49	325	-33.75	
50	0	0	
50	0	0	
50	0	0	
50	0	0	
50	0	0	
50	0	0	
50	0	0	
50	0	0	
50	0	0	
50	0	0	
50	0	0	
50	0	0	
50	0	0	
50	0	0	
50	0	0	
50	0	0	
50	0	0	
50	0	0	
50	0	0	
50	0	0	
50	0	0	
50	0	0	
50	0	0	
50	0	0	
50	0	0	
50	0	0	
50	0	0	
50	0	0	
50	0	0	
50	0	0	
50	0	0	
50	0	0	
50	0	0	
50	0	0	
50	0	0	
50	0	0	
50	0	-2.5	
50	0	-2.5	
50	1.25	-6.25	
50	2.5	-7.5	
50	6.25	-15	
50	8.75	-18.75	
50	10	-18.75	
50	11.25	-20	
50	12.5	-22.5	
50	13.75	-22.5	
50	16.25	-23.75	
50	18.75	-26.25	
50	20	-26.25	
50	23.75	-30	
50	35	-35	
50	40	-37.5	
50	52.5	-46.25	
50	58.75	-50	
50	58.75	-50	
50	86.25	-67.5	
50	95	-71.25	
50	103.75	-76.25	
50	125	-83.75	
50	135	-87.5	
50	163.75	-97.5	
50	171.25	-101.25	
50	186.25	-105	
50	192.5	-106.25	
50	197.5	-108.75	
50	206.25	-112.5	
50	208.75	-112.5	
50	210	-112.5	
50	212.5	-112.5	
50	213.75	-112.5	
50	215	-113.75	
50	216.25	-113.75	
50	217.5	-113.75	
50	217.5	-113.75	
51	0	0	
51	0	0	
51	0	0	
51	0	0	
51	0	0	
51	0	0	
51	0	0	
51	0	0	
51	0	0	
51	0	0	
51	0	0	
51	0	0	
51	0	0	
51	-1.25	0	
51	-1.25	0	
51	-1.25	1.25	
51	-1.25	1.25	
51	-1.25	1.25	
51	-1.25	1.25	
51	-1.25	1.25	
51	-1.25	1.25	
51	-1.25	0	
51	-2.5	1.25	
51	-2.5	1.25	
51	-2.5	0	
51	-2.5	0	
51	-2.5	0	
51	-2.5	0	
51	-2.5	0	
51	-2.5	0	
51	-2.5	0	
51	-2.5	0	
51	-2.5	0	
51	-2.5	0	
51	-2.5	0	
51	-2.5	0	
51	-2.5	0	
51	-2.5	0	
51	-2.5	0	
51	-2.5	0	
51	0	1.25	
51	2.5	1.25	
51	6.25	1.25	
51	16.25	1.25	
51	16.25	1.25	
51	43.75	1.25	
51	53.75	1.25	
51	63.75	0	
51	72.5	-2.5	
51	81.25	-6.25	
51	107.5	-17.5	
51	116.25	-21.25	
51	135	-28.75	
51	143.75	-32.5	
51	162.5	-36.25	
51	182.5	-41.25	
51	205	-42.5	
51	217.5	-45	
51	217.5	-45	
51	231.25	-45	
51	262.5	-46.25	
51	278.75	-46.25	
51	278.75	-46.25	
51	295	-48.75	
51	322.5	-48.75	
51	343.75	-50	
51	343.75	-50	
51	343.75	-50	
51	343.75	-50	
51	343.75	-50	
51	343.75	-50	
51	343.75	-50	
51	343.75	-50	
51	343.75	-50	
52	0	0	
52	0	0	
52	0	0	
52	0	0	
52	0	0	
52	0	0	
52	-1.25	0	
52	-1.25	0	
52	-1.25	0	
52	-1.25	0	
52	-1.25	0	
52	-1.25	0	
52	-1.25	0	
52	-1.25	0	
52	-1.25	0	
52	-1.25	0	
52	-1.25	0	
52	-1.25	0	
52	-1.25	0	
52	-1.25	0	
52	-1.25	0	
52	-1.25	0	
52	-1.25	0	
52	-1.25	0	
52	-1.25	0	
52	1.25	0	
52	5	0	
52	6.25	0	
52	12.5	3.75	
52	16.25	3.75	
52	28.75	7.5	
52	35	10	
52	40	11.25	
52	45	11.25	
52	57.5	11.25	
52	70	7.5	
52	83.75	0	
52	92.5	-5	
52	111.25	-16.25	
52	121.25	-22.5	
52	152.5	-37.5	
52	163.75	-41.25	
52	175	-45	
52	186.25	-45	
52	208.75	-50	
52	230	-56.25	
52	240	-57.5	
52	256.25	-63.75	
52	270	-67.5	
52	275	-68.75	
52	285	-72.5	
52	292.5	-76.25	
52	295	-76.25	
52	296.25	-76.25	
52	298.75	-77.5	
52	301.25	-77.5	
52	301.25	-80	
52	302.5	-80	
52	302.5	-80	
52	302.5	-80	
52	302.5	-80	
52	302.5	-80	
52	302.5	-80	
52	303.75	-80	
52	303.75	-80	
52	303.75	-80	
52	303.75	-80	
52	303.75	-80	
52	303.75	-80	
52	303.75	-80	
52	303.75	-80	
52	303.75	-80	
52	303.75	-80	
52	303.75	-80	
53	0	0	
53	0	0	
53	0	0	
53	0	0	
53	0	0	
53	0	0	
53	0	0	
53	0	0	
53	0	0	
53	0	0	
53	0	0	
53	0	0	
53	0	0	
53	0	0	
53	0	0	
53	0	0	
53	0	0	
53	0	0	
53	0	0	
53	0	0	
53	0	0	
53	0	0	
53	0	0	
53	0	0	
53	-10	-11.25	
53	7.5	-11.25	
53	20	-10	
53	47.5	-6.25	
53	65	-3.75	
53	82.5	-2.5	
53	142.5	6.25	
53	181.25	10	
53	197.5	10	
53	211.25	12.5	
53	232.5	13.75	
53	243.75	16.25	
53	248.75	16.25	
53	253.75	17.5	
53	255	17.5	
53	256.25	17.5	
53	258.75	17.5	
53	258.75	17.5	
53	258.75	17.5	
53	258.75	17.5	
53	258.75	17.5	
53	258.75	17.5	
53	258.75	17.5	
53	258.75	17.5	
53	258.75	17.5	
53	258.75	17.5	
53	258.75	17.5	
53	258.75	17.5	
53	258.75	17.5	
53	258.75	17.5	
53	258.75	17.5	
53	258.75	17.5	
53	258.75	17.5	
53	258.75	17.5	
53	258.75	17.5	
53	258.75	17.5	
53	258.75	17.5	
53	258.75	17.5	
53	258.75	17.5	
53	260	17.5	
53	260	16.25	
53	260	17.5	
53	260	17.5	
53	260	17.5	
53	260	17.5	
53	260	17.5	
53	260	17.5	
53	260	16.25	
53	260	16.25	
53	260	17.5	
54	0	0	
54	0	0	
54	0	0	
54	0	0	
54	0	0	
54	0	0	
54	0	0	
54	0	0	
54	0	0	
54	0	0	
54	0	0	
54	0	0	
54	0	0	
54	0	0	
54	0	0	
54	0	0	
54	0	0	
54	0	0	
54	0	0	
54	0	0	
54	0	0	
54	0	0	
54	0	0	
54	0	0	
54	0	0	
54	0	0	
54	0	0	
54	0	0	
54	1.25	-3.75	
54	3.75	-3.75	
54	16.25	-12.5	
54	23.75	-15	
54	33.75	-18.75	
54	58.75	-26.25	
54	92.5	-35	
54	131.25	-42.5	
54	151.25	-45	
54	193.75	-48.75	
54	216.25	-48.75	
54	237.5	-46.25	
54	298.75	-41.25	
54	318.75	-38.75	
54	336.25	-37.5	
54	336.25	-37.5	
54	336.25	-37.5	
54	336.25	-37.5	
54	336.25	-37.5	
54	336.25	-37.5	
54	336.25	-37.5	
54	336.25	-37.5	
54	336.25	-37.5	
54	336.25	-37.5	
54	336.25	-37.5	
54	336.25	-37.5	
54	336.25	-37.5	
54	336.25	-37.5	
54	336.25	-37.5	
54	336.25	-37.5	
54	336.25	-37.5	
54	336.25	-37.5	
54	336.25	-37.5	
54	336.25	-37.5	
54	336.25	-37.5	
54	336.25	-37.5	
54	336.25	-37.5	
54	336.25	-37.5	
54	336.25	-37.5	
54	336.25	-37.5	
54	336.25	-37.5	
54	336.25	-37.5	
54	336.25	-37.5	
54	336.25	-37.5	
54	336.25	-37.5	
54	336.25	-37.5	
55	0	0	
55	0	0	
55	0	0	
55	0	0	
55	0	0	
55	0	0	
55	1.25	0	
55	1.25	0	
55	1.25	0	
55	1.25	0	
55	1.25	0	
55	1.25	0	
55	1.25	0	
55	1.25	0	
55	1.25	0	
55	1.25	0	
55	1.25	0	
55	1.25	0	
55	1.25	0	
55	1.25	0	
55	1.25	0	
55	2.5	0	
55	3.75	0	
55	5	0	
55	10	2.5	
55	21.25	2.5	
55	28.75	2.5	
55	35	3.75	
55	53.75	6.25	
55	63.75	7.5	
55	88.75	10	
55	116.25	7.5	
55	131.25	3.75	
55	147.5	2.5	
55	163.75	-1.25	
55	230	-20	
55	247.5	-26.25	
55	263.75	-30	
55	281.25	-31.25	
55	312.5	-33.75	
55	340	-37.5	
55	340	-37.5	
55	340	-37.5	
55	340	-37.5	
55	340	-37.5	
55	340	-37.5	
55	340	-37.5	
55	340	-37.5	
55	340	-37.5	
55	340	-37.5	
55	340	-37.5	
55	340	-37.5	
55	340	-37.5	
55	340	-37.5	
55	340	-37.5	
55	340	-37.5	
55	340	-37.5	
55	340	-37.5	
55	340	-37.5	
55	340	-37.5	
55	340	-37.5	
55	340	-37.5	
55	340	-37.5	
55	340	-37.5	
55	340	-37.5	
55	340	-37.5	
55	340	-37.5	
55	340	-37.5	
55	340	-37.5	
55	340	-37.5	
55	340	-37.5	
55	340	-37.5	
55	340	-37.5	
55	340	-37.5	
56	0	0	
56	0	0	
56	0	0	
56	0	0	
56	0	0	
56	0	0	
56	0	0	
56	0	0	
56	0	0	
56	0	0	
56	0	0	
56	0	0	
56	0	0	
56	0	0	
56	0	0	
56	0	0	
56	0	0	
56	0	0	
56	0	0	
56	0	0	
56	0	0	
56	0	0	
56	0	0	
56	0	0	
56	0	0	
56	0	0	
56	1.25	-2.5	
56	3.75	-2.5	
56	6.25	-7.5	
56	13.75	-12.5	
56	32.5	-18.75	
56	40	-20	
56	47.5	-22.5	
56	63.75	-26.25	
56	73.75	-27.5	
56	92.5	-31.25	
56	113.75	-35	
56	123.75	-38.75	
56	135	-41.25	
56	158.75	-45	
56	198.75	-52.5	
56	212.5	-53.75	
56	226.25	-56.25	
56	242.5	-60	
56	257.5	-60	
56	295	-63.75	
56	305	-63.75	
56	313.75	-63.75	
56	321.25	-65	
56	332.5	-67.5	
56	342.5	-68.75	
56	342.5	-68.75	
56	342.5	-68.75	
56	342.5	-68.75	
56	342.5	-68.75	
56	342.5	-68.75	
56	342.5	-68.75	
56	342.5	-68.75	
56	342.5	-68.75	
56	342.5	-68.75	
56	342.5	-68.75	
56	342.5	-68.75	
56	342.5	-68.75	
56	342.5	-68.75	
56	342.5	-68.75	
56	342.5	-68.75	
56	342.5	-68.75	
56	342.5	-68.75	
56	342.5	-68.75	
56	342.5	-68.75	
56	342.5	-68.75	
56	342.5	-68.75	
56	342.5	-68.75	
56	342.5	-68.75	
57	0	0	
57	0	0	
57	0	0	
57	0	0	
57	0	0	
57	0	0	
57	0	0	
57	0	0	
57	0	0	
57	0	0	
57	-1.25	1.25	
57	-2.5	1.25	
57	-6.25	3.75	
57	-7.5	5	
57	-15	8.75	
57	-27.5	16.25	
57	-36.25	20	
57	-60	27.5	
57	-73.75	33.75	
57	-87.5	35	
57	-126.25	41.25	
57	-146.25	42.5	
57	-155	42.5	
57	-161.25	45	
57	-173.75	46.25	
57	-182.5	51.25	
57	-186.25	51.25	
57	-191.25	51.25	
57	-192.5	51.25	
57	-193.75	51.25	
57	-195	51.25	
57	-195	51.25	
57	-195	51.25	
57	-195	51.25	
57	-195	51.25	
57	-196.25	51.25	
57	-196.25	51.25	
57	-196.25	51.25	
57	-196.25	51.25	
57	-196.25	51.25	
57	-196.25	51.25	
57	-196.25	51.25	
57	-196.25	51.25	
57	-196.25	51.25	
57	-196.25	51.25	
57	-196.25	51.25	
57	-196.25	51.25	
57	-195	51.25	
57	-193.75	50	
57	-191.25	46.25	
57	-181.25	45	
57	-168.75	42.5	
57	-161.25	42.5	
57	-153.75	42.5	
57	-143.75	42.5	
57	-108.75	41.25	
57	-95	41.25	
57	-81.25	41.25	
57	-67.5	38.75	
57	-53.75	38.75	
57	-11.25	31.25	
57	-2.5	31.25	
57	3.75	30	
57	10	27.5	
57	22.5	23.75	
57	30	23.75	
57	33.75	22.5	
57	35	22.5	
57	36.25	22.5	
57	37.5	20	
57	37.5	20	
57	37.5	20	
57	37.5	20	
57	37.5	20	
58	0	0	
58	0	0	
58	0	0	
58	0	0	
58	0	0	
58	0	0	
58	0	0	
58	0	0	
58	0	0	
58	0	0	
58	0	0	
58	0	0	
58	0	0	
58	0	0	
58	0	0	
58	0	0	
58	0	0	
58	0	0	
58	0	0	
58	0	0	
58	0	0	
58	0	0	
58	0	0	
58	0	0	
58	0	0	
58	0	0	
58	0	0	
58	0	0	
58	0	0	
58	0	0	
58	0	0	
58	0	0	
58	0	0	
58	0	0	
58	0	0	
58	38.75	-18.75	
58	45	-18.75	
58	56.25	-22.5	
58	66.25	-26.25	
58	77.5	-27.5	
58	115	-31.25	
58	127.5	-31.25	
58	155	-31.25	
58	155	-31.25	
58	171.25	-31.25	
58	222.5	-30	
58	240	-30	
58	256.25	-30	
58	270	-30	
58	292.5	-31.25	
58	310	-33.75	
58	316.25	-33.75	
58	326.25	-37.5	
58	328.75	-37.5	
58	333.75	-37.5	
58	336.25	-37.5	
58	337.5	-37.5	
58	337.5	-37.5	
58	337.5	-37.5	
58	337.5	-38.75	
58	337.5	-38.75	
58	337.5	-38.75	
58	340	-38.75	
58	340	-38.75	
58	341.25	-38.75	
58	343.75	-37.5	
58	345	-37.5	
58	345	-37.5	
58	345	-37.5	
58	345	-37.5	
58	345	-37.5	
58	345	-37.5	
58	345	-37.5	
58	345	-37.5	
59	0	0	
59	0	0	
59	0	0	
59	0	0	
59	0	0	
59	0	0	
59	0	0	
59	0	0	
59	0	0	
59	0	0	
59	0	0	
59	0	0	
59	0	0	
59	0	0	
59	0	0	
59	0	0	
59	0	0	
59	0	0	
59	0	0	
59	0	0	
59	0	0	
59	0	0	
59	0	0	
59	0	0	
59	0	0	
59	3.75	-3.75	
59	7.5	-5	
59	17.5	-7.5	
59	26.25	-8.75	
59	36.25	-11.25	
59	72.5	-12.5	
59	87.5	-15	
59	102.5	-16.25	
59	132.5	-20	
59	145	-22.5	
59	173.75	-27.5	
59	186.25	-27.5	
59	212.5	-26.25	
59	225	-26.25	
59	236.25	-26.25	
59	267.5	-23.75	
59	275	-23.75	
59	291.25	-23.75	
59	297.5	-26.25	
59	305	-26.25	
59	323.75	-26.25	
59	328.75	-26.25	
59	333.75	-30	
59	337.5	-30	
59	342.5	-31.25	
59	342.5	-31.25	
59	342.5	-31.25	
59	342.5	-31.25	
59	342.5	-31.25	
59	342.5	-31.25	
59	342.5	-31.25	
59	342.5	-31.25	
59	342.5	-31.25	
59	342.5	-31.25	
59	342.5	-31.25	
59	342.5	-31.25	
59	342.5	-31.25	
59	342.5	-31.25	
59	342.5	-31.25	
59	342.5	-31.25	
59	342.5	-31.25	
59	342.5	-31.25	
59	342.5	-31.25	
59	342.5	-31.25	
59	342.5	-31.25	
59	342.5	-31.25	
59	342.5	-31.25	
59	342.5	-31.25	
59	342.5	-31.25	
60	0	0	
60	0	0	
60	-1.25	0	
60	-1.25	0	
60	-1.25	0	
60	-1.25	0	
60	-1.25	0	
60	-1.25	0	
60	-1.25	0	
60	-1.25	0	
60	-1.25	0	
60	-1.25	0	
60	-1.25	0	
60	-1.25	0	
60	-1.25	0	
60	-1.25	0	
60	-1.25	0	
60	-1.25	0	
60	-1.25	0	
60	-1.25	0	
60	-1.25	0	
60	-1.25	0	
60	-1.25	0	
60	-1.25	0	
60	-1.25	0	
60	-1.25	1.25	
60	-1.25	0	
60	-1.25	0	
60	-1.25	1.25	
60	-1.25	1.25	
60	-1.25	1.25	
60	-1.25	1.25	
60	-1.25	1.25	
60	-1.25	1.25	
60	-1.25	0	
60	-1.25	1.25	
60	-1.25	0	
60	-1.25	0	
60	-1.25	0	
60	-1.25	0	
60	-1.25	0	
60	-1.25	0	
60	-1.25	0	
60	-1.25	0	
60	-1.25	1.25	
60	-1.25	1.25	
60	-1.25	1.25	
60	-1.25	1.25	
60	-1.25	1.25	
60	-1.25	1.25	
60	-1.25	1.25	
60	-1.25	1.25	
60	-1.25	1.25	
60	-1.25	1.25	
60	-1.25	1.25	
60	-1.25	1.25	
60	-1.25	1.25	
60	-1.25	1.25	
60	-1.25	1.25	
60	-1.25	1.25	
60	3.75	-2.5	
60	8.75	-2.5	
60	13.75	-2.5	
60	21.25	-3.75	
60	42.5	-3.75	
60	68.75	-3.75	
60	88.75	-6.25	
60	107.5	-7.5	
60	126.25	-10	
60	143.75	-13.75	
60	212.5	-15	
60	227.5	-13.75	
60	241.25	-11.25	
60	255	-10	
61	0	0	
61	0	0	
61	0	0	
61	0	0	
61	0	0	
61	0	0	
61	0	0	
61	0	0	
61	0	0	
61	0	0	
61	0	0	
61	0	0	
61	0	0	
61	0	0	
61	-1.25	0	
61	-1.25	0	
61	-1.25	0	
61	-1.25	0	
61	-1.25	0	
61	-1.25	0	
61	-1.25	0	
61	-1.25	0	
61	-1.25	0	
61	-1.25	0	
61	-1.25	0	
61	-1.25	0	
61	-1.25	0	
61	-1.25	0	
61	-1.25	0	
61	-1.25	0	
61	-1.25	0	
61	-1.25	0	
61	-1.25	0	
61	-1.25	0	
61	-1.25	0	
61	-1.25	0	
61	0	1.25	
61	1.25	1.25	
61	3.75	1.25	
61	5	1.25	
61	17.5	1.25	
61	25	1.25	
61	32.5	1.25	
61	51.25	5	
61	61.25	7.5	
61	90	11.25	
61	100	11.25	
61	107.5	8.75	
61	118.75	7.5	
61	128.75	5	
61	147.5	0	
61	165	-2.5	
61	175	-2.5	
61	191.25	-6.25	
61	200	-6.25	
61	223.75	-11.25	
61	231.25	-13.75	
61	237.5	-13.75	
61	246.25	-15	
61	255	-18.75	
61	271.25	-25	
61	286.25	-28.75	
61	296.25	-30	
61	301.25	-32.5	
61	305	-32.5	
61	315	-36.25	
61	316.25	-37.5	
61	320	-40	
61	325	-40	
61	327.5	-41.25	
61	332.5	-43.75	
61	337.5	-43.75	
61	341.25	-43.75	
61	343.75	-43.75	
62	0	0	
62	0	0	
62	0	0	
62	0	0	
62	0	0	
62	0	0	
62	0	0	
62	0	0	
62	0	0	
62	0	0	
62	0	0	
62	0	0	
62	0	0	
62	0	0	
62	0	0	
62	0	0	
62	0	0	
62	0	0	
62	0	0	
62	0	0	
62	0	0	
62	-1.25	0	
62	-1.25	0	
62	-1.25	0	
62	-1.25	0	
62	-1.25	0	
62	0	0	
62	1.25	0	
62	5	0	
62	8.75	0	
62	17.5	2.5	
62	25	3.75	
62	38.75	11.25	
62	46.25	15	
62	55	18.75	
62	77.5	23.75	
62	91.25	23.75	
62	97.5	23.75	
62	103.75	22.5	
62	115	20	
62	123.75	15	
62	128.75	15	
62	138.75	13.75	
62	143.75	11.25	
62	148.75	11.25	
62	162.5	11.25	
62	162.5	11.25	
62	177.5	10	
62	185	7.5	
62	190	7.5	
62	207.5	6.25	
62	212.5	3.75	
62	216.25	2.5	
62	225	0	
62	228.75	-1.25	
62	238.75	-5	
62	241.25	-7.5	
62	247.5	-8.75	
62	250	-11.25	
62	252.5	-12.5	
62	260	-18.75	
62	262.5	-18.75	
62	266.25	-20	
62	271.25	-22.5	
62	272.5	-22.5	
62	280	-23.75	
62	281.25	-23.75	
62	285	-23.75	
62	286.25	-23.75	
62	286.25	-23.75	
62	290	-23.75	
62	290	-23.75	
62	290	-23.75	
62	291.25	-22.5	
63	0	0	
63	0	0	
63	-1.25	0	
63	-1.25	0	
63	-1.25	0	
63	-1.25	0	
63	-1.25	0	
63	-1.25	0	
63	-1.25	0	
63	-1.25	0	
63	-1.25	0	
63	-1.25	0	
63	-1.25	0	
63	-1.25	0	
63	-1.25	0	
63	-1.25	0	
63	-1.25	0	
63	-1.25	0	
63	-1.25	0	
63	-1.25	0	
63	-1.25	0	
63	-1.25	0	
63	-1.25	0	
63	-1.25	0	
63	-1.25	0	
63	-1.25	0	
63	-1.25	0	
63	-1.25	0	
63	-1.25	0	
63	-1.25	0	
63	-1.25	0	
63	-1.25	0	
63	-1.25	0	
63	-1.25	0	
63	-1.25	0	
63	-1.25	0	
63	-1.25	0	
63	-1.25	0	
63	-1.25	0	
63	-1.25	0	
63	-1.25	0	
63	-1.25	0	
63	-1.25	0	
63	-1.25	0	
63	-1.25	0	
63	-1.25	0	
63	-1.25	0	
63	-1.25	0	
63	-1.25	0	
63	-1.25	0	
63	-1.25	0	
63	-1.25	0	
63	-1.25	0	
63	-1.25	0	
63	-1.25	0	
63	-1.25	0	
63	-1.25	0	
63	-1.25	0	
63	-1.25	0	
63	-1.25	0	
63	-1.25	0	
63	-1.25	0	
63	-1.25	0	
63	-1.25	0	
63	-1.25	0	
63	-1.25	0	
63	-1.25	0	
63	-1.25	0	
63	-1.25	0	
63	-1.25	0	
63	-1.25	0	
63	-1.25	0	
63	-1.25	0	
63	-1.25	0	
64	0	0	
64	0	0	
64	0	0	
64	0	0	
64	0	0	
64	0	0	
64	0	0	
64	0	0	
64	0	0	
64	0	0	
64	0	0	
64	0	0	
64	0	0	
64	0	0	
64	0	0	
64	0	0	
64	0	0	
64	0	0	
64	0	0	
64	0	0	
64	0	0	
64	0	0	
64	0	0	
64	0	0	
64	0	0	
64	0	0	
64	0	-1.25	
64	0	0	
64	2.5	0	
64	3.75	0	
64	7.5	2.5	
64	15	3.75	
64	22.5	6.25	
64	28.75	7.5	
64	35	7.5	
64	50	11.25	
64	70	17.5	
64	81.25	18.75	
64	93.75	22.5	
64	118.75	26.25	
64	143.75	31.25	
64	156.25	31.25	
64	178.75	31.25	
64	197.5	31.25	
64	206.25	30	
64	222.5	26.25	
64	237.5	22.5	
64	243.75	21.25	
64	251.25	18.75	
64	262.5	17.5	
64	271.25	15	
64	276.25	13.75	
64	282.5	11.25	
64	287.5	11.25	
64	291.25	11.25	
64	296.25	10	
64	301.25	7.5	
64	302.5	7.5	
64	305	7.5	
64	307.5	6.25	
64	313.75	3.75	
64	318.75	0	
64	321.25	0	
64	323.75	-1.25	
64	327.5	-3.75	
64	332.5	-3.75	
64	335	-3.75	
64	336.25	-3.75	
64	336.25	-3.75	
64	337.5	-3.75	
64	337.5	-3.75	
64	337.5	-3.75	
64	337.5	-3.75	
64	337.5	-3.75	
65	0	0	
65	0	0	
65	0	0	
65	0	0	
65	0	0	
65	0	0	
65	0	0	
65	0	0	
65	0	0	
65	0	0	
65	0	0	
65	0	0	
65	0	0	
65	0	2.5	
65	0	2.5	
65	0	2.5	
65	0	0	
65	0	0	
65	0	0	
65	0	0	
65	0	0	
65	0	0	
65	0	0	
65	0	0	
65	0	0	
65	3.75	0	
65	10	0	
65	15	0	
65	20	0	
65	26.25	0	
65	48.75	3.75	
65	56.25	3.75	
65	65	2.5	
65	83.75	0	
65	92.5	-1.25	
65	121.25	-3.75	
65	141.25	-3.75	
65	151.25	-3.75	
65	162.5	-3.75	
65	172.5	-3.75	
65	207.5	-3.75	
65	218.75	-5	
65	231.25	-7.5	
65	255	-12.5	
65	267.5	-13.75	
65	303.75	-23.75	
65	315	-23.75	
65	337.5	-27.5	
65	347.5	-28.75	
65	347.5	-28.75	
65	347.5	-28.75	
65	347.5	-28.75	
65	347.5	-28.75	
65	347.5	-28.75	
65	347.5	-28.75	
65	347.5	-28.75	
65	347.5	-28.75	
65	347.5	-28.75	
65	347.5	-28.75	
65	347.5	-28.75	
65	347.5	-28.75	
65	347.5	-28.75	
65	347.5	-28.75	
65	347.5	-28.75	
65	347.5	-28.75	
65	347.5	-28.75	
65	347.5	-28.75	
65	347.5	-28.75	
65	347.5	-28.75	
65	347.5	-28.75	
65	347.5	-28.75	
65	347.5	-28.75	
65	347.5	-28.75	
65	347.5	-28.75	
66	0	0	
66	-5	0	
66	-17.5	2.5	
66	-22.5	3.75	
66	-38.75	3.75	
66	-45	3.75	
66	-50	3.75	
66	-55	3.75	
66	-63.75	2.5	
66	-68.75	2.5	
66	-73.75	0	
66	-73.75	0	
66	-76.25	0	
66	-76.25	0	
66	-76.25	0	
66	-76.25	0	
66	-76.25	0	
66	-76.25	0	
66	-76.25	0	
66	-76.25	0	
66	-76.25	0	
66	-76.25	0	
66	-72.5	0	
66	-68.75	0	
66	-65	2.5	
66	-38.75	2.5	
66	-26.25	0	
66	-12.5	0	
66	21.25	0	
66	38.75	-1.25	
66	95	-3.75	
66	113.75	-3.75	
66	147.5	0	
66	162.5	0	
66	176.25	2.5	
66	202.5	6.25	
66	208.75	6.25	
66	212.5	7.5	
66	218.75	7.5	
66	220	7.5	
66	223.75	7.5	
66	225	7.5	
66	226.25	7.5	
66	227.5	7.5	
66	227.5	7.5	
66	230	7.5	
66	231.25	7.5	
66	231.25	6.25	
66	235	6.25	
66	236.25	6.25	
66	242.5	6.25	
66	245	3.75	
66	250	6.25	
66	252.5	6.25	
66	253.75	6.25	
66	258.75	6.25	
66	260	6.25	
66	263.75	6.25	
66	263.75	6.25	
66	265	6.25	
66	266.25	6.25	
66	266.25	6.25	
66	266.25	6.25	
66	268.75	3.75	
66	268.75	3.75	
66	268.75	3.75	
66	268.75	3.75	
66	268.75	3.75	
66	268.75	3.75	
66	270	3.75	
66	271.25	3.75	
66	271.25	3.75	
66	271.25	3.75	
66	273.75	3.75	
67	0	0	
67	0	0	
67	0	0	
67	0	0	
67	0	0	
67	0	0	
67	0	0	
67	0	2.5	
67	0	0	
67	0	0	
67	0	0	
67	0	0	
67	0	2.5	
67	0	2.5	
67	0	2.5	
67	0	2.5	
67	0	2.5	
67	0	2.5	
67	0	2.5	
67	0	2.5	
67	0	2.5	
67	0	0	
67	2.5	0	
67	3.75	0	
67	5	-1.25	
67	18.75	-7.5	
67	26.25	-7.5	
67	33.75	-7.5	
67	45	-7.5	
67	72.5	-3.75	
67	103.75	2.5	
67	138.75	3.75	
67	157.5	3.75	
67	195	2.5	
67	212.5	0	
67	245	0	
67	263.75	0	
67	280	0	
67	280	0	
67	312.5	0	
67	336.25	2.5	
67	336.25	2.5	
67	336.25	2.5	
67	336.25	2.5	
67	336.25	2.5	
67	336.25	2.5	
67	336.25	2.5	
67	336.25	2.5	
67	336.25	2.5	
67	336.25	2.5	
67	336.25	2.5	
67	336.25	2.5	
67	336.25	2.5	
67	336.25	2.5	
67	336.25	2.5	
67	336.25	2.5	
67	336.25	2.5	
67	336.25	2.5	
67	336.25	2.5	
67	336.25	2.5	
67	336.25	2.5	
67	336.25	2.5	
67	336.25	2.5	
67	336.25	2.5	
67	336.25	2.5	
67	336.25	2.5	
67	336.25	2.5	
67	336.25	2.5	
67	336.25	2.5	
67	336.25	2.5	
67	336.25	2.5	
67	336.25	2.5	
67	336.25	2.5	
67	336.25	2.5	
68	0	0	
68	0	0	
68	0	0	
68	0	0	
68	0	0	
68	0	0	
68	0	0	
68	0	0	
68	0	0	
68	0	0	
68	0	0	
68	0	0	
68	0	0	
68	0	0	
68	0	0	
68	-1.25	-1.25	
68	-1.25	-1.25	
68	-1.25	-1.25	
68	-1.25	-1.25	
68	-1.25	-1.25	
68	-1.25	-1.25	
68	-1.25	-1.25	
68	-1.25	-1.25	
68	-1.25	0	
68	-1.25	-1.25	
68	-1.25	-1.25	
68	-1.25	-1.25	
68	-1.25	-1.25	
68	-1.25	-1.25	
68	-1.25	-1.25	
68	-1.25	-1.25	
68	-1.25	-1.25	
68	-1.25	-1.25	
68	-1.25	-1.25	
68	-1.25	-1.25	
68	-1.25	-1.25	
68	-1.25	-1.25	
68	-1.25	-1.25	
68	-1.25	-1.25	
68	-1.25	-1.25	
68	-1.25	-1.25	
68	-1.25	-1.25	
68	-1.25	-1.25	
68	-1.25	-1.25	
68	-1.25	-1.25	
68	-1.25	-1.25	
68	-1.25	-1.25	
68	-1.25	-1.25	
68	-1.25	-3.75	
68	0	-3.75	
68	3.75	-7.5	
68	6.25	-7.5	
68	8.75	-11.25	
68	17.5	-15	
68	23.75	-15	
68	45	-23.75	
68	56.25	-26.25	
68	66.25	-30	
68	77.5	-31.25	
68	101.25	-37.5	
68	125	-42.5	
68	136.25	-45	
68	152.5	-48.75	
68	168.75	-52.5	
68	201.25	-57.5	
68	231.25	-63.75	
68	258.75	-71.25	
68	270	-75	
68	283.75	-78.75	
68	306.25	-86.25	
68	326.25	-90	
68	336.25	-91.25	
68	336.25	-91.25	
68	336.25	-91.25	
69	0	0	
69	0	0	
69	0	0	
69	0	0	
69	0	1.25	
69	0	1.25	
69	0	1.25	
69	0	1.25	
69	1.25	1.25	
69	1.25	1.25	
69	1.25	1.25	
69	1.25	1.25	
69	1.25	1.25	
69	1.25	1.25	
69	1.25	1.25	
69	1.25	1.25	
69	1.25	1.25	
69	1.25	1.25	
69	1.25	1.25	
69	1.25	1.25	
69	1.25	1.25	
69	1.25	1.25	
69	1.25	1.25	
69	1.25	1.25	
69	1.25	1.25	
69	1.25	1.25	
69	1.25	1.25	
69	1.25	1.25	
69	1.25	1.25	
69	1.25	1.25	
69	1.25	1.25	
69	1.25	1.25	
69	1.25	1.25	
69	1.25	1.25	
69	1.25	1.25	
69	1.25	1.25	
69	1.25	1.25	
69	1.25	1.25	
69	1.25	3.75	
69	1.25	5	
69	1.25	3.75	
69	1.25	3.75	
69	1.25	3.75	
69	1.25	3.75	
69	1.25	5	
69	1.25	5	
69	1.25	3.75	
69	1.25	5	
69	1.25	5	
69	1.25	5	
69	1.25	5	
69	1.25	5	
69	1.25	5	
69	1.25	5	
69	1.25	5	
69	1.25	5	
69	1.25	5	
69	1.25	5	
69	1.25	5	
69	1.25	5	
69	1.25	3.75	
69	1.25	3.75	
69	1.25	3.75	
69	1.25	3.75	
69	1.25	3.75	
69	1.25	3.75	
69	1.25	3.75	
69	1.25	3.75	
69	1.25	3.75	
69	1.25	3.75	
69	1.25	3.75	
69	1.25	3.75	
69	1.25	3.75	
69	1.25	3.75	
70	0	0	
70	0	0	
70	0	-2.5	
70	0	-2.5	
70	0	-2.5	
70	0	-2.5	
70	0	-2.5	
70	0	-2.5	
70	0	-2.5	
70	0	-2.5	
70	-1.25	1.25	
70	-1.25	1.25	
70	-1.25	3.75	
70	-2.5	5	
70	-2.5	5	
70	-2.5	5	
70	-2.5	7.5	
70	-2.5	7.5	
70	-2.5	7.5	
70	-2.5	7.5	
70	-2.5	7.5	
70	-2.5	7.5	
70	-2.5	8.75	
70	-2.5	8.75	
70	-2.5	8.75	
70	-2.5	8.75	
70	-3.75	8.75	
70	-3.75	8.75	
70	-3.75	8.75	
70	-3.75	8.75	
70	-2.5	8.75	
70	-2.5	8.75	
70	-1.25	8.75	
70	0	8.75	
70	2.5	8.75	
70	7.5	8.75	
70	10	8.75	
70	18.75	5	
70	23.75	1.25	
70	30	0	
70	51.25	-6.25	
70	68.75	-10	
70	77.5	-10	
70	87.5	-10	
70	112.5	-3.75	
70	141.25	5	
70	156.25	11.25	
70	190	23.75	
70	208.75	30	
70	226.25	35	
70	283.75	50	
70	318.75	57.5	
70	335	60	
70	335	60	
70	335	60	
70	335	60	
70	335	60	
70	335	60	
70	335	60	
70	335	60	
70	335	60	
70	335	60	
70	335	60	
70	335	60	
70	335	60	
70	335	60	
70	335	60	
70	335	60	
70	335	60	
70	335	60	
70	335	60	
70	335	60	
70	335	60	
70	335	60	
71	0	0	
71	0	0	
71	0	0	
71	0	0	
71	0	0	
71	0	0	
71	0	0	
71	0	0	
71	0	0	
71	0	0	
71	0	0	
71	0	0	
71	0	0	
71	0	0	
71	0	0	
71	0	0	
71	0	0	
71	0	0	
71	0	0	
71	0	0	
71	0	0	
71	0	0	
71	0	0	
71	0	0	
71	0	0	
71	0	0	
71	0	0	
71	0	0	
71	0	0	
71	0	0	
71	1.25	0	
71	2.5	-1.25	
71	7.5	-5	
71	11.25	-5	
71	22.5	-8.75	
71	30	-8.75	
71	55	-8.75	
71	68.75	-8.75	
71	83.75	-5	
71	113.75	0	
71	128.75	0	
71	147.5	2.5	
71	183.75	0	
71	220	0	
71	238.75	2.5	
71	276.25	7.5	
71	313.75	15	
71	331.25	18.75	
71	347.5	22.5	
71	347.5	22.5	
71	347.5	22.5	
71	347.5	22.5	
71	347.5	22.5	
71	347.5	22.5	
71	347.5	22.5	
71	347.5	22.5	
71	347.5	22.5	
71	347.5	22.5	
71	347.5	22.5	
71	347.5	22.5	
71	347.5	22.5	
71	347.5	22.5	
71	347.5	22.5	
71	347.5	22.5	
71	347.5	22.5	
71	347.5	22.5	
71	347.5	22.5	
71	347.5	22.5	
71	347.5	22.5	
71	347.5	22.5	
71	347.5	22.5	
71	347.5	22.5	
71	347.5	22.5	
71	347.5	22.5	
72	0	0	
72	0	0	
72	0	0	
72	0	0	
72	0	0	
72	0	0	
72	0	0	
72	0	0	
72	-1.25	0	
72	-2.5	0	
72	-2.5	0	
72	-2.5	0	
72	-2.5	0	
72	-2.5	0	
72	-2.5	0	
72	-3.75	0	
72	-3.75	0	
72	-3.75	0	
72	-3.75	0	
72	-3.75	0	
72	-3.75	0	
72	-3.75	0	
72	-3.75	0	
72	-3.75	0	
72	-3.75	0	
72	-3.75	0	
72	-3.75	0	
72	-3.75	0	
72	-3.75	0	
72	-3.75	0	
72	-3.75	0	
72	-3.75	0	
72	-3.75	0	
72	-3.75	0	
72	-3.75	0	
72	-3.75	0	
72	-3.75	0	
72	-1.25	0	
72	1.25	0	
72	3.75	0	
72	15	0	
72	25	3.75	
72	50	10	
72	65	11.25	
72	81.25	15	
72	135	18.75	
72	172.5	18.75	
72	192.5	17.5	
72	213.75	17.5	
72	233.75	17.5	
72	300	26.25	
72	322.5	33.75	
72	343.75	37.5	
72	343.75	37.5	
72	343.75	37.5	
72	343.75	37.5	
72	343.75	37.5	
72	343.75	37.5	
72	343.75	37.5	
72	343.75	37.5	
72	343.75	37.5	
72	343.75	37.5	
72	343.75	37.5	
72	343.75	37.5	
72	343.75	37.5	
72	343.75	37.5	
72	343.75	37.5	
72	343.75	37.5	
72	343.75	37.5	
72	343.75	37.5	
72	343.75	37.5	
72	343.75	37.5	
72	343.75	37.5	
72	343.75	37.5	
73	0	0	
73	0	-1.25	
73	0	-1.25	
73	0	-1.25	
73	0	-1.25	
73	0	-1.25	
73	0	-1.25	
73	0	-1.25	
73	0	-1.25	
73	0	-1.25	
73	0	-1.25	
73	0	-1.25	
73	0	-1.25	
73	0	-1.25	
73	0	-1.25	
73	0	-1.25	
73	0	-1.25	
73	0	-1.25	
73	0	-1.25	
73	0	-1.25	
73	0	-1.25	
73	0	-1.25	
73	0	-1.25	
73	0	-1.25	
73	0	-1.25	
73	0	-1.25	
73	0	-1.25	
73	0	-1.25	
73	0	-1.25	
73	0	-1.25	
73	0	-1.25	
73	0	-1.25	
73	0	-1.25	
73	0	-1.25	
73	0	0	
73	0	-1.25	
73	3.75	0	
73	5	0	
73	6.25	0	
73	11.25	0	
73	18.75	3.75	
73	22.5	3.75	
73	26.25	3.75	
73	30	3.75	
73	38.75	3.75	
73	48.75	6.25	
73	57.5	7.5	
73	62.5	7.5	
73	68.75	7.5	
73	80	7.5	
73	100	3.75	
73	106.25	2.5	
73	112.5	0	
73	121.25	-1.25	
73	127.5	-3.75	
73	150	-5	
73	156.25	-7.5	
73	162.5	-7.5	
73	173.75	-7.5	
73	183.75	-7.5	
73	192.5	-7.5	
73	197.5	-5	
73	197.5	-5	
73	197.5	-5	
73	197.5	-5	
73	197.5	-5	
73	197.5	-5	
73	222.5	-7.5	
73	222.5	-7.5	
73	222.5	-7.5	
73	238.75	-5	
73	240	-5	
73	240	-5	
73	241.25	-5	
74	0	0	
74	0	0	
74	0	0	
74	0	0	
74	0	0	
74	0	0	
74	0	0	
74	0	0	
74	0	0	
74	0	0	
74	0	0	
74	0	0	
74	0	0	
74	0	0	
74	0	0	
74	0	0	
74	0	-2.5	
74	0	-2.5	
74	0	-2.5	
74	0	-2.5	
74	0	-2.5	
74	0	0	
74	1.25	0	
74	3.75	0	
74	6.25	1.25	
74	16.25	1.25	
74	22.5	1.25	
74	28.75	1.25	
74	45	5	
74	55	8.75	
74	76.25	12.5	
74	98.75	16.25	
74	122.5	20	
74	133.75	20	
74	146.25	20	
74	182.5	20	
74	195	22.5	
74	207.5	26.25	
74	221.25	27.5	
74	235	30	
74	272.5	40	
74	272.5	40	
74	295	47.5	
74	305	50	
74	322.5	55	
74	333.75	57.5	
74	340	57.5	
74	340	57.5	
74	340	57.5	
74	340	57.5	
74	340	57.5	
74	340	57.5	
74	340	57.5	
74	340	57.5	
74	340	57.5	
74	340	57.5	
74	340	57.5	
74	340	57.5	
74	340	57.5	
74	340	57.5	
74	340	57.5	
74	340	57.5	
74	340	57.5	
74	340	57.5	
74	340	57.5	
74	340	57.5	
74	340	57.5	
74	340	57.5	
74	340	57.5	
74	340	57.5	
74	340	57.5	
74	340	57.5	
74	340	57.5	
74	340	57.5	
75	0	0	
75	-2.5	2.5	
75	-3.75	2.5	
75	-5	3.75	
75	-6.25	3.75	
75	-8.75	3.75	
75	-10	3.75	
75	-10	3.75	
75	-11.25	3.75	
75	-11.25	3.75	
75	-13.75	6.25	
75	-13.75	6.25	
75	-13.75	6.25	
75	-13.75	6.25	
75	-13.75	6.25	
75	-13.75	6.25	
75	-15	3.75	
75	-15	3.75	
75	-15	3.75	
75	-15	3.75	
75	-15	3.75	
75	-15	3.75	
75	-15	3.75	
75	-15	3.75	
75	-15	3.75	
75	-15	3.75	
75	-15	3.75	
75	-15	3.75	
75	-15	3.75	
75	-15	3.75	
75	-15	3.75	
75	-15	3.75	
75	-15	3.75	
75	-15	3.75	
75	-15	3.75	
75	-15	3.75	
75	-15	3.75	
75	-15	3.75	
75	-13.75	7.5	
75	-11.25	7.5	
75	-6.25	10	
75	-3.75	11.25	
75	-1.25	11.25	
75	1.25	11.25	
75	6.25	11.25	
75	16.25	13.75	
75	20	13.75	
75	23.75	13.75	
75	31.25	13.75	
75	35	13.75	
75	43.75	11.25	
75	52.5	10	
75	57.5	7.5	
75	61.25	7.5	
75	70	3.75	
75	83.75	2.5	
75	88.75	0	
75	93.75	0	
75	102.5	-1.25	
75	107.5	-3.75	
75	113.75	-3.75	
75	125	-7.5	
75	130	-7.5	
75	133.75	-11.25	
75	142.5	-11.25	
75	152.5	-12.5	
75	156.25	-15	
75	158.75	-15	
75	163.75	-15	
75	165	-15	
75	167.5	-16.25	
75	170	-16.25	
75	170	-18.75	
75	171.25	-18.75	
76	0	0	
76	-1.25	0	
76	-1.25	0	
76	-3.75	2.5	
76	-7.5	3.75	
76	-13.75	10	
76	-18.75	11.25	
76	-25	13.75	
76	-31.25	17.5	
76	-45	22.5	
76	-66.25	25	
76	-73.75	26.25	
76	-80	25	
76	-92.5	22.5	
76	-98.75	21.25	
76	-113.75	18.75	
76	-121.25	17.5	
76	-130	15	
76	-140	15	
76	-153.75	13.75	
76	-168.75	10	
76	-171.25	7.5	
76	-180	7.5	
76	-182.5	7.5	
76	-186.25	7.5	
76	-193.75	7.5	
76	-195	10	
76	-197.5	10	
76	-198.75	10	
76	-200	10	
76	-205	11.25	
76	-207.5	11.25	
76	-210	11.25	
76	-210	13.75	
76	-210	13.75	
76	-210	11.25	
76	-210	11.25	
76	-210	11.25	
76	-205	11.25	
76	-202.5	11.25	
76	-190	10	
76	-186.25	10	
76	-181.25	10	
76	-172.5	11.25	
76	-167.5	11.25	
76	-153.75	15	
76	-147.5	15	
76	-141.25	17.5	
76	-130	17.5	
76	-123.75	17.5	
76	-108.75	15	
76	-108.75	15	
76	-96.25	15	
76	-88.75	17.5	
76	-81.25	18.75	
76	-57.5	22.5	
76	-48.75	26.25	
76	-41.25	28.75	
76	-26.25	30	
76	-12.5	32.5	
76	-5	33.75	
76	12.5	36.25	
76	12.5	36.25	
76	30	37.5	
76	37.5	41.25	
76	51.25	41.25	
76	61.25	41.25	
76	68.75	37.5	
76	72.5	37.5	
76	75	37.5	
76	82.5	33.75	
76	83.75	30	
76	86.25	30	
76	92.5	26.25	
77	0	0	
77	0	0	
77	0	0	
77	0	0	
77	0	0	
77	0	1.25	
77	0	1.25	
77	0	1.25	
77	0	1.25	
77	0	1.25	
77	0	1.25	
77	0	1.25	
77	0	1.25	
77	0	1.25	
77	0	1.25	
77	0	1.25	
77	0	1.25	
77	0	1.25	
77	0	1.25	
77	0	1.25	
77	0	1.25	
77	0	1.25	
77	0	1.25	
77	0	1.25	
77	0	1.25	
77	0	1.25	
77	0	1.25	
77	0	1.25	
77	0	1.25	
77	0	1.25	
77	0	1.25	
77	0	1.25	
77	0	1.25	
77	1.25	1.25	
77	2.5	1.25	
77	8.75	3.75	
77	10	3.75	
77	13.75	3.75	
77	20	3.75	
77	23.75	1.25	
77	37.5	1.25	
77	42.5	1.25	
77	52.5	1.25	
77	58.75	1.25	
77	63.75	1.25	
77	82.5	1.25	
77	88.75	1.25	
77	95	1.25	
77	101.25	1.25	
77	108.75	1.25	
77	132.5	0	
77	141.25	1.25	
77	148.75	0	
77	158.75	0	
77	167.5	0	
77	193.75	-2.5	
77	201.25	-3.75	
77	207.5	-6.25	
77	215	-6.25	
77	228.75	-10	
77	245	-11.25	
77	250	-13.75	
77	253.75	-13.75	
77	261.25	-15	
77	265	-15	
77	273.75	-17.5	
77	277.5	-17.5	
77	280	-17.5	
77	283.75	-17.5	
77	288.75	-17.5	
77	296.25	-21.25	
77	298.75	-21.25	
77	301.25	-22.5	
77	301.25	-22.5	
78	0	0	
78	0	0	
78	0	0	
78	0	0	
78	0	0	
78	0	0	
78	0	2.5	
78	0	0	
78	0	0	
78	0	0	
78	0	0	
78	0	0	
78	0	0	
78	0	0	
78	0	0	
78	0	2.5	
78	0	2.5	
78	0	2.5	
78	0	2.5	
78	0	2.5	
78	0	2.5	
78	0	2.5	
78	0	2.5	
78	0	2.5	
78	0	2.5	
78	0	0	
78	0	0	
78	0	0	
78	0	0	
78	0	2.5	
78	1.25	0	
78	1.25	0	
78	1.25	0	
78	1.25	0	
78	1.25	0	
78	1.25	0	
78	1.25	0	
78	1.25	0	
78	1.25	0	
78	1.25	0	
78	1.25	0	
78	1.25	0	
78	1.25	0	
78	1.25	0	
78	1.25	0	
78	1.25	0	
78	1.25	0	
78	1.25	0	
78	1.25	0	
78	1.25	0	
78	1.25	0	
78	1.25	0	
78	1.25	0	
78	1.25	0	
78	1.25	0	
78	2.5	0	
78	2.5	0	
78	2.5	0	
78	3.75	0	
78	3.75	0	
78	5	0	
78	6.25	-1.25	
78	6.25	-1.25	
78	7.5	-1.25	
78	7.5	-1.25	
78	7.5	-1.25	
78	8.75	-1.25	
78	8.75	-1.25	
78	8.75	-1.25	
78	8.75	-1.25	
78	8.75	-1.25	
78	8.75	-1.25	
78	8.75	-1.25	
78	8.75	-3.75	
79	0	0	
79	0	0	
79	0	0	
79	0	0	
79	0	0	
79	0	0	
79	0	0	
79	0	0	
79	0	0	
79	0	0	
79	0	0	
79	0	0	
79	0	0	
79	0	0	
79	1.25	0	
79	1.25	0	
79	1.25	0	
79	1.25	-1.25	
79	2.5	-1.25	
79	2.5	-3.75	
79	2.5	-3.75	
79	3.75	-3.75	
79	3.75	-5	
79	3.75	-5	
79	3.75	-5	
79	5	-7.5	
79	5	-7.5	
79	5	-7.5	
79	5	-8.75	
79	5	-11.25	
79	7.5	-11.25	
79	8.75	-11.25	
79	10	-12.5	
79	10	-15	
79	11.25	-15	
79	15	-16.25	
79	18.75	-18.75	
79	20	-18.75	
79	22.5	-20	
79	26.25	-22.5	
79	32.5	-22.5	
79	38.75	-23.75	
79	42.5	-23.75	
79	46.25	-26.25	
79	52.5	-26.25	
79	52.5	-26.25	
79	52.5	-26.25	
79	52.5	-26.25	
79	52.5	-26.25	
79	52.5	-26.25	
79	95	-3.75	
79	93.75	15	
79	93.75	15	
79	57.5	47.5	
79	38.75	63.75	
79	25	70	
79	30	63.75	
79	36.25	56.25	
79	38.75	56.25	
79	47.5	58.75	
79	67.5	63.75	
79	72.5	63.75	
79	76.25	63.75	
79	76.25	67.5	
79	76.25	67.5	
79	76.25	67.5	
79	76.25	67.5	
79	76.25	67.5	
79	76.25	67.5	
79	76.25	67.5	
79	76.25	67.5	
79	76.25	67.5	
79	76.25	67.5	
79	76.25	67.5	
80	0	0	
80	0	0	
80	0	-1.25	
80	0	-1.25	
80	0	-1.25	
80	0	-1.25	
80	0	-1.25	
80	0	-1.25	
80	0	-1.25	
80	0	-1.25	
80	0	-1.25	
80	0	-1.25	
80	0	-1.25	
80	0	-1.25	
80	0	-1.25	
80	0	-1.25	
80	0	-1.25	
80	0	-1.25	
80	0	-1.25	
80	0	0	
80	0	-1.25	
80	0	-1.25	
80	0	-1.25	
80	0	0	
80	0	0	
80	2.5	0	
80	6.25	3.75	
80	7.5	3.75	
80	11.25	6.25	
80	17.5	7.5	
80	33.75	10	
80	41.25	11.25	
80	51.25	11.25	
80	70	16.25	
80	81.25	18.75	
80	102.5	20	
80	121.25	22.5	
80	130	22.5	
80	137.5	20	
80	153.75	20	
80	178.75	20	
80	187.5	20	
80	196.25	20	
80	205	20	
80	221.25	20	
80	235	20	
80	243.75	18.75	
80	247.5	18.75	
80	250	16.25	
80	253.75	15	
80	261.25	6.25	
80	263.75	3.75	
80	265	2.5	
80	268.75	0	
80	272.5	-3.75	
80	277.5	-5	
80	283.75	-7.5	
80	287.5	-7.5	
80	290	-7.5	
80	297.5	-7.5	
80	305	-7.5	
80	307.5	-7.5	
80	308.75	-7.5	
80	310	-7.5	
80	311.25	-7.5	
80	311.25	-7.5	
80	311.25	-7.5	
80	311.25	-7.5	
80	311.25	-7.5	
80	311.25	-7.5	
80	312.5	-7.5	
80	312.5	-7.5	
80	312.5	-7.5	
80	312.5	-7.5	
81	0	0	
81	0	0	
81	0	0	
81	0	0	
81	0	0	
81	0	0	
81	0	0	
81	0	0	
81	0	0	
81	0	0	
81	0	0	
81	0	0	
81	0	0	
81	0	0	
81	0	0	
81	0	0	
81	0	0	
81	0	0	
81	0	0	
81	0	0	
81	0	0	
81	0	0	
81	-1.25	0	
81	-1.25	0	
81	-1.25	0	
81	0	1.25	
81	0	1.25	
81	2.5	1.25	
81	6.25	5	
81	10	8.75	
81	16.25	12.5	
81	25	16.25	
81	35	16.25	
81	40	16.25	
81	47.5	15	
81	61.25	8.75	
81	81.25	3.75	
81	91.25	1.25	
81	102.5	1.25	
81	127.5	3.75	
81	156.25	8.75	
81	171.25	11.25	
81	202.5	15	
81	233.75	12.5	
81	250	12.5	
81	280	8.75	
81	308.75	5	
81	323.75	5	
81	336.25	5	
81	347.5	3.75	
81	347.5	3.75	
81	347.5	3.75	
81	347.5	3.75	
81	347.5	3.75	
81	347.5	3.75	
81	347.5	3.75	
81	347.5	3.75	
81	347.5	3.75	
81	347.5	3.75	
81	347.5	3.75	
81	347.5	3.75	
81	347.5	3.75	
81	347.5	3.75	
81	347.5	3.75	
81	347.5	3.75	
81	347.5	3.75	
81	347.5	3.75	
81	347.5	3.75	
81	347.5	3.75	
81	347.5	3.75	
81	347.5	3.75	
81	347.5	3.75	
81	347.5	3.75	
81	347.5	3.75	
82	0	0	
82	0	0	
82	0	0	
82	0	0	
82	0	0	
82	0	0	
82	0	0	
82	0	0	
82	0	0	
82	0	0	
82	0	0	
82	0	0	
82	0	0	
82	0	0	
82	0	0	
82	0	0	
82	0	0	
82	0	0	
82	0	0	
82	0	0	
82	0	0	
82	0	0	
82	0	0	
82	0	0	
82	0	0	
82	0	-1.25	
82	0	-1.25	
82	0	-1.25	
82	0	-1.25	
82	0	-1.25	
82	0	-1.25	
82	0	-1.25	
82	0	-1.25	
82	0	-1.25	
82	0	-1.25	
82	3.75	-3.75	
82	7.5	-7.5	
82	13.75	-12.5	
82	32.5	-23.75	
82	45	-30	
82	75	-41.25	
82	111.25	-48.75	
82	130	-50	
82	148.75	-52.5	
82	168.75	-53.75	
82	241.25	-57.5	
82	258.75	-57.5	
82	276.25	-60	
82	307.5	-65	
82	322.5	-65	
82	336.25	-66.25	
82	336.25	-66.25	
82	336.25	-66.25	
82	336.25	-66.25	
82	336.25	-66.25	
82	336.25	-66.25	
82	336.25	-66.25	
82	336.25	-66.25	
82	336.25	-66.25	
82	336.25	-66.25	
82	336.25	-66.25	
82	336.25	-66.25	
82	336.25	-66.25	
82	336.25	-66.25	
82	336.25	-66.25	
82	336.25	-66.25	
82	336.25	-66.25	
82	336.25	-66.25	
82	336.25	-66.25	
82	336.25	-66.25	
82	336.25	-66.25	
82	336.25	-66.25	
82	336.25	-66.25	
82	336.25	-66.25	
83	0	0	
83	-1.25	-1.25	
83	-1.25	-1.25	
83	-1.25	-1.25	
83	-1.25	-1.25	
83	-1.25	-1.25	
83	-1.25	-1.25	
83	-1.25	-1.25	
83	-1.25	-1.25	
83	-1.25	-1.25	
83	-1.25	-1.25	
83	-1.25	-1.25	
83	-1.25	-1.25	
83	-1.25	-1.25	
83	-1.25	-1.25	
83	-1.25	-1.25	
83	-1.25	-1.25	
83	-1.25	-1.25	
83	-1.25	-1.25	
83	-1.25	-1.25	
83	-1.25	-1.25	
83	-1.25	-1.25	
83	-1.25	-1.25	
83	-1.25	-1.25	
83	-1.25	-1.25	
83	-1.25	-1.25	
83	-1.25	-1.25	
83	-1.25	-1.25	
83	-1.25	-1.25	
83	-1.25	-1.25	
83	-1.25	0	
83	-1.25	0	
83	-1.25	0	
83	-1.25	0	
83	-1.25	0	
83	-1.25	0	
83	-1.25	0	
83	-1.25	0	
83	-1.25	0	
83	-1.25	0	
83	-1.25	0	
83	-1.25	0	
83	-1.25	0	
83	-1.25	0	
83	-1.25	0	
83	-1.25	0	
83	-1.25	0	
83	-1.25	0	
83	-1.25	0	
83	-1.25	0	
83	-1.25	0	
83	-1.25	0	
83	-1.25	0	
83	-1.25	0	
83	-1.25	0	
83	-1.25	0	
83	-1.25	0	
83	-1.25	0	
83	-1.25	0	
83	-1.25	0	
83	-1.25	0	
83	-1.25	0	
83	-1.25	0	
83	-1.25	0	
83	-1.25	0	
83	-1.25	0	
83	-1.25	0	
83	-1.25	0	
83	-1.25	0	
83	-1.25	0	
83	-1.25	0	
83	-1.25	0	
83	-1.25	0	
83	-1.25	0	
84	0	0	
84	0	0	
84	0	0	
84	0	0	
84	0	0	
84	0	0	
84	0	1.25	
84	0	1.25	
84	0	1.25	
84	0	1.25	
84	0	1.25	
84	0	1.25	
84	0	1.25	
84	0	1.25	
84	0	1.25	
84	0	1.25	
84	0	1.25	
84	0	1.25	
84	0	1.25	
84	0	1.25	
84	0	1.25	
84	0	1.25	
84	0	1.25	
84	0	1.25	
84	1.25	1.25	
84	5	1.25	
84	12.5	1.25	
84	18.75	1.25	
84	26.25	0	
84	35	-2.5	
84	83.75	1.25	
84	83.75	1.25	
84	115	3.75	
84	128.75	5	
84	143.75	7.5	
84	186.25	12.5	
84	200	15	
84	213.75	16.25	
84	240	20	
84	252.5	23.75	
84	286.25	31.25	
84	295	31.25	
84	307.5	35	
84	312.5	35	
84	316.25	37.5	
84	323.75	38.75	
84	325	38.75	
84	327.5	38.75	
84	330	37.5	
84	330	35	
84	333.75	35	
84	333.75	35	
84	333.75	35	
84	333.75	35	
84	333.75	35	
84	333.75	35	
84	335	35	
84	335	35	
84	335	35	
84	335	35	
84	336.25	33.75	
84	336.25	33.75	
84	336.25	33.75	
84	336.25	33.75	
84	336.25	33.75	
84	336.25	33.75	
84	336.25	33.75	
84	336.25	33.75	
84	336.25	33.75	
84	336.25	33.75	
84	336.25	33.75	
84	336.25	33.75	
84	336.25	33.75	
84	336.25	33.75	
85	0	0	
85	0	0	
85	0	0	
85	0	0	
85	0	0	
85	0	0	
85	0	0	
85	0	0	
85	0	0	
85	0	0	
85	0	0	
85	0	0	
85	0	0	
85	0	0	
85	0	0	
85	-1.25	0	
85	-1.25	0	
85	-1.25	0	
85	-1.25	0	
85	-1.25	0	
85	-1.25	-1.25	
85	-2.5	0	
85	-2.5	0	
85	-2.5	0	
85	-2.5	0	
85	-2.5	0	
85	-2.5	0	
85	-2.5	0	
85	-2.5	0	
85	-2.5	0	
85	-2.5	0	
85	-2.5	0	
85	-2.5	0	
85	-2.5	0	
85	-2.5	0	
85	-2.5	0	
85	-2.5	0	
85	-2.5	0	
85	-2.5	0	
85	-2.5	0	
85	-2.5	0	
85	-2.5	0	
85	-2.5	0	
85	-2.5	0	
85	-2.5	0	
85	-2.5	0	
85	-2.5	0	
85	-2.5	0	
85	-2.5	0	
85	-2.5	0	
85	-2.5	0	
85	-2.5	0	
85	-2.5	0	
85	-2.5	0	
85	-2.5	0	
85	-2.5	0	
85	-2.5	0	
85	-2.5	0	
85	-2.5	0	
85	-2.5	0	
85	-2.5	0	
85	-2.5	0	
85	-2.5	0	
85	-2.5	0	
85	-2.5	0	
85	-2.5	0	
85	-2.5	0	
85	-2.5	0	
85	-2.5	0	
85	-2.5	0	
85	-2.5	0	
85	-2.5	0	
85	-2.5	0	
85	-2.5	0	
86	0	0	
86	-1.25	0	
86	-2.5	0	
86	-2.5	0	
86	-2.5	0	
86	-6.25	2.5	
86	-7.5	2.5	
86	-10	2.5	
86	-11.25	3.75	
86	-12.5	3.75	
86	-17.5	3.75	
86	-18.75	3.75	
86	-21.25	3.75	
86	-21.25	3.75	
86	-23.75	3.75	
86	-28.75	6.25	
86	-30	6.25	
86	-32.5	6.25	
86	-32.5	6.25	
86	-32.5	6.25	
86	-32.5	6.25	
86	-32.5	6.25	
86	-32.5	6.25	
86	-61.25	13.75	
86	-67.5	15	
86	-75	17.5	
86	-77.5	18.75	
86	-81.25	18.75	
86	-82.5	18.75	
86	-83.75	18.75	
86	-83.75	18.75	
86	-83.75	18.75	
86	-83.75	18.75	
86	-82.5	18.75	
86	-78.75	18.75	
86	-71.25	21.25	
86	-60	22.5	
86	-53.75	22.5	
86	-41.25	26.25	
86	-35	26.25	
86	-21.25	26.25	
86	-7.5	25	
86	1.25	22.5	
86	8.75	21.25	
86	27.5	22.5	
86	48.75	22.5	
86	71.25	25	
86	83.75	26.25	
86	106.25	28.75	
86	117.5	30	
86	140	30	
86	161.25	33.75	
86	171.25	36.25	
86	180	37.5	
86	195	40	
86	205	41.25	
86	211.25	41.25	
86	212.5	41.25	
86	215	43.75	
86	216.25	43.75	
86	217.5	45	
86	217.5	45	
86	217.5	45	
86	217.5	45	
86	217.5	45	
86	217.5	45	
86	217.5	45	
86	217.5	45	
86	217.5	45	
86	217.5	45	
86	217.5	45	
86	217.5	45	
86	217.5	45	
86	218.75	43.75	
87	0	0	
87	0	0	
87	0	0	
87	0	0	
87	0	0	
87	0	-2.5	
87	0	-2.5	
87	0	-2.5	
87	0	-2.5	
87	0	-2.5	
87	-1.25	0	
87	-2.5	0	
87	-5	0	
87	-8.75	1.25	
87	-20	-2.5	
87	-37.5	-10	
87	-61.25	-21.25	
87	-75	-28.75	
87	-88.75	-36.25	
87	-88.75	-36.25	
87	-147.5	-58.75	
87	-160	-62.5	
87	-172.5	-66.25	
87	-197.5	-66.25	
87	-208.75	-67.5	
87	-233.75	-67.5	
87	-255	-70	
87	-263.75	-71.25	
87	-271.25	-73.75	
87	-277.5	-73.75	
87	-290	-77.5	
87	-291.25	-77.5	
87	-290	-77.5	
87	-287.5	-82.5	
87	-277.5	-82.5	
87	-257.5	-82.5	
87	-246.25	-77.5	
87	-228.75	-73.75	
87	-211.25	-66.25	
87	-173.75	-55	
87	-117.5	-37.5	
87	-100	-32.5	
87	-82.5	-28.75	
87	-52.5	-18.75	
87	-40	-13.75	
87	-11.25	-6.25	
87	-5	-2.5	
87	1.25	0	
87	6.25	1.25	
87	12.5	3.75	
87	18.75	5	
87	20	5	
87	20	5	
87	21.25	5	
87	21.25	5	
87	21.25	5	
87	21.25	5	
87	21.25	5	
87	21.25	5	
87	21.25	5	
87	21.25	5	
87	21.25	5	
87	21.25	5	
87	21.25	5	
87	21.25	5	
87	21.25	5	
87	21.25	5	
87	21.25	5	
87	21.25	5	
87	21.25	5	
87	21.25	5	
87	22.5	5	
87	22.5	5	
87	22.5	5	
88	0	0	
88	0	-2.5	
88	0	-2.5	
88	1.25	-2.5	
88	1.25	-2.5	
88	1.25	-2.5	
88	1.25	-2.5	
88	1.25	-2.5	
88	1.25	-2.5	
88	1.25	-2.5	
88	2.5	-2.5	
88	2.5	-2.5	
88	2.5	-2.5	
88	2.5	-2.5	
88	3.75	-2.5	
88	5	-2.5	
88	5	-2.5	
88	5	-2.5	
88	6.25	-2.5	
88	6.25	-2.5	
88	6.25	-2.5	
88	7.5	-3.75	
88	7.5	-2.5	
88	10	-3.75	
88	10	-3.75	
88	12.5	-6.25	
88	13.75	-6.25	
88	16.25	-6.25	
88	17.5	-6.25	
88	23.75	-7.5	
88	35	-10	
88	48.75	-10	
88	67.5	-6.25	
88	77.5	-6.25	
88	87.5	-6.25	
88	122.5	-3.75	
88	135	-6.25	
88	147.5	-6.25	
88	158.75	-6.25	
88	185	-10	
88	208.75	-11.25	
88	232.5	-13.75	
88	246.25	-15	
88	246.25	-15	
88	273.75	-17.5	
88	296.25	-21.25	
88	305	-21.25	
88	322.5	-22.5	
88	330	-22.5	
88	336.25	-25	
88	347.5	-25	
88	347.5	-25	
88	347.5	-25	
88	347.5	-25	
88	347.5	-25	
88	347.5	-25	
88	347.5	-25	
88	347.5	-25	
88	347.5	-25	
88	347.5	-25	
88	347.5	-25	
88	347.5	-25	
88	347.5	-25	
88	347.5	-25	
88	347.5	-25	
88	347.5	-25	
88	347.5	-25	
88	347.5	-25	
88	347.5	-25	
88	347.5	-25	
88	347.5	-25	
88	347.5	-25	
88	347.5	-25	
88	347.5	-25	
89	0	0	
89	0	-2.5	
89	0	-2.5	
89	0	-2.5	
89	0	-2.5	
89	0	-2.5	
89	0	-2.5	
89	0	-2.5	
89	0	-2.5	
89	0	-2.5	
89	0	-2.5	
89	0	-2.5	
89	0	-2.5	
89	0	-2.5	
89	0	-2.5	
89	0	-2.5	
89	0	-2.5	
89	0	-2.5	
89	0	-2.5	
89	0	-2.5	
89	0	-2.5	
89	0	-2.5	
89	0	-2.5	
89	0	-2.5	
89	0	-2.5	
89	0	-2.5	
89	0	-2.5	
89	0	-2.5	
89	0	-2.5	
89	0	-2.5	
89	2.5	1.25	
89	5	3.75	
89	7.5	5	
89	17.5	8.75	
89	23.75	11.25	
89	30	12.5	
89	55	12.5	
89	75	12.5	
89	86.25	12.5	
89	97.5	12.5	
89	108.75	12.5	
89	141.25	16.25	
89	152.5	16.25	
89	171.25	18.75	
89	180	18.75	
89	188.75	20	
89	208.75	20	
89	220	20	
89	225	20	
89	230	18.75	
89	233.75	18.75	
89	246.25	12.5	
89	250	11.25	
89	255	8.75	
89	258.75	8.75	
89	261.25	7.5	
89	275	3.75	
89	276.25	3.75	
89	277.5	1.25	
89	278.75	1.25	
89	281.25	1.25	
89	281.25	1.25	
89	281.25	1.25	
89	281.25	1.25	
89	282.5	1.25	
89	282.5	1.25	
89	282.5	1.25	
89	282.5	1.25	
89	282.5	1.25	
89	282.5	1.25	
89	282.5	1.25	
89	282.5	1.25	
89	282.5	1.25	
89	282.5	1.25	
90	0	0	
90	0	0	
90	0	0	
90	0	0	
90	0	0	
90	0	0	
90	0	0	
90	0	0	
90	0	0	
90	0	0	
90	0	0	
90	1.25	0	
90	1.25	0	
90	1.25	0	
90	1.25	1.25	
90	1.25	1.25	
90	1.25	1.25	
90	1.25	1.25	
90	2.5	1.25	
90	3.75	1.25	
90	6.25	1.25	
90	6.25	3.75	
90	10	3.75	
90	11.25	3.75	
90	12.5	5	
90	21.25	5	
90	26.25	7.5	
90	32.5	8.75	
90	47.5	12.5	
90	56.25	12.5	
90	87.5	16.25	
90	98.75	16.25	
90	121.25	12.5	
90	131.25	12.5	
90	141.25	8.75	
90	165	3.75	
90	176.25	1.25	
90	200	-6.25	
90	211.25	-10	
90	221.25	-11.25	
90	252.5	-17.5	
90	268.75	-21.25	
90	276.25	-22.5	
90	282.5	-25	
90	288.75	-25	
90	305	-32.5	
90	310	-32.5	
90	320	-36.25	
90	323.75	-36.25	
90	327.5	-36.25	
90	340	-37.5	
90	347.5	-40	
90	347.5	-40	
90	347.5	-40	
90	347.5	-40	
90	347.5	-40	
90	347.5	-40	
90	347.5	-40	
90	347.5	-40	
90	347.5	-40	
90	347.5	-40	
90	347.5	-40	
90	347.5	-40	
90	347.5	-40	
90	347.5	-40	
90	347.5	-40	
90	347.5	-40	
90	347.5	-40	
90	347.5	-40	
90	347.5	-40	
90	347.5	-40	
90	347.5	-40	
90	347.5	-40	
90	347.5	-40	
91	0	0	
91	0	0	
91	0	0	
91	0	0	
91	0	0	
91	0	0	
91	0	0	
91	0	0	
91	0	0	
91	0	0	
91	0	0	
91	0	-1.25	
91	0	-1.25	
91	0	-1.25	
91	0	-1.25	
91	0	-1.25	
91	0	0	
91	0	0	
91	0	0	
91	0	0	
91	0	0	
91	1.25	0	
91	3.75	0	
91	6.25	0	
91	13.75	3.75	
91	25	3.75	
91	43.75	7.5	
91	56.25	7.5	
91	67.5	10	
91	81.25	11.25	
91	120	15	
91	133.75	17.5	
91	156.25	21.25	
91	166.25	21.25	
91	183.75	22.5	
91	198.75	22.5	
91	215	22.5	
91	223.75	25	
91	232.5	25	
91	241.25	26.25	
91	265	28.75	
91	271.25	28.75	
91	278.75	30	
91	291.25	30	
91	302.5	30	
91	310	32.5	
91	316.25	30	
91	320	30	
91	322.5	30	
91	325	30	
91	332.5	26.25	
91	336.25	26.25	
91	338.75	25	
91	343.75	22.5	
91	348.75	22.5	
91	348.75	22.5	
91	348.75	22.5	
91	348.75	22.5	
91	348.75	22.5	
91	348.75	22.5	
91	348.75	22.5	
91	348.75	22.5	
91	348.75	22.5	
91	348.75	22.5	
91	348.75	22.5	
91	348.75	22.5	
91	348.75	22.5	
91	348.75	22.5	
91	348.75	22.5	
91	348.75	22.5	
91	348.75	22.5	
91	348.75	22.5	
91	348.75	22.5	
91	348.75	22.5	
92	0	0	
92	0	0	
92	0	0	
92	0	0	
92	0	0	
92	0	0	
92	0	0	
92	0	0	
92	0	0	
92	0	0	
92	0	0	
92	0	0	
92	0	0	
92	0	0	
92	0	0	
92	0	0	
92	0	0	
92	0	0	
92	0	0	
92	0	0	
92	0	0	
92	0	0	
92	0	0	
92	0	0	
92	0	0	
92	0	0	
92	0	0	
92	0	0	
92	0	0	
92	0	0	
92	0	0	
92	0	0	
92	0	0	
92	0	0	
92	0	0	
92	0	0	
92	0	0	
92	0	0	
92	0	0	
92	0	0	
92	0	0	
92	0	0	
92	0	0	
92	0	0	
92	0	0	
92	0	-2.5	
92	0	-2.5	
92	0	-2.5	
92	0	-2.5	
92	0	-2.5	
92	0	-2.5	
92	0	-2.5	
92	0	-2.5	
92	0	-2.5	
92	0	-2.5	
92	1.25	-2.5	
92	5	-2.5	
92	7.5	-2.5	
92	10	-3.75	
92	12.5	-6.25	
92	21.25	-7.5	
92	23.75	-10	
92	23.75	-10	
92	23.75	-10	
92	23.75	-10	
92	23.75	-10	
92	23.75	-10	
92	50	-17.5	
92	52.5	-18.75	
92	56.25	-21.25	
92	70	-26.25	
92	76.25	-28.75	
92	82.5	-28.75	
92	96.25	-28.75	
93	0	0	
93	0	0	
93	0	0	
93	0	0	
93	0	0	
93	0	0	
93	0	0	
93	0	0	
93	0	0	
93	0	0	
93	0	0	
93	0	0	
93	0	0	
93	0	0	
93	0	0	
93	0	0	
93	0	0	
93	0	0	
93	0	0	
93	0	0	
93	0	0	
93	0	0	
93	0	0	
93	0	0	
93	0	0	
93	0	0	
93	0	0	
93	0	0	
93	0	0	
93	0	0	
93	0	0	
93	0	0	
93	0	-1.25	
93	3.75	-3.75	
93	5	-3.75	
93	11.25	-3.75	
93	20	-1.25	
93	25	0	
93	31.25	0	
93	45	2.5	
93	67.5	3.75	
93	73.75	3.75	
93	82.5	2.5	
93	95	0	
93	101.25	0	
93	112.5	-1.25	
93	123.75	-3.75	
93	128.75	-3.75	
93	133.75	-5	
93	145	-7.5	
93	157.5	-11.25	
93	165	-12.5	
93	171.25	-15	
93	182.5	-15	
93	187.5	-16.25	
93	197.5	-18.75	
93	206.25	-20	
93	211.25	-22.5	
93	215	-22.5	
93	223.75	-22.5	
93	235	-26.25	
93	240	-26.25	
93	243.75	-26.25	
93	251.25	-26.25	
93	256.25	-26.25	
93	263.75	-26.25	
93	272.5	-26.25	
93	275	-23.75	
93	282.5	-23.75	
93	285	-22.5	
93	295	-20	
93	296.25	-18.75	
93	298.75	-18.75	
93	300	-18.75	
94	0	0	
94	0	0	
94	0	0	
94	0	0	
94	0	0	
94	0	0	
94	0	0	
94	0	0	
94	0	0	
94	0	0	
94	0	0	
94	0	0	
94	0	0	
94	0	0	
94	0	0	
94	0	0	
94	0	0	
94	0	0	
94	0	0	
94	0	0	
94	0	0	
94	0	0	
94	0	0	
94	0	0	
94	0	0	
94	0	0	
94	0	0	
94	0	0	
94	0	0	
94	0	0	
94	0	0	
94	0	0	
94	0	0	
94	0	0	
94	0	0	
94	0	0	
94	0	0	
94	0	0	
94	0	0	
94	0	0	
94	0	0	
94	0	0	
94	0	0	
94	0	0	
94	0	0	
94	0	0	
94	0	0	
94	0	0	
94	0	0	
94	0	0	
94	0	0	
94	0	0	
94	0	0	
94	0	0	
94	0	0	
94	0	0	
94	0	0	
94	0	0	
94	0	0	
94	0	0	
94	0	0	
94	0	0	
94	0	0	
94	0	0	
94	0	0	
94	0	0	
94	0	0	
94	0	0	
94	0	0	
94	0	0	
94	0	0	
94	0	0	
94	0	0	
94	0	0	
