Trial	X	Y
1	0	0	
1	0	0	
1	0	0	
1	0	0	
1	0	0	
1	-5	3.75	
1	-5	3.75	
1	-5	3.75	
1	-5	3.75	
1	-5	3.75	
1	-5	3.75	
1	-5	3.75	
1	-5	3.75	
1	-5	3.75	
1	-5	3.75	
1	-5	3.75	
1	-5	3.75	
1	-5	3.75	
1	-5	3.75	
1	-5	3.75	
1	-5	3.75	
1	-5	3.75	
1	-5	3.75	
1	-5	3.75	
1	10	3.75	
1	21.25	3.75	
1	37.5	6.25	
1	46.25	6.25	
1	56.25	7.5	
1	67.5	7.5	
1	108.75	11.25	
1	123.75	13.75	
1	152.5	17.5	
1	167.5	18.75	
1	193.75	18.75	
1	216.25	18.75	
1	233.75	15	
1	241.25	13.75	
1	247.5	11.25	
1	252.5	11.25	
1	265	7.5	
1	267.5	7.5	
1	272.5	3.75	
1	273.75	3.75	
1	277.5	2.5	
1	280	0	
1	282.5	-1.25	
1	286.25	-3.75	
1	288.75	-5	
1	291.25	-7.5	
1	300	-11.25	
1	302.5	-12.5	
1	308.75	-15	
1	310	-16.25	
1	313.75	-18.75	
1	315	-18.75	
1	315	-18.75	
1	315	-18.75	
1	315	-18.75	
1	315	-18.75	
1	315	-18.75	
1	315	-18.75	
1	315	-18.75	
1	315	-18.75	
1	315	-18.75	
1	315	-18.75	
1	315	-18.75	
1	315	-18.75	
1	315	-18.75	
1	315	-18.75	
1	315	-18.75	
1	315	-18.75	
1	315	-18.75	
1	315	-18.75	
2	0	0	
2	0	0	
2	0	0	
2	0	0	
2	0	0	
2	0	0	
2	0	0	
2	0	0	
2	0	0	
2	0	0	
2	0	0	
2	0	0	
2	0	0	
2	0	0	
2	0	0	
2	0	0	
2	0	0	
2	0	0	
2	0	0	
2	0	0	
2	0	0	
2	0	0	
2	0	0	
2	-1.25	0	
2	0	-2.5	
2	17.5	-6.25	
2	26.25	-6.25	
2	36.25	-7.5	
2	48.75	-7.5	
2	80	-3.75	
2	118.75	1.25	
2	138.75	5	
2	180	13.75	
2	198.75	16.25	
2	216.25	17.5	
2	243.75	13.75	
2	251.25	10	
2	255	10	
2	257.5	10	
2	258.75	10	
2	258.75	10	
2	258.75	10	
2	258.75	10	
2	258.75	10	
2	258.75	10	
2	258.75	10	
2	261.25	10	
2	261.25	10	
2	261.25	10	
2	262.5	10	
2	262.5	10	
2	262.5	10	
2	262.5	10	
2	262.5	10	
2	262.5	10	
2	262.5	10	
2	262.5	10	
2	262.5	10	
2	262.5	10	
2	262.5	10	
2	262.5	10	
2	262.5	10	
2	262.5	10	
2	263.75	10	
2	263.75	10	
2	263.75	10	
2	263.75	10	
2	263.75	10	
2	263.75	10	
2	263.75	10	
2	263.75	10	
2	263.75	10	
2	263.75	10	
2	263.75	10	
3	0	0	
3	0	0	
3	0	0	
3	0	0	
3	0	0	
3	0	0	
3	0	0	
3	0	0	
3	0	0	
3	0	0	
3	0	0	
3	0	0	
3	0	0	
3	0	0	
3	0	0	
3	0	0	
3	0	0	
3	0	0	
3	0	0	
3	0	0	
3	0	0	
3	0	0	
3	0	0	
3	1.25	0	
3	7.5	-2.5	
3	15	-2.5	
3	21.25	-2.5	
3	36.25	-3.75	
3	56.25	-2.5	
3	67.5	-2.5	
3	97.5	5	
3	130	12.5	
3	146.25	15	
3	161.25	16.25	
3	177.5	16.25	
3	218.75	15	
3	232.5	12.5	
3	256.25	7.5	
3	266.25	3.75	
3	285	-3.75	
3	300	-13.75	
3	313.75	-21.25	
3	318.75	-25	
3	323.75	-28.75	
3	328.75	-32.5	
3	341.25	-41.25	
3	345	-45	
3	345	-45	
3	345	-45	
3	345	-45	
3	345	-45	
3	345	-45	
3	345	-45	
3	345	-45	
3	345	-45	
3	345	-45	
3	345	-45	
3	345	-45	
3	345	-45	
3	345	-45	
3	345	-45	
3	345	-45	
3	345	-45	
3	345	-45	
3	345	-45	
3	345	-45	
3	345	-45	
3	345	-45	
3	345	-45	
3	345	-45	
3	345	-45	
3	345	-45	
3	345	-45	
3	345	-45	
4	0	0	
4	0	0	
4	0	0	
4	0	0	
4	0	0	
4	0	0	
4	0	0	
4	0	0	
4	0	0	
4	0	0	
4	0	0	
4	0	0	
4	0	0	
4	0	0	
4	0	0	
4	0	0	
4	0	0	
4	0	0	
4	0	0	
4	0	0	
4	0	0	
4	0	0	
4	0	0	
4	0	0	
4	0	0	
4	0	0	
4	0	0	
4	2.5	-1.25	
4	3.75	-3.75	
4	7.5	-3.75	
4	25	-7.5	
4	43.75	-7.5	
4	56.25	-7.5	
4	70	-5	
4	103.75	0	
4	137.5	7.5	
4	168.75	11.25	
4	185	15	
4	201.25	15	
4	215	17.5	
4	252.5	18.75	
4	273.75	17.5	
4	281.25	17.5	
4	290	15	
4	303.75	15	
4	316.25	13.75	
4	323.75	11.25	
4	326.25	11.25	
4	328.75	11.25	
4	330	11.25	
4	332.5	11.25	
4	333.75	11.25	
4	333.75	11.25	
4	333.75	11.25	
4	333.75	11.25	
4	333.75	11.25	
4	333.75	11.25	
4	333.75	11.25	
4	333.75	11.25	
4	333.75	11.25	
4	333.75	11.25	
4	333.75	11.25	
4	333.75	11.25	
4	333.75	11.25	
4	333.75	11.25	
4	333.75	11.25	
4	333.75	11.25	
4	333.75	11.25	
4	333.75	11.25	
4	333.75	11.25	
4	333.75	11.25	
4	333.75	11.25	
4	333.75	11.25	
4	333.75	11.25	
5	0	0	
5	0	0	
5	0	0	
5	0	0	
5	0	0	
5	0	0	
5	0	0	
5	0	0	
5	0	0	
5	0	0	
5	0	0	
5	0	0	
5	0	0	
5	0	0	
5	0	0	
5	0	0	
5	0	0	
5	0	0	
5	0	0	
5	0	0	
5	0	0	
5	0	0	
5	0	0	
5	0	-1.25	
5	2.5	-3.75	
5	12.5	-7.5	
5	17.5	-7.5	
5	25	-7.5	
5	43.75	-8.75	
5	56.25	-7.5	
5	86.25	-3.75	
5	121.25	3.75	
5	140	6.25	
5	157.5	10	
5	191.25	15	
5	225	17.5	
5	242.5	17.5	
5	258.75	17.5	
5	286.25	15	
5	298.75	13.75	
5	318.75	11.25	
5	333.75	10	
5	340	7.5	
5	346.25	7.5	
5	346.25	7.5	
5	346.25	7.5	
5	346.25	7.5	
5	346.25	7.5	
5	346.25	7.5	
5	346.25	7.5	
5	346.25	7.5	
5	346.25	7.5	
5	346.25	7.5	
5	346.25	7.5	
5	346.25	7.5	
5	346.25	7.5	
5	346.25	7.5	
5	346.25	7.5	
5	346.25	7.5	
5	346.25	7.5	
5	346.25	7.5	
5	346.25	7.5	
5	346.25	7.5	
5	346.25	7.5	
5	346.25	7.5	
5	346.25	7.5	
5	346.25	7.5	
5	346.25	7.5	
5	346.25	7.5	
5	346.25	7.5	
5	346.25	7.5	
5	346.25	7.5	
5	346.25	7.5	
5	346.25	7.5	
6	0	0	
6	0	0	
6	0	0	
6	0	0	
6	0	0	
6	0	0	
6	0	0	
6	0	0	
6	0	0	
6	0	0	
6	0	0	
6	0	0	
6	0	0	
6	0	0	
6	0	0	
6	0	0	
6	0	0	
6	0	0	
6	0	0	
6	0	0	
6	1.25	0	
6	3.75	3.75	
6	7.5	3.75	
6	12.5	6.25	
6	33.75	11.25	
6	42.5	13.75	
6	53.75	15	
6	78.75	18.75	
6	108.75	25	
6	143.75	28.75	
6	162.5	30	
6	198.75	32.5	
6	216.25	33.75	
6	235	33.75	
6	286.25	33.75	
6	301.25	33.75	
6	315	32.5	
6	337.5	30	
6	337.5	30	
6	337.5	30	
6	337.5	30	
6	337.5	30	
6	337.5	30	
6	337.5	30	
6	337.5	30	
6	337.5	30	
6	337.5	30	
6	337.5	30	
6	337.5	30	
6	337.5	30	
6	337.5	30	
6	337.5	30	
6	337.5	30	
6	337.5	30	
6	337.5	30	
6	337.5	30	
6	337.5	30	
6	337.5	30	
6	337.5	30	
6	337.5	30	
6	337.5	30	
6	337.5	30	
6	337.5	30	
6	337.5	30	
6	337.5	30	
6	337.5	30	
6	337.5	30	
6	337.5	30	
6	337.5	30	
6	337.5	30	
6	337.5	30	
6	337.5	30	
6	337.5	30	
6	337.5	30	
7	0	0	
7	0	0	
7	0	0	
7	0	0	
7	0	0	
7	0	0	
7	0	0	
7	0	0	
7	0	0	
7	0	0	
7	0	0	
7	0	0	
7	0	0	
7	0	0	
7	0	0	
7	0	0	
7	0	0	
7	0	0	
7	0	0	
7	0	0	
7	0	0	
7	0	0	
7	0	0	
7	0	0	
7	26.25	-7.5	
7	51.25	-10	
7	63.75	-10	
7	77.5	-10	
7	93.75	-7.5	
7	112.5	-6.25	
7	193.75	8.75	
7	212.5	10	
7	231.25	13.75	
7	250	16.25	
7	278.75	17.5	
7	295	16.25	
7	303.75	12.5	
7	307.5	10	
7	308.75	8.75	
7	310	6.25	
7	313.75	1.25	
7	313.75	1.25	
7	313.75	1.25	
7	313.75	1.25	
7	313.75	1.25	
7	313.75	1.25	
7	313.75	1.25	
7	313.75	1.25	
7	313.75	1.25	
7	315	1.25	
7	315	1.25	
7	315	1.25	
7	315	1.25	
7	315	1.25	
7	315	1.25	
7	315	1.25	
7	315	1.25	
7	315	1.25	
7	315	1.25	
7	315	1.25	
7	315	1.25	
7	315	1.25	
7	315	1.25	
7	315	1.25	
7	315	1.25	
7	315	1.25	
7	315	1.25	
7	315	1.25	
7	315	1.25	
7	315	1.25	
7	315	1.25	
7	315	1.25	
7	315	1.25	
7	315	1.25	
8	0	0	
8	0	0	
8	0	0	
8	0	0	
8	0	0	
8	0	0	
8	0	0	
8	0	0	
8	0	0	
8	0	0	
8	0	0	
8	0	0	
8	0	0	
8	0	0	
8	0	0	
8	0	0	
8	0	0	
8	0	0	
8	0	0	
8	0	0	
8	0	0	
8	0	0	
8	0	0	
8	2.5	0	
8	17.5	-2.5	
8	25	-2.5	
8	33.75	-2.5	
8	57.5	-2.5	
8	71.25	-2.5	
8	123.75	0	
8	143.75	1.25	
8	162.5	3.75	
8	183.75	5	
8	223.75	10	
8	277.5	12.5	
8	277.5	12.5	
8	295	12.5	
8	323.75	10	
8	335	10	
8	345	8.75	
8	345	8.75	
8	345	8.75	
8	345	8.75	
8	345	8.75	
8	345	8.75	
8	345	8.75	
8	345	8.75	
8	345	8.75	
8	345	8.75	
8	345	8.75	
8	345	8.75	
8	345	8.75	
8	345	8.75	
8	345	8.75	
8	345	8.75	
8	345	8.75	
8	345	8.75	
8	345	8.75	
8	345	8.75	
8	345	8.75	
8	345	8.75	
8	345	8.75	
8	345	8.75	
8	345	8.75	
8	345	8.75	
8	345	8.75	
8	345	8.75	
8	345	8.75	
8	345	8.75	
8	345	8.75	
8	345	8.75	
8	345	8.75	
8	345	8.75	
8	345	8.75	
9	0	0	
9	0	0	
9	0	0	
9	0	0	
9	0	0	
9	0	0	
9	0	0	
9	0	0	
9	0	0	
9	0	0	
9	0	0	
9	0	0	
9	0	0	
9	0	0	
9	0	0	
9	0	0	
9	0	0	
9	0	0	
9	0	0	
9	0	0	
9	0	0	
9	0	0	
9	3.75	0	
9	6.25	2.5	
9	16.25	3.75	
9	30	3.75	
9	40	6.25	
9	62.5	7.5	
9	77.5	10	
9	128.75	18.75	
9	147.5	23.75	
9	167.5	27.5	
9	187.5	31.25	
9	226.25	37.5	
9	262.5	42.5	
9	280	42.5	
9	298.75	42.5	
9	327.5	42.5	
9	340	42.5	
9	340	42.5	
9	340	42.5	
9	340	42.5	
9	340	42.5	
9	340	42.5	
9	340	42.5	
9	340	42.5	
9	340	42.5	
9	340	42.5	
9	340	42.5	
9	340	42.5	
9	340	42.5	
9	340	42.5	
9	340	42.5	
9	340	42.5	
9	340	42.5	
9	340	42.5	
9	340	42.5	
9	340	42.5	
9	340	42.5	
9	340	42.5	
9	340	42.5	
9	340	42.5	
9	340	42.5	
9	340	42.5	
9	340	42.5	
9	340	42.5	
9	340	42.5	
9	340	42.5	
9	340	42.5	
9	340	42.5	
9	340	42.5	
9	340	42.5	
9	340	42.5	
9	340	42.5	
10	0	0	
10	0	0	
10	0	0	
10	0	0	
10	0	0	
10	0	0	
10	0	0	
10	0	0	
10	0	0	
10	0	0	
10	0	0	
10	0	0	
10	0	0	
10	0	0	
10	0	0	
10	0	0	
10	0	0	
10	0	0	
10	0	0	
10	0	0	
10	2.5	0	
10	3.75	0	
10	11.25	-1.25	
10	17.5	-3.75	
10	25	-3.75	
10	56.25	-8.75	
10	70	-8.75	
10	83.75	-8.75	
10	100	-8.75	
10	135	-8.75	
10	190	-3.75	
10	207.5	-3.75	
10	225	-3.75	
10	242.5	-5	
10	258.75	-5	
10	292.5	-10	
10	301.25	-12.5	
10	307.5	-12.5	
10	312.5	-13.75	
10	318.75	-16.25	
10	323.75	-16.25	
10	325	-16.25	
10	325	-16.25	
10	326.25	-16.25	
10	326.25	-16.25	
10	326.25	-16.25	
10	326.25	-16.25	
10	326.25	-16.25	
10	326.25	-16.25	
10	326.25	-16.25	
10	326.25	-16.25	
10	326.25	-16.25	
10	326.25	-16.25	
10	326.25	-16.25	
10	326.25	-16.25	
10	326.25	-16.25	
10	326.25	-16.25	
10	326.25	-16.25	
10	326.25	-16.25	
10	326.25	-16.25	
10	326.25	-16.25	
10	326.25	-16.25	
10	326.25	-16.25	
10	326.25	-16.25	
10	326.25	-16.25	
10	326.25	-16.25	
10	326.25	-16.25	
10	326.25	-16.25	
10	326.25	-16.25	
10	326.25	-16.25	
10	326.25	-16.25	
10	326.25	-16.25	
10	326.25	-16.25	
10	326.25	-16.25	
11	0	0	
11	0	0	
11	0	0	
11	0	0	
11	0	0	
11	0	0	
11	0	0	
11	0	0	
11	0	0	
11	0	0	
11	0	0	
11	0	0	
11	0	0	
11	0	0	
11	0	0	
11	0	0	
11	0	0	
11	0	0	
11	0	0	
11	0	0	
11	0	0	
11	0	0	
11	0	0	
11	0	0	
11	0	0	
11	0	0	
11	0	0	
11	0	0	
11	1.25	0	
11	2.5	0	
11	13.75	2.5	
11	18.75	2.5	
11	35	3.75	
11	45	3.75	
11	56.25	3.75	
11	98.75	10	
11	115	11.25	
11	131.25	15	
11	167.5	21.25	
11	187.5	22.5	
11	242.5	30	
11	260	30	
11	291.25	28.75	
11	307.5	26.25	
11	321.25	26.25	
11	345	22.5	
11	345	22.5	
11	345	22.5	
11	345	22.5	
11	345	22.5	
11	345	22.5	
11	345	22.5	
11	345	22.5	
11	345	22.5	
11	345	22.5	
11	345	22.5	
11	345	22.5	
11	345	22.5	
11	345	22.5	
11	345	22.5	
11	345	22.5	
11	345	22.5	
11	345	22.5	
11	345	22.5	
11	345	22.5	
11	345	22.5	
11	345	22.5	
11	345	22.5	
11	345	22.5	
11	345	22.5	
11	345	22.5	
11	345	22.5	
11	345	22.5	
11	345	22.5	
12	0	0	
12	0	0	
12	0	0	
12	0	0	
12	0	0	
12	0	0	
12	0	0	
12	0	0	
12	0	0	
12	0	0	
12	0	0	
12	0	0	
12	0	0	
12	0	0	
12	0	0	
12	0	0	
12	0	0	
12	0	0	
12	0	0	
12	0	0	
12	0	0	
12	0	0	
12	0	0	
12	0	0	
12	0	0	
12	2.5	0	
12	6.25	-2.5	
12	15	-3.75	
12	20	-6.25	
12	27.5	-6.25	
12	58.75	-6.25	
12	72.5	-3.75	
12	87.5	-2.5	
12	103.75	-2.5	
12	137.5	1.25	
12	191.25	8.75	
12	210	8.75	
12	227.5	11.25	
12	243.75	12.5	
12	262.5	11.25	
12	302.5	8.75	
12	313.75	5	
12	322.5	5	
12	330	1.25	
12	342.5	0	
12	347.5	-2.5	
12	347.5	-2.5	
12	347.5	-2.5	
12	347.5	-2.5	
12	347.5	-2.5	
12	347.5	-2.5	
12	347.5	-2.5	
12	347.5	-2.5	
12	347.5	-2.5	
12	347.5	-2.5	
12	347.5	-2.5	
12	347.5	-2.5	
12	347.5	-2.5	
12	347.5	-2.5	
12	347.5	-2.5	
12	347.5	-2.5	
12	347.5	-2.5	
12	347.5	-2.5	
12	347.5	-2.5	
12	347.5	-2.5	
12	347.5	-2.5	
12	347.5	-2.5	
12	347.5	-2.5	
12	347.5	-2.5	
12	347.5	-2.5	
12	347.5	-2.5	
12	347.5	-2.5	
12	347.5	-2.5	
12	347.5	-2.5	
13	0	0	
13	0	0	
13	0	0	
13	0	0	
13	0	0	
13	0	0	
13	0	0	
13	0	0	
13	0	0	
13	0	0	
13	0	0	
13	0	0	
13	0	0	
13	0	0	
13	0	0	
13	0	0	
13	0	0	
13	0	0	
13	0	0	
13	0	0	
13	0	-1.25	
13	1.25	-3.75	
13	3.75	-3.75	
13	7.5	-3.75	
13	17.5	-5	
13	33.75	-5	
13	56.25	-3.75	
13	68.75	-3.75	
13	83.75	-1.25	
13	98.75	0	
13	166.25	7.5	
13	181.25	11.25	
13	197.5	11.25	
13	213.75	13.75	
13	242.5	15	
13	268.75	15	
13	291.25	15	
13	301.25	15	
13	308.75	15	
13	321.25	13.75	
13	335	11.25	
13	338.75	11.25	
13	341.25	11.25	
13	342.5	11.25	
13	346.25	11.25	
13	348.75	11.25	
13	348.75	11.25	
13	348.75	11.25	
13	348.75	11.25	
13	348.75	11.25	
13	348.75	11.25	
13	348.75	11.25	
13	348.75	11.25	
13	348.75	11.25	
13	348.75	11.25	
13	348.75	11.25	
13	348.75	11.25	
13	348.75	11.25	
13	348.75	11.25	
13	348.75	11.25	
13	348.75	11.25	
13	348.75	11.25	
13	348.75	11.25	
13	348.75	11.25	
13	348.75	11.25	
13	348.75	11.25	
13	348.75	11.25	
13	348.75	11.25	
13	348.75	11.25	
13	348.75	11.25	
13	348.75	11.25	
13	348.75	11.25	
13	348.75	11.25	
13	348.75	11.25	
14	0	0	
14	0	0	
14	0	0	
14	0	0	
14	0	0	
14	0	0	
14	0	0	
14	0	0	
14	0	0	
14	0	0	
14	0	0	
14	0	0	
14	0	0	
14	0	0	
14	0	0	
14	0	0	
14	0	0	
14	0	0	
14	0	0	
14	0	0	
14	2.5	0	
14	3.75	0	
14	11.25	0	
14	22.5	0	
14	31.25	2.5	
14	62.5	6.25	
14	75	7.5	
14	88.75	10	
14	105	11.25	
14	137.5	17.5	
14	171.25	23.75	
14	188.75	27.5	
14	222.5	33.75	
14	253.75	37.5	
14	268.75	38.75	
14	296.25	38.75	
14	320	41.25	
14	330	38.75	
14	340	38.75	
14	340	38.75	
14	340	38.75	
14	340	38.75	
14	340	38.75	
14	340	38.75	
14	340	38.75	
14	340	38.75	
14	340	38.75	
14	340	38.75	
14	340	38.75	
14	340	38.75	
14	340	38.75	
14	340	38.75	
14	340	38.75	
14	340	38.75	
14	340	38.75	
14	340	38.75	
14	340	38.75	
14	340	38.75	
14	340	38.75	
14	340	38.75	
14	340	38.75	
14	340	38.75	
14	340	38.75	
14	340	38.75	
14	340	38.75	
14	340	38.75	
14	340	38.75	
14	340	38.75	
14	340	38.75	
14	340	38.75	
14	340	38.75	
14	340	38.75	
14	340	38.75	
14	340	38.75	
15	0	0	
15	0	0	
15	0	0	
15	0	0	
15	0	0	
15	1.25	0	
15	1.25	0	
15	1.25	0	
15	1.25	0	
15	1.25	0	
15	1.25	0	
15	1.25	0	
15	1.25	0	
15	1.25	0	
15	1.25	0	
15	1.25	0	
15	1.25	0	
15	1.25	0	
15	1.25	0	
15	2.5	0	
15	5	0	
15	8.75	0	
15	16.25	2.5	
15	22.5	2.5	
15	30	3.75	
15	60	7.5	
15	88.75	8.75	
15	106.25	8.75	
15	123.75	11.25	
15	143.75	12.5	
15	206.25	20	
15	227.5	20	
15	267.5	23.75	
15	286.25	26.25	
15	303.75	26.25	
15	347.5	23.75	
15	347.5	23.75	
15	347.5	23.75	
15	347.5	23.75	
15	347.5	23.75	
15	347.5	23.75	
15	347.5	23.75	
15	347.5	23.75	
15	347.5	23.75	
15	347.5	23.75	
15	347.5	23.75	
15	347.5	23.75	
15	347.5	23.75	
15	347.5	23.75	
15	347.5	23.75	
15	347.5	23.75	
15	347.5	23.75	
15	347.5	23.75	
15	347.5	23.75	
15	347.5	23.75	
15	347.5	23.75	
15	347.5	23.75	
15	347.5	23.75	
15	347.5	23.75	
15	347.5	23.75	
15	347.5	23.75	
15	347.5	23.75	
15	347.5	23.75	
15	347.5	23.75	
15	347.5	23.75	
15	347.5	23.75	
15	347.5	23.75	
15	347.5	23.75	
15	347.5	23.75	
15	347.5	23.75	
15	347.5	23.75	
15	347.5	23.75	
15	347.5	23.75	
15	347.5	23.75	
16	0	0	
16	0	0	
16	0	0	
16	0	0	
16	0	0	
16	0	0	
16	0	0	
16	0	0	
16	0	0	
16	0	0	
16	0	0	
16	0	0	
16	0	0	
16	0	0	
16	0	0	
16	0	0	
16	0	0	
16	0	0	
16	0	0	
16	3.75	0	
16	10	0	
16	15	0	
16	28.75	0	
16	37.5	0	
16	47.5	0	
16	91.25	6.25	
16	108.75	10	
16	127.5	11.25	
16	167.5	18.75	
16	210	26.25	
16	250	30	
16	270	33.75	
16	306.25	33.75	
16	322.5	33.75	
16	338.75	33.75	
16	338.75	33.75	
16	338.75	33.75	
16	338.75	33.75	
16	338.75	33.75	
16	338.75	33.75	
16	338.75	33.75	
16	338.75	33.75	
16	338.75	33.75	
16	338.75	33.75	
16	338.75	33.75	
16	338.75	33.75	
16	338.75	33.75	
16	338.75	33.75	
16	338.75	33.75	
16	338.75	33.75	
16	338.75	33.75	
16	338.75	33.75	
16	338.75	33.75	
16	338.75	33.75	
16	338.75	33.75	
16	338.75	33.75	
16	338.75	33.75	
16	338.75	33.75	
16	338.75	33.75	
16	338.75	33.75	
16	338.75	33.75	
16	338.75	33.75	
16	338.75	33.75	
16	338.75	33.75	
16	338.75	33.75	
16	338.75	33.75	
16	338.75	33.75	
16	338.75	33.75	
16	338.75	33.75	
16	338.75	33.75	
16	338.75	33.75	
16	338.75	33.75	
16	338.75	33.75	
16	338.75	33.75	
17	0	0	
17	0	0	
17	0	0	
17	0	0	
17	0	0	
17	0	0	
17	0	0	
17	0	0	
17	0	0	
17	0	0	
17	0	0	
17	0	0	
17	0	0	
17	0	0	
17	0	0	
17	0	0	
17	0	0	
17	0	0	
17	0	0	
17	0	0	
17	0	0	
17	0	0	
17	0	0	
17	0	0	
17	0	0	
17	0	0	
17	0	0	
17	0	0	
17	0	0	
17	0	0	
17	0	0	
17	0	0	
17	0	0	
17	0	0	
17	0	0	
17	0	0	
17	0	0	
17	0	0	
17	0	0	
17	0	0	
17	0	0	
17	0	0	
17	0	0	
17	0	0	
17	0	0	
17	0	0	
17	0	0	
17	2.5	2.5	
17	5	2.5	
17	8.75	3.75	
17	22.5	3.75	
17	33.75	6.25	
17	41.25	6.25	
17	48.75	6.25	
17	57.5	7.5	
17	88.75	10	
17	101.25	10	
17	113.75	11.25	
17	140	11.25	
17	152.5	11.25	
17	193.75	15	
17	207.5	15	
17	235	15	
17	247.5	15	
17	258.75	15	
17	293.75	13.75	
17	305	13.75	
17	315	13.75	
17	331.25	11.25	
17	338.75	11.25	
17	338.75	11.25	
17	338.75	11.25	
17	338.75	11.25	
17	338.75	11.25	
18	0	0	
18	0	0	
18	0	0	
18	0	0	
18	0	0	
18	0	0	
18	0	0	
18	0	0	
18	0	0	
18	0	0	
18	0	0	
18	0	0	
18	0	0	
18	0	0	
18	0	0	
18	0	0	
18	0	0	
18	0	0	
18	0	0	
18	0	0	
18	0	0	
18	0	0	
18	0	0	
18	2.5	0	
18	5	0	
18	22.5	0	
18	41.25	3.75	
18	52.5	6.25	
18	65	7.5	
18	77.5	10	
18	123.75	15	
18	140	18.75	
18	157.5	21.25	
18	190	22.5	
18	222.5	27.5	
18	252.5	30	
18	266.25	30	
18	291.25	30	
18	302.5	27.5	
18	312.5	27.5	
18	340	22.5	
18	346.25	21.25	
18	346.25	21.25	
18	346.25	21.25	
18	346.25	21.25	
18	346.25	21.25	
18	346.25	21.25	
18	346.25	21.25	
18	346.25	21.25	
18	346.25	21.25	
18	346.25	21.25	
18	346.25	21.25	
18	346.25	21.25	
18	346.25	21.25	
18	346.25	21.25	
18	346.25	21.25	
18	346.25	21.25	
18	346.25	21.25	
18	346.25	21.25	
18	346.25	21.25	
18	346.25	21.25	
18	346.25	21.25	
18	346.25	21.25	
18	346.25	21.25	
18	346.25	21.25	
18	346.25	21.25	
18	346.25	21.25	
18	346.25	21.25	
18	346.25	21.25	
18	346.25	21.25	
18	346.25	21.25	
18	346.25	21.25	
18	346.25	21.25	
18	346.25	21.25	
19	0	0	
19	0	0	
19	0	0	
19	0	0	
19	0	0	
19	0	0	
19	0	0	
19	0	0	
19	0	0	
19	0	0	
19	0	0	
19	0	0	
19	0	0	
19	0	0	
19	0	0	
19	0	0	
19	0	0	
19	0	0	
19	0	0	
19	0	0	
19	0	0	
19	0	0	
19	0	0	
19	0	0	
19	0	0	
19	7.5	3.75	
19	12.5	3.75	
19	20	6.25	
19	37.5	10	
19	48.75	11.25	
19	88.75	17.5	
19	105	18.75	
19	121.25	18.75	
19	155	22.5	
19	172.5	25	
19	222.5	28.75	
19	238.75	30	
19	267.5	30	
19	280	30	
19	291.25	30	
19	318.75	30	
19	325	30	
19	331.25	28.75	
19	341.25	26.25	
19	345	26.25	
19	348.75	25	
19	348.75	25	
19	348.75	25	
19	348.75	25	
19	348.75	25	
19	348.75	25	
19	348.75	25	
19	348.75	25	
19	348.75	25	
19	348.75	25	
19	348.75	25	
19	348.75	25	
19	348.75	25	
19	348.75	25	
19	348.75	25	
19	348.75	25	
19	348.75	25	
19	348.75	25	
19	348.75	25	
19	348.75	25	
19	348.75	25	
19	348.75	25	
19	348.75	25	
19	348.75	25	
19	348.75	25	
19	348.75	25	
19	348.75	25	
19	348.75	25	
19	348.75	25	
20	0	0	
20	0	0	
20	0	0	
20	0	0	
20	0	0	
20	0	0	
20	0	0	
20	0	0	
20	0	0	
20	0	0	
20	0	0	
20	0	0	
20	0	0	
20	0	0	
20	0	0	
20	0	0	
20	0	0	
20	0	0	
20	0	0	
20	0	0	
20	0	0	
20	0	0	
20	0	0	
20	0	0	
20	0	0	
20	2.5	0	
20	6.25	0	
20	10	0	
20	22.5	0	
20	31.25	3.75	
20	61.25	7.5	
20	73.75	7.5	
20	98.75	7.5	
20	113.75	7.5	
20	127.5	7.5	
20	171.25	3.75	
20	186.25	3.75	
20	201.25	2.5	
20	231.25	0	
20	245	-1.25	
20	283.75	-3.75	
20	295	-5	
20	315	-8.75	
20	325	-8.75	
20	332.5	-8.75	
20	340	-8.75	
20	340	-8.75	
20	340	-8.75	
20	340	-8.75	
20	340	-8.75	
20	340	-8.75	
20	340	-8.75	
20	340	-8.75	
20	340	-8.75	
20	340	-8.75	
20	340	-8.75	
20	340	-8.75	
20	340	-8.75	
20	340	-8.75	
20	340	-8.75	
20	340	-8.75	
20	340	-8.75	
20	340	-8.75	
20	340	-8.75	
20	340	-8.75	
20	340	-8.75	
20	340	-8.75	
20	340	-8.75	
20	340	-8.75	
20	340	-8.75	
20	340	-8.75	
20	340	-8.75	
20	340	-8.75	
20	340	-8.75	
21	0	0	
21	0	0	
21	0	0	
21	0	0	
21	0	0	
21	0	0	
21	0	0	
21	0	0	
21	0	0	
21	0	0	
21	0	0	
21	0	0	
21	0	0	
21	0	0	
21	0	0	
21	0	0	
21	0	0	
21	0	0	
21	0	0	
21	0	0	
21	0	0	
21	0	0	
21	1.25	0	
21	2.5	0	
21	8.75	0	
21	30	0	
21	40	0	
21	52.5	0	
21	81.25	0	
21	98.75	2.5	
21	156.25	7.5	
21	177.5	11.25	
21	198.75	13.75	
21	220	15	
21	261.25	18.75	
21	315	18.75	
21	330	18.75	
21	343.75	17.5	
21	343.75	17.5	
21	343.75	17.5	
21	343.75	17.5	
21	343.75	17.5	
21	343.75	17.5	
21	343.75	17.5	
21	343.75	17.5	
21	343.75	17.5	
21	343.75	17.5	
21	343.75	17.5	
21	343.75	17.5	
21	343.75	17.5	
21	343.75	17.5	
21	343.75	17.5	
21	343.75	17.5	
21	343.75	17.5	
21	343.75	17.5	
21	343.75	17.5	
21	343.75	17.5	
21	343.75	17.5	
21	343.75	17.5	
21	343.75	17.5	
21	343.75	17.5	
21	343.75	17.5	
21	343.75	17.5	
21	343.75	17.5	
21	343.75	17.5	
21	343.75	17.5	
21	343.75	17.5	
21	343.75	17.5	
21	343.75	17.5	
21	343.75	17.5	
21	343.75	17.5	
21	343.75	17.5	
21	343.75	17.5	
21	343.75	17.5	
22	0	0	
22	0	0	
22	0	0	
22	0	0	
22	0	0	
22	0	-2.5	
22	0	0	
22	0	0	
22	0	0	
22	0	0	
22	0	0	
22	0	0	
22	0	0	
22	0	0	
22	0	0	
22	-1.25	0	
22	-1.25	0	
22	-1.25	0	
22	-1.25	0	
22	-1.25	0	
22	0	0	
22	1.25	0	
22	3.75	1.25	
22	6.25	1.25	
22	16.25	1.25	
22	28.75	5	
22	48.75	8.75	
22	72.5	12.5	
22	86.25	17.5	
22	100	17.5	
22	146.25	23.75	
22	162.5	25	
22	177.5	25	
22	193.75	25	
22	208.75	25	
22	243.75	25	
22	262.5	25	
22	278.75	25	
22	305	23.75	
22	315	21.25	
22	340	20	
22	346.25	17.5	
22	346.25	17.5	
22	346.25	17.5	
22	346.25	17.5	
22	346.25	17.5	
22	346.25	17.5	
22	346.25	17.5	
22	346.25	17.5	
22	346.25	17.5	
22	346.25	17.5	
22	346.25	17.5	
22	346.25	17.5	
22	346.25	17.5	
22	346.25	17.5	
22	346.25	17.5	
22	346.25	17.5	
22	346.25	17.5	
22	346.25	17.5	
22	346.25	17.5	
22	346.25	17.5	
22	346.25	17.5	
22	346.25	17.5	
22	346.25	17.5	
22	346.25	17.5	
22	346.25	17.5	
22	346.25	17.5	
22	346.25	17.5	
22	346.25	17.5	
22	346.25	17.5	
22	346.25	17.5	
22	346.25	17.5	
22	346.25	17.5	
22	346.25	17.5	
23	0	0	
23	0	0	
23	0	0	
23	0	0	
23	0	0	
23	0	0	
23	0	0	
23	0	0	
23	0	0	
23	0	0	
23	0	0	
23	0	0	
23	0	0	
23	0	0	
23	0	0	
23	0	0	
23	0	0	
23	0	0	
23	0	0	
23	0	0	
23	0	0	
23	0	0	
23	1.25	0	
23	2.5	0	
23	6.25	0	
23	13.75	0	
23	20	0	
23	20	0	
23	38.75	1.25	
23	63.75	5	
23	91.25	8.75	
23	105	8.75	
23	136.25	12.5	
23	151.25	15	
23	196.25	20	
23	211.25	20	
23	223.75	20	
23	237.5	20	
23	262.5	20	
23	296.25	18.75	
23	306.25	16.25	
23	316.25	16.25	
23	333.75	16.25	
23	341.25	16.25	
23	341.25	16.25	
23	341.25	16.25	
23	341.25	16.25	
23	341.25	16.25	
23	341.25	16.25	
23	341.25	16.25	
23	341.25	16.25	
23	341.25	16.25	
23	341.25	16.25	
23	341.25	16.25	
23	341.25	16.25	
23	341.25	16.25	
23	341.25	16.25	
23	341.25	16.25	
23	341.25	16.25	
23	341.25	16.25	
23	341.25	16.25	
23	341.25	16.25	
23	341.25	16.25	
23	341.25	16.25	
23	341.25	16.25	
23	341.25	16.25	
23	341.25	16.25	
23	341.25	16.25	
23	341.25	16.25	
23	341.25	16.25	
23	341.25	16.25	
23	341.25	16.25	
23	341.25	16.25	
23	341.25	16.25	
24	0	0	
24	0	0	
24	0	0	
24	0	0	
24	0	0	
24	0	0	
24	0	0	
24	0	0	
24	0	0	
24	0	0	
24	0	0	
24	0	0	
24	0	0	
24	0	0	
24	0	0	
24	0	0	
24	0	0	
24	0	0	
24	0	0	
24	0	0	
24	0	0	
24	1.25	0	
24	5	0	
24	10	0	
24	23.75	0	
24	42.5	2.5	
24	53.75	3.75	
24	80	7.5	
24	93.75	11.25	
24	110	15	
24	158.75	22.5	
24	173.75	25	
24	190	26.25	
24	221.25	30	
24	250	30	
24	276.25	30	
24	287.5	30	
24	305	30	
24	312.5	30	
24	317.5	28.75	
24	331.25	26.25	
24	335	26.25	
24	340	22.5	
24	342.5	22.5	
24	345	22.5	
24	346.25	18.75	
24	348.75	18.75	
24	348.75	18.75	
24	348.75	18.75	
24	348.75	18.75	
24	348.75	18.75	
24	348.75	18.75	
24	348.75	18.75	
24	348.75	18.75	
24	348.75	18.75	
24	348.75	18.75	
24	348.75	18.75	
24	348.75	18.75	
24	348.75	18.75	
24	348.75	18.75	
24	348.75	18.75	
24	348.75	18.75	
24	348.75	18.75	
24	348.75	18.75	
24	348.75	18.75	
24	348.75	18.75	
24	348.75	18.75	
24	348.75	18.75	
24	348.75	18.75	
24	348.75	18.75	
24	348.75	18.75	
24	348.75	18.75	
24	348.75	18.75	
24	348.75	18.75	
25	0	0	
25	0	0	
25	0	0	
25	0	3.75	
25	0	3.75	
25	0	3.75	
25	0	2.5	
25	0	3.75	
25	0	3.75	
25	0	6.25	
25	0	3.75	
25	0	3.75	
25	0	3.75	
25	0	3.75	
25	0	3.75	
25	0	3.75	
25	0	3.75	
25	0	3.75	
25	0	3.75	
25	0	3.75	
25	0	3.75	
25	0	3.75	
25	0	3.75	
25	0	3.75	
25	0	3.75	
25	0	3.75	
25	3.75	3.75	
25	8.75	6.25	
25	12.5	3.75	
25	18.75	3.75	
25	41.25	6.25	
25	51.25	7.5	
25	63.75	7.5	
25	92.5	15	
25	108.75	18.75	
25	142.5	21.25	
25	176.25	22.5	
25	208.75	26.25	
25	223.75	26.25	
25	238.75	30	
25	273.75	26.25	
25	283.75	26.25	
25	291.25	25	
25	305	22.5	
25	310	21.25	
25	320	22.5	
25	322.5	21.25	
25	325	18.75	
25	327.5	18.75	
25	328.75	18.75	
25	331.25	18.75	
25	333.75	17.5	
25	336.25	15	
25	337.5	17.5	
25	337.5	17.5	
25	340	15	
25	341.25	13.75	
25	342.5	13.75	
25	343.75	13.75	
25	343.75	13.75	
25	345	13.75	
25	345	13.75	
25	345	13.75	
25	345	13.75	
25	345	13.75	
25	345	13.75	
25	345	13.75	
25	345	13.75	
25	345	11.25	
25	345	11.25	
25	346.25	10	
25	346.25	10	
25	346.25	11.25	
25	346.25	11.25	
26	0	0	
26	0	-2.5	
26	0	-2.5	
26	0	-2.5	
26	0	-3.75	
26	0	-3.75	
26	0	-2.5	
26	0	-2.5	
26	0	-2.5	
26	0	-2.5	
26	0	0	
26	0	1.25	
26	0	1.25	
26	0	1.25	
26	0	0	
26	0	-2.5	
26	0	-2.5	
26	0	-2.5	
26	0	-2.5	
26	0	-2.5	
26	1.25	0	
26	3.75	1.25	
26	7.5	1.25	
26	12.5	5	
26	25	7.5	
26	41.25	8.75	
26	51.25	8.75	
26	73.75	7.5	
26	86.25	7.5	
26	98.75	7.5	
26	155	5	
26	171.25	5	
26	187.5	5	
26	202.5	5	
26	228.75	1.25	
26	250	0	
26	260	-2.5	
26	277.5	-6.25	
26	285	-7.5	
26	297.5	-11.25	
26	306.25	-13.75	
26	311.25	-13.75	
26	312.5	-13.75	
26	313.75	-13.75	
26	316.25	-15	
26	317.5	-17.5	
26	317.5	-17.5	
26	317.5	-17.5	
26	317.5	-17.5	
26	317.5	-17.5	
26	318.75	-17.5	
26	320	-17.5	
26	321.25	-17.5	
26	322.5	-17.5	
26	322.5	-17.5	
26	323.75	-17.5	
26	325	-17.5	
26	326.25	-15	
26	326.25	-15	
26	327.5	-15	
26	327.5	-13.75	
26	328.75	-15	
26	328.75	-17.5	
26	330	-17.5	
26	331.25	-17.5	
26	331.25	-13.75	
26	331.25	-13.75	
26	331.25	-13.75	
26	331.25	-13.75	
26	332.5	-13.75	
26	333.75	-10	
26	333.75	-10	
26	332.5	-10	
26	332.5	-10	
27	0	0	
27	0	0	
27	0	0	
27	0	0	
27	0	0	
27	0	0	
27	0	0	
27	0	0	
27	0	0	
27	0	0	
27	0	0	
27	0	0	
27	0	0	
27	0	0	
27	0	0	
27	0	0	
27	0	0	
27	0	0	
27	0	0	
27	0	0	
27	0	0	
27	0	0	
27	0	0	
27	0	0	
27	0	0	
27	5	1.25	
27	8.75	1.25	
27	15	3.75	
27	23.75	5	
27	43.75	8.75	
27	72.5	16.25	
27	90	20	
27	127.5	26.25	
27	165	27.5	
27	182.5	30	
27	217.5	27.5	
27	250	23.75	
27	265	22.5	
27	280	20	
27	307.5	16.25	
27	332.5	12.5	
27	332.5	12.5	
27	332.5	12.5	
27	332.5	12.5	
27	332.5	12.5	
27	332.5	12.5	
27	332.5	12.5	
27	332.5	12.5	
27	332.5	12.5	
27	332.5	12.5	
27	332.5	12.5	
27	332.5	12.5	
27	332.5	12.5	
27	332.5	12.5	
27	332.5	12.5	
27	332.5	12.5	
27	332.5	12.5	
27	332.5	12.5	
27	332.5	12.5	
27	332.5	12.5	
27	332.5	12.5	
27	332.5	12.5	
27	332.5	12.5	
27	332.5	12.5	
27	332.5	12.5	
27	332.5	12.5	
27	332.5	12.5	
27	332.5	12.5	
27	332.5	12.5	
27	332.5	12.5	
27	332.5	12.5	
27	332.5	12.5	
27	332.5	12.5	
27	332.5	12.5	
28	0	0	
28	0	0	
28	0	0	
28	0	0	
28	0	0	
28	0	0	
28	0	0	
28	0	0	
28	0	0	
28	0	0	
28	0	0	
28	0	0	
28	0	0	
28	0	0	
28	0	0	
28	0	0	
28	0	0	
28	0	0	
28	0	0	
28	1.25	-2.5	
28	6.25	0	
28	8.75	0	
28	18.75	0	
28	25	0	
28	32.5	0	
28	63.75	0	
28	92.5	-2.5	
28	108.75	-2.5	
28	126.25	0	
28	150	1.25	
28	195	1.25	
28	195	1.25	
28	245	1.25	
28	266.25	1.25	
28	285	1.25	
28	322.5	1.25	
28	340	1.25	
28	340	1.25	
28	340	1.25	
28	340	1.25	
28	340	1.25	
28	340	1.25	
28	340	1.25	
28	340	1.25	
28	340	1.25	
28	340	1.25	
28	340	1.25	
28	340	1.25	
28	340	1.25	
28	340	1.25	
28	340	1.25	
28	340	1.25	
28	340	1.25	
28	340	1.25	
28	340	1.25	
28	340	1.25	
28	340	1.25	
28	340	1.25	
28	340	1.25	
28	340	1.25	
28	340	1.25	
28	340	1.25	
28	340	1.25	
28	340	1.25	
28	340	1.25	
28	340	1.25	
28	340	1.25	
28	340	1.25	
28	340	1.25	
28	340	1.25	
28	340	1.25	
28	340	1.25	
28	340	1.25	
28	340	1.25	
29	0	0	
29	0	0	
29	0	0	
29	0	0	
29	0	0	
29	0	0	
29	0	0	
29	0	0	
29	0	0	
29	0	0	
29	0	0	
29	0	0	
29	0	0	
29	0	0	
29	0	0	
29	0	0	
29	0	0	
29	0	0	
29	2.5	0	
29	7.5	0	
29	26.25	3.75	
29	33.75	6.25	
29	43.75	6.25	
29	67.5	7.5	
29	81.25	10	
29	112.5	13.75	
29	147.5	15	
29	165	18.75	
29	183.75	18.75	
29	218.75	22.5	
29	268.75	26.25	
29	268.75	26.25	
29	286.25	26.25	
29	302.5	26.25	
29	328.75	25	
29	341.25	22.5	
29	341.25	22.5	
29	341.25	22.5	
29	341.25	22.5	
29	341.25	22.5	
29	341.25	22.5	
29	341.25	22.5	
29	341.25	22.5	
29	341.25	22.5	
29	341.25	22.5	
29	341.25	22.5	
29	341.25	22.5	
29	341.25	22.5	
29	341.25	22.5	
29	341.25	22.5	
29	341.25	22.5	
29	341.25	22.5	
29	341.25	22.5	
29	341.25	22.5	
29	341.25	22.5	
29	341.25	22.5	
29	341.25	22.5	
29	341.25	22.5	
29	341.25	22.5	
29	341.25	22.5	
29	341.25	22.5	
29	341.25	22.5	
29	341.25	22.5	
29	341.25	22.5	
29	341.25	22.5	
29	341.25	22.5	
29	341.25	22.5	
29	341.25	22.5	
29	341.25	22.5	
29	341.25	22.5	
29	341.25	22.5	
29	341.25	22.5	
29	341.25	22.5	
29	341.25	22.5	
30	0	0	
30	0	0	
30	0	0	
30	0	0	
30	-1.25	0	
30	-2.5	0	
30	-3.75	0	
30	-5	2.5	
30	-5	2.5	
30	-5	2.5	
30	-5	2.5	
30	-5	2.5	
30	-5	2.5	
30	-5	2.5	
30	-5	2.5	
30	-5	2.5	
30	-5	2.5	
30	-5	2.5	
30	-5	2.5	
30	-5	2.5	
30	-5	2.5	
30	-5	2.5	
30	-5	2.5	
30	-5	2.5	
30	-5	2.5	
30	-5	2.5	
30	-5	2.5	
30	-5	0	
30	-2.5	0	
30	0	-1.25	
30	6.25	-1.25	
30	15	-1.25	
30	28.75	0	
30	37.5	3.75	
30	46.25	3.75	
30	73.75	11.25	
30	83.75	11.25	
30	93.75	11.25	
30	112.5	11.25	
30	121.25	10	
30	150	3.75	
30	160	0	
30	181.25	-3.75	
30	192.5	-7.5	
30	202.5	-8.75	
30	236.25	-12.5	
30	247.5	-15	
30	257.5	-15	
30	267.5	-16.25	
30	286.25	-18.75	
30	308.75	-23.75	
30	315	-26.25	
30	321.25	-26.25	
30	331.25	-27.5	
30	335	-30	
30	343.75	-31.25	
30	346.25	-31.25	
30	347.5	-31.25	
30	347.5	-31.25	
30	347.5	-31.25	
30	347.5	-31.25	
30	347.5	-31.25	
30	347.5	-31.25	
30	347.5	-31.25	
30	347.5	-31.25	
30	347.5	-31.25	
30	347.5	-31.25	
30	347.5	-31.25	
30	347.5	-31.25	
30	347.5	-31.25	
30	347.5	-31.25	
30	347.5	-31.25	
30	347.5	-31.25	
30	347.5	-31.25	
31	0	0	
31	0	0	
31	0	0	
31	0	0	
31	0	0	
31	0	0	
31	0	0	
31	0	0	
31	0	0	
31	0	0	
31	0	0	
31	0	0	
31	0	0	
31	0	0	
31	0	0	
31	0	0	
31	0	0	
31	0	0	
31	0	0	
31	0	0	
31	0	0	
31	2.5	0	
31	3.75	0	
31	7.5	0	
31	16.25	0	
31	36.25	-2.5	
31	43.75	-3.75	
31	55	-6.25	
31	77.5	-6.25	
31	91.25	-6.25	
31	136.25	-3.75	
31	151.25	-2.5	
31	167.5	0	
31	182.5	1.25	
31	211.25	5	
31	247.5	5	
31	257.5	5	
31	266.25	5	
31	281.25	5	
31	286.25	3.75	
31	296.25	1.25	
31	303.75	1.25	
31	306.25	0	
31	308.75	0	
31	315	-2.5	
31	320	-2.5	
31	322.5	-2.5	
31	323.75	-2.5	
31	325	-2.5	
31	325	-2.5	
31	326.25	-2.5	
31	326.25	-2.5	
31	327.5	-2.5	
31	327.5	-2.5	
31	328.75	-2.5	
31	328.75	-2.5	
31	328.75	-2.5	
31	328.75	-2.5	
31	328.75	-2.5	
31	328.75	-2.5	
31	328.75	-2.5	
31	328.75	-2.5	
31	328.75	-2.5	
31	328.75	-2.5	
31	328.75	-2.5	
31	328.75	-2.5	
31	328.75	-2.5	
31	328.75	-2.5	
31	328.75	-2.5	
31	328.75	-2.5	
31	328.75	-2.5	
31	328.75	-2.5	
31	328.75	-2.5	
31	328.75	-2.5	
32	0	0	
32	0	0	
32	0	0	
32	0	0	
32	0	0	
32	0	0	
32	0	0	
32	0	0	
32	0	0	
32	0	0	
32	0	0	
32	0	0	
32	0	0	
32	0	0	
32	0	0	
32	0	0	
32	0	0	
32	0	0	
32	0	0	
32	0	0	
32	0	0	
32	0	0	
32	0	0	
32	0	0	
32	0	0	
32	0	0	
32	0	0	
32	0	0	
32	0	0	
32	0	0	
32	0	0	
32	0	0	
32	0	0	
32	0	0	
32	0	0	
32	0	0	
32	0	0	
32	0	0	
32	0	0	
32	0	0	
32	0	0	
32	0	0	
32	0	0	
32	0	0	
32	0	0	
32	0	0	
32	0	0	
32	0	0	
32	0	0	
32	0	0	
32	0	0	
32	0	0	
32	0	0	
32	0	0	
32	0	0	
32	0	0	
32	1.25	1.25	
32	10	1.25	
32	17.5	1.25	
32	26.25	3.75	
32	63.75	1.25	
32	81.25	1.25	
32	101.25	1.25	
32	123.75	1.25	
32	173.75	5	
32	227.5	11.25	
32	280	12.5	
32	328.75	15	
32	328.75	15	
32	328.75	15	
32	328.75	15	
32	328.75	15	
32	328.75	15	
32	328.75	15	
33	0	0	
33	0	0	
33	0	0	
33	0	0	
33	0	0	
33	0	0	
33	0	0	
33	0	0	
33	0	0	
33	0	0	
33	0	0	
33	0	0	
33	0	0	
33	0	0	
33	0	0	
33	0	0	
33	0	0	
33	0	0	
33	0	0	
33	0	0	
33	0	0	
33	0	0	
33	0	0	
33	0	0	
33	0	0	
33	0	0	
33	0	0	
33	0	0	
33	0	0	
33	0	0	
33	0	0	
33	0	0	
33	0	0	
33	0	0	
33	0	0	
33	0	0	
33	1.25	-1.25	
33	2.5	-1.25	
33	6.25	-3.75	
33	16.25	-3.75	
33	40	-5	
33	51.25	-5	
33	62.5	-3.75	
33	91.25	-1.25	
33	107.5	0	
33	156.25	2.5	
33	172.5	2.5	
33	188.75	0	
33	205	0	
33	237.5	-1.25	
33	286.25	-7.5	
33	302.5	-7.5	
33	317.5	-11.25	
33	347.5	-11.25	
33	347.5	-11.25	
33	347.5	-11.25	
33	347.5	-11.25	
33	347.5	-11.25	
33	347.5	-11.25	
33	347.5	-11.25	
33	347.5	-11.25	
33	347.5	-11.25	
33	347.5	-11.25	
33	347.5	-11.25	
33	347.5	-11.25	
33	347.5	-11.25	
33	347.5	-11.25	
33	347.5	-11.25	
33	347.5	-11.25	
33	347.5	-11.25	
33	347.5	-11.25	
33	347.5	-11.25	
33	347.5	-11.25	
33	347.5	-11.25	
34	0	0	
34	0	0	
34	0	0	
34	0	0	
34	0	0	
34	0	0	
34	0	0	
34	0	0	
34	0	0	
34	0	0	
34	0	0	
34	0	0	
34	0	0	
34	0	0	
34	0	0	
34	0	0	
34	0	0	
34	0	0	
34	0	0	
34	0	0	
34	0	0	
34	0	0	
34	0	0	
34	0	0	
34	2.5	0	
34	15	6.25	
34	21.25	7.5	
34	28.75	7.5	
34	47.5	11.25	
34	58.75	11.25	
34	85	11.25	
34	115	13.75	
34	132.5	15	
34	150	17.5	
34	188.75	21.25	
34	245	26.25	
34	262.5	26.25	
34	280	26.25	
34	310	26.25	
34	323.75	26.25	
34	346.25	22.5	
34	346.25	22.5	
34	346.25	22.5	
34	346.25	22.5	
34	346.25	22.5	
34	346.25	22.5	
34	346.25	22.5	
34	346.25	22.5	
34	346.25	22.5	
34	346.25	22.5	
34	346.25	22.5	
34	346.25	22.5	
34	346.25	22.5	
34	346.25	22.5	
34	346.25	22.5	
34	346.25	22.5	
34	346.25	22.5	
34	346.25	22.5	
34	346.25	22.5	
34	346.25	22.5	
34	346.25	22.5	
34	346.25	22.5	
34	346.25	22.5	
34	346.25	22.5	
34	346.25	22.5	
34	346.25	22.5	
34	346.25	22.5	
34	346.25	22.5	
34	346.25	22.5	
34	346.25	22.5	
34	346.25	22.5	
34	346.25	22.5	
34	346.25	22.5	
34	346.25	22.5	
35	0	0	
35	0	0	
35	0	0	
35	0	0	
35	0	0	
35	0	0	
35	0	0	
35	0	0	
35	0	0	
35	0	0	
35	0	0	
35	0	0	
35	0	0	
35	0	0	
35	0	0	
35	0	0	
35	0	0	
35	0	0	
35	0	0	
35	0	0	
35	1.25	0	
35	5	0	
35	10	0	
35	16.25	2.5	
35	35	7.5	
35	62.5	15	
35	92.5	22.5	
35	107.5	25	
35	138.75	28.75	
35	153.75	30	
35	201.25	33.75	
35	201.25	33.75	
35	220	33.75	
35	236.25	33.75	
35	266.25	32.5	
35	290	30	
35	298.75	28.75	
35	315	26.25	
35	326.25	22.5	
35	331.25	22.5	
35	341.25	21.25	
35	342.5	21.25	
35	343.75	21.25	
35	345	21.25	
35	346.25	21.25	
35	346.25	21.25	
35	347.5	21.25	
35	347.5	21.25	
35	347.5	21.25	
35	347.5	21.25	
35	347.5	21.25	
35	347.5	21.25	
35	347.5	21.25	
35	347.5	21.25	
35	347.5	21.25	
35	347.5	21.25	
35	347.5	21.25	
35	347.5	21.25	
35	347.5	21.25	
35	347.5	21.25	
35	347.5	21.25	
35	347.5	21.25	
35	347.5	21.25	
35	347.5	21.25	
35	347.5	21.25	
35	347.5	21.25	
35	347.5	21.25	
35	347.5	21.25	
35	347.5	21.25	
35	347.5	21.25	
35	347.5	21.25	
35	347.5	21.25	
35	347.5	21.25	
35	347.5	21.25	
36	0	0	
36	0	0	
36	0	0	
36	0	0	
36	0	0	
36	0	0	
36	0	0	
36	0	0	
36	0	0	
36	0	0	
36	0	0	
36	0	0	
36	0	0	
36	0	0	
36	0	0	
36	0	0	
36	0	0	
36	0	0	
36	0	0	
36	0	0	
36	0	0	
36	0	0	
36	0	0	
36	0	0	
36	0	0	
36	0	0	
36	0	0	
36	1.25	-1.25	
36	2.5	-3.75	
36	10	-7.5	
36	28.75	-11.25	
36	37.5	-12.5	
36	47.5	-15	
36	73.75	-12.5	
36	90	-11.25	
36	122.5	-7.5	
36	158.75	-1.25	
36	177.5	0	
36	196.25	3.75	
36	213.75	3.75	
36	283.75	7.5	
36	300	7.5	
36	300	7.5	
36	317.5	7.5	
36	348.75	7.5	
36	348.75	7.5	
36	348.75	7.5	
36	348.75	7.5	
36	348.75	7.5	
36	348.75	7.5	
36	348.75	7.5	
36	348.75	7.5	
36	348.75	7.5	
36	348.75	7.5	
36	348.75	7.5	
36	348.75	7.5	
36	348.75	7.5	
36	348.75	7.5	
36	348.75	7.5	
36	348.75	7.5	
36	348.75	7.5	
36	348.75	7.5	
36	348.75	7.5	
36	348.75	7.5	
36	348.75	7.5	
36	348.75	7.5	
36	348.75	7.5	
36	348.75	7.5	
36	348.75	7.5	
36	348.75	7.5	
36	348.75	7.5	
36	348.75	7.5	
36	348.75	7.5	
36	348.75	7.5	
37	0	0	
37	0	0	
37	0	0	
37	0	0	
37	0	0	
37	0	0	
37	0	0	
37	0	0	
37	0	0	
37	0	0	
37	0	0	
37	0	0	
37	0	0	
37	0	0	
37	0	0	
37	0	0	
37	0	0	
37	0	0	
37	0	0	
37	0	0	
37	0	0	
37	0	0	
37	0	0	
37	2.5	0	
37	3.75	0	
37	10	0	
37	22.5	0	
37	31.25	0	
37	41.25	1.25	
37	65	3.75	
37	92.5	5	
37	108.75	7.5	
37	142.5	11.25	
37	178.75	16.25	
37	197.5	18.75	
37	235	23.75	
37	268.75	27.5	
37	283.75	27.5	
37	297.5	30	
37	310	30	
37	338.75	30	
37	346.25	30	
37	346.25	30	
37	346.25	30	
37	346.25	30	
37	346.25	30	
37	346.25	30	
37	346.25	30	
37	346.25	30	
37	346.25	30	
37	346.25	30	
37	346.25	30	
37	346.25	30	
37	346.25	30	
37	346.25	30	
37	346.25	30	
37	346.25	30	
37	346.25	30	
37	346.25	30	
37	346.25	30	
37	346.25	30	
37	346.25	30	
37	346.25	30	
37	346.25	30	
37	346.25	30	
37	346.25	30	
37	346.25	30	
37	346.25	30	
37	346.25	30	
37	346.25	30	
37	346.25	30	
37	346.25	30	
37	346.25	30	
37	346.25	30	
38	0	0	
38	0	0	
38	0	0	
38	0	0	
38	0	0	
38	0	0	
38	0	0	
38	0	0	
38	0	0	
38	0	0	
38	0	0	
38	0	0	
38	0	0	
38	0	0	
38	0	0	
38	0	0	
38	0	0	
38	0	0	
38	0	0	
38	0	0	
38	0	0	
38	0	0	
38	0	0	
38	0	0	
38	0	0	
38	0	0	
38	0	0	
38	0	0	
38	0	0	
38	0	0	
38	0	0	
38	0	0	
38	0	0	
38	0	0	
38	0	0	
38	0	0	
38	0	0	
38	0	0	
38	0	0	
38	0	0	
38	0	0	
38	0	0	
38	3.75	-1.25	
38	6.25	-3.75	
38	10	-3.75	
38	27.5	-5	
38	45	-5	
38	56.25	-5	
38	68.75	-3.75	
38	83.75	-3.75	
38	135	3.75	
38	153.75	7.5	
38	175	11.25	
38	220	18.75	
38	241.25	22.5	
38	298.75	32.5	
38	315	32.5	
38	343.75	33.75	
38	343.75	33.75	
38	343.75	33.75	
38	343.75	33.75	
38	343.75	33.75	
38	343.75	33.75	
38	343.75	33.75	
38	343.75	33.75	
38	343.75	33.75	
38	343.75	33.75	
38	343.75	33.75	
38	343.75	33.75	
38	343.75	33.75	
38	343.75	33.75	
38	343.75	33.75	
38	343.75	33.75	
38	343.75	33.75	
39	0	0	
39	0	0	
39	0	0	
39	0	0	
39	0	0	
39	0	0	
39	0	0	
39	0	0	
39	0	0	
39	0	0	
39	0	0	
39	0	0	
39	0	0	
39	0	0	
39	0	0	
39	0	0	
39	0	0	
39	0	0	
39	0	0	
39	0	0	
39	0	0	
39	0	0	
39	0	0	
39	0	0	
39	0	0	
39	1.25	0	
39	1.25	0	
39	5	0	
39	6.25	0	
39	7.5	0	
39	16.25	0	
39	27.5	3.75	
39	33.75	3.75	
39	41.25	3.75	
39	48.75	6.25	
39	77.5	10	
39	88.75	11.25	
39	101.25	13.75	
39	130	18.75	
39	162.5	26.25	
39	196.25	32.5	
39	230	36.25	
39	246.25	37.5	
39	262.5	37.5	
39	280	40	
39	315	41.25	
39	331.25	41.25	
39	331.25	41.25	
39	331.25	41.25	
39	331.25	41.25	
39	331.25	41.25	
39	331.25	41.25	
39	331.25	41.25	
39	331.25	41.25	
39	331.25	41.25	
39	331.25	41.25	
39	331.25	41.25	
39	331.25	41.25	
39	331.25	41.25	
39	331.25	41.25	
39	331.25	41.25	
39	331.25	41.25	
39	331.25	41.25	
39	331.25	41.25	
39	331.25	41.25	
39	331.25	41.25	
39	331.25	41.25	
39	331.25	41.25	
39	331.25	41.25	
39	331.25	41.25	
39	331.25	41.25	
39	331.25	41.25	
39	331.25	41.25	
39	331.25	41.25	
40	0	0	
40	0	0	
40	0	0	
40	0	0	
40	0	0	
40	0	0	
40	0	0	
40	0	0	
40	0	0	
40	0	0	
40	0	0	
40	0	0	
40	0	0	
40	0	0	
40	0	0	
40	0	0	
40	0	0	
40	0	0	
40	0	0	
40	0	0	
40	0	0	
40	0	0	
40	0	0	
40	0	0	
40	0	0	
40	0	0	
40	0	0	
40	0	0	
40	0	0	
40	0	0	
40	0	0	
40	0	0	
40	0	0	
40	0	0	
40	0	0	
40	0	0	
40	0	0	
40	0	0	
40	0	0	
40	0	0	
40	1.25	0	
40	1.25	0	
40	5	0	
40	7.5	0	
40	11.25	0	
40	23.75	0	
40	30	0	
40	47.5	2.5	
40	57.5	3.75	
40	70	6.25	
40	115	13.75	
40	153.75	18.75	
40	175	22.5	
40	196.25	25	
40	218.75	26.25	
40	286.25	30	
40	308.75	30	
40	308.75	30	
40	308.75	30	
40	308.75	30	
40	308.75	30	
40	308.75	30	
40	308.75	30	
40	308.75	30	
40	308.75	30	
40	308.75	30	
40	308.75	30	
40	308.75	30	
40	308.75	30	
40	308.75	30	
40	308.75	30	
40	308.75	30	
40	308.75	30	
40	308.75	30	
41	0	0	
41	0	0	
41	0	0	
41	0	0	
41	0	0	
41	0	0	
41	0	0	
41	0	0	
41	0	0	
41	0	-1.25	
41	0	0	
41	0	0	
41	0	0	
41	0	0	
41	0	-1.25	
41	0	0	
41	0	0	
41	0	0	
41	0	-1.25	
41	0	0	
41	0	0	
41	0	0	
41	0	0	
41	0	0	
41	0	0	
41	0	0	
41	1.25	-1.25	
41	2.5	0	
41	5	0	
41	7.5	0	
41	22.5	5	
41	30	5	
41	50	11.25	
41	62.5	12.5	
41	76.25	16.25	
41	123.75	23.75	
41	160	31.25	
41	180	31.25	
41	198.75	35	
41	216.25	38.75	
41	270	42.5	
41	286.25	42.5	
41	302.5	45	
41	316.25	42.5	
41	327.5	42.5	
41	337.5	42.5	
41	337.5	42.5	
41	337.5	42.5	
41	337.5	42.5	
41	337.5	42.5	
41	337.5	42.5	
41	337.5	42.5	
41	337.5	42.5	
41	337.5	42.5	
41	337.5	42.5	
41	337.5	42.5	
41	337.5	42.5	
41	337.5	42.5	
41	337.5	42.5	
41	337.5	42.5	
41	337.5	42.5	
41	337.5	42.5	
41	337.5	42.5	
41	337.5	42.5	
41	337.5	42.5	
41	337.5	42.5	
41	337.5	42.5	
41	337.5	42.5	
41	337.5	42.5	
41	337.5	42.5	
41	337.5	42.5	
41	337.5	42.5	
41	337.5	42.5	
41	337.5	42.5	
42	0	0	
42	0	0	
42	0	0	
42	0	0	
42	0	0	
42	0	0	
42	0	0	
42	0	2.5	
42	0	2.5	
42	0	2.5	
42	0	2.5	
42	0	3.75	
42	0	2.5	
42	0	2.5	
42	0	2.5	
42	0	3.75	
42	0	2.5	
42	0	2.5	
42	0	2.5	
42	0	2.5	
42	3.75	2.5	
42	6.25	2.5	
42	15	2.5	
42	21.25	2.5	
42	28.75	2.5	
42	61.25	6.25	
42	75	7.5	
42	90	7.5	
42	105	10	
42	137.5	11.25	
42	186.25	15	
42	202.5	15	
42	218.75	17.5	
42	236.25	17.5	
42	252.5	15	
42	291.25	11.25	
42	300	11.25	
42	308.75	10	
42	316.25	7.5	
42	330	6.25	
42	343.75	2.5	
42	347.5	0	
42	347.5	0	
42	347.5	0	
42	347.5	0	
42	347.5	0	
42	347.5	0	
42	347.5	0	
42	347.5	0	
42	347.5	0	
42	347.5	0	
42	347.5	0	
42	347.5	0	
42	347.5	0	
42	347.5	0	
42	347.5	0	
42	347.5	0	
42	347.5	0	
42	347.5	0	
42	347.5	0	
42	347.5	0	
42	347.5	0	
42	347.5	0	
42	347.5	0	
42	347.5	0	
42	347.5	0	
42	347.5	0	
42	347.5	0	
42	347.5	0	
42	347.5	0	
42	347.5	0	
42	347.5	0	
42	347.5	0	
42	347.5	0	
43	0	0	
43	0	0	
43	0	0	
43	0	0	
43	0	0	
43	0	0	
43	0	0	
43	0	0	
43	0	0	
43	0	0	
43	0	0	
43	0	0	
43	0	0	
43	0	0	
43	0	0	
43	0	-3.75	
43	0	0	
43	0	-3.75	
43	0	-3.75	
43	0	-3.75	
43	1.25	-3.75	
43	6.25	-1.25	
43	11.25	-1.25	
43	16.25	-3.75	
43	30	0	
43	51.25	0	
43	80	3.75	
43	96.25	3.75	
43	113.75	3.75	
43	131.25	6.25	
43	186.25	7.5	
43	221.25	6.25	
43	238.75	3.75	
43	255	3.75	
43	282.5	0	
43	303.75	-3.75	
43	311.25	-3.75	
43	323.75	-7.5	
43	328.75	-7.5	
43	332.5	-7.5	
43	340	-11.25	
43	342.5	-11.25	
43	343.75	-11.25	
43	343.75	-11.25	
43	345	-11.25	
43	346.25	-11.25	
43	347.5	-11.25	
43	347.5	-11.25	
43	347.5	-11.25	
43	347.5	-11.25	
43	348.75	-11.25	
43	348.75	-11.25	
43	348.75	-11.25	
43	348.75	-11.25	
43	348.75	-11.25	
43	348.75	-11.25	
43	348.75	-11.25	
43	348.75	-11.25	
43	348.75	-11.25	
43	348.75	-11.25	
43	348.75	-11.25	
43	348.75	-11.25	
43	348.75	-11.25	
43	348.75	-11.25	
43	348.75	-11.25	
43	348.75	-11.25	
43	348.75	-11.25	
43	348.75	-11.25	
43	348.75	-11.25	
43	348.75	-11.25	
43	348.75	-11.25	
43	348.75	-11.25	
43	348.75	-11.25	
43	348.75	-11.25	
44	0	0	
44	0	0	
44	0	-2.5	
44	0	-2.5	
44	0	-2.5	
44	0	-2.5	
44	0	-2.5	
44	0	-2.5	
44	0	-2.5	
44	0	-2.5	
44	0	-2.5	
44	0	-2.5	
44	0	0	
44	0	-2.5	
44	0	-2.5	
44	0	-2.5	
44	0	0	
44	0	-2.5	
44	0	-2.5	
44	0	-2.5	
44	0	-2.5	
44	0	-2.5	
44	0	-2.5	
44	0	-2.5	
44	0	-2.5	
44	2.5	-2.5	
44	7.5	0	
44	10	0	
44	15	1.25	
44	28.75	3.75	
44	48.75	7.5	
44	61.25	8.75	
44	92.5	16.25	
44	108.75	20	
44	126.25	23.75	
44	181.25	31.25	
44	216.25	35	
44	232.5	37.5	
44	232.5	37.5	
44	266.25	35	
44	291.25	31.25	
44	302.5	30	
44	318.75	26.25	
44	325	23.75	
44	331.25	22.5	
44	346.25	16.25	
44	346.25	16.25	
44	346.25	16.25	
44	346.25	16.25	
44	346.25	16.25	
44	346.25	16.25	
44	346.25	16.25	
44	346.25	16.25	
44	346.25	16.25	
44	346.25	16.25	
44	346.25	16.25	
44	346.25	16.25	
44	346.25	16.25	
44	346.25	16.25	
44	346.25	16.25	
44	346.25	16.25	
44	346.25	16.25	
44	346.25	16.25	
44	346.25	16.25	
44	346.25	16.25	
44	346.25	16.25	
44	346.25	16.25	
44	346.25	16.25	
44	346.25	16.25	
44	346.25	16.25	
44	346.25	16.25	
44	346.25	16.25	
44	346.25	16.25	
44	346.25	16.25	
45	0	0	
45	0	0	
45	0	0	
45	0	0	
45	0	0	
45	0	-1.25	
45	0	-1.25	
45	0	-1.25	
45	0	-1.25	
45	0	0	
45	0	0	
45	0	0	
45	0	0	
45	0	0	
45	0	0	
45	0	0	
45	0	0	
45	0	0	
45	0	0	
45	0	0	
45	0	0	
45	2.5	0	
45	6.25	0	
45	10	0	
45	23.75	0	
45	41.25	3.75	
45	67.5	7.5	
45	83.75	10	
45	118.75	15	
45	137.5	17.5	
45	195	22.5	
45	213.75	22.5	
45	231.25	25	
45	248.75	25	
45	281.25	25	
45	308.75	22.5	
45	320	22.5	
45	337.5	18.75	
45	337.5	18.75	
45	337.5	18.75	
45	337.5	18.75	
45	337.5	18.75	
45	337.5	18.75	
45	337.5	18.75	
45	337.5	18.75	
45	337.5	18.75	
45	337.5	18.75	
45	337.5	18.75	
45	337.5	18.75	
45	337.5	18.75	
45	337.5	18.75	
45	337.5	18.75	
45	337.5	18.75	
45	337.5	18.75	
45	337.5	18.75	
45	337.5	18.75	
45	337.5	18.75	
45	337.5	18.75	
45	337.5	18.75	
45	337.5	18.75	
45	337.5	18.75	
45	337.5	18.75	
45	337.5	18.75	
45	337.5	18.75	
45	337.5	18.75	
45	337.5	18.75	
45	337.5	18.75	
45	337.5	18.75	
45	337.5	18.75	
45	337.5	18.75	
45	337.5	18.75	
45	337.5	18.75	
45	337.5	18.75	
45	337.5	18.75	
46	0	0	
46	0	-2.5	
46	0	0	
46	0	0	
46	0	0	
46	0	1.25	
46	0	1.25	
46	0	1.25	
46	0	0	
46	0	1.25	
46	0	1.25	
46	0	1.25	
46	0	1.25	
46	0	1.25	
46	0	1.25	
46	0	1.25	
46	0	1.25	
46	0	1.25	
46	0	1.25	
46	0	1.25	
46	0	1.25	
46	0	3.75	
46	1.25	3.75	
46	2.5	3.75	
46	5	3.75	
46	21.25	8.75	
46	30	11.25	
46	51.25	16.25	
46	63.75	18.75	
46	76.25	20	
46	126.25	31.25	
46	163.75	35	
46	182.5	38.75	
46	202.5	38.75	
46	221.25	38.75	
46	273.75	37.5	
46	290	35	
46	320	30	
46	333.75	27.5	
46	346.25	26.25	
46	346.25	26.25	
46	346.25	26.25	
46	346.25	26.25	
46	346.25	26.25	
46	346.25	26.25	
46	346.25	26.25	
46	346.25	26.25	
46	346.25	26.25	
46	346.25	26.25	
46	346.25	26.25	
46	346.25	26.25	
46	346.25	26.25	
46	346.25	26.25	
46	346.25	26.25	
46	346.25	26.25	
46	346.25	26.25	
46	346.25	26.25	
46	346.25	26.25	
46	346.25	26.25	
46	346.25	26.25	
46	346.25	26.25	
46	346.25	26.25	
46	346.25	26.25	
46	346.25	26.25	
46	346.25	26.25	
46	346.25	26.25	
46	346.25	26.25	
46	346.25	26.25	
46	346.25	26.25	
46	346.25	26.25	
46	346.25	26.25	
46	346.25	26.25	
46	346.25	26.25	
46	346.25	26.25	
47	0	0	
47	0	0	
47	0	0	
47	0	0	
47	0	0	
47	0	0	
47	0	0	
47	0	0	
47	0	0	
47	0	0	
47	0	0	
47	0	1.25	
47	0	0	
47	0	1.25	
47	0	1.25	
47	0	1.25	
47	0	1.25	
47	0	1.25	
47	0	1.25	
47	0	1.25	
47	0	1.25	
47	0	1.25	
47	0	1.25	
47	0	1.25	
47	0	1.25	
47	10	7.5	
47	16.25	8.75	
47	22.5	12.5	
47	28.75	15	
47	45	18.75	
47	63.75	20	
47	87.5	20	
47	102.5	20	
47	102.5	20	
47	143.75	20	
47	208.75	23.75	
47	230	23.75	
47	252.5	23.75	
47	273.75	23.75	
47	313.75	23.75	
47	347.5	20	
47	347.5	20	
47	347.5	20	
47	347.5	20	
47	347.5	20	
47	347.5	20	
47	347.5	20	
47	347.5	20	
47	347.5	20	
47	347.5	20	
47	347.5	20	
47	347.5	20	
47	347.5	20	
47	347.5	20	
47	347.5	20	
47	347.5	20	
47	347.5	20	
47	347.5	20	
47	347.5	20	
47	347.5	20	
47	347.5	20	
47	347.5	20	
47	347.5	20	
47	347.5	20	
47	347.5	20	
47	347.5	20	
47	347.5	20	
47	347.5	20	
47	347.5	20	
47	347.5	20	
47	347.5	20	
47	347.5	20	
47	347.5	20	
47	347.5	20	
48	0	0	
48	0	2.5	
48	0	0	
48	0	0	
48	0	0	
48	0	2.5	
48	0	2.5	
48	0	0	
48	0	0	
48	0	0	
48	0	2.5	
48	0	0	
48	0	0	
48	0	0	
48	0	0	
48	0	0	
48	0	0	
48	0	0	
48	0	0	
48	0	0	
48	0	0	
48	2.5	0	
48	10	2.5	
48	15	3.75	
48	21.25	3.75	
48	50	11.25	
48	62.5	11.25	
48	90	18.75	
48	107.5	21.25	
48	143.75	26.25	
48	181.25	30	
48	200	32.5	
48	237.5	33.75	
48	256.25	33.75	
48	273.75	33.75	
48	318.75	28.75	
48	331.25	28.75	
48	331.25	28.75	
48	331.25	28.75	
48	331.25	28.75	
48	331.25	28.75	
48	331.25	28.75	
48	331.25	28.75	
48	331.25	28.75	
48	331.25	28.75	
48	331.25	28.75	
48	331.25	28.75	
48	331.25	28.75	
48	331.25	28.75	
48	331.25	28.75	
48	331.25	28.75	
48	331.25	28.75	
48	331.25	28.75	
48	331.25	28.75	
48	331.25	28.75	
48	331.25	28.75	
48	331.25	28.75	
48	331.25	28.75	
48	331.25	28.75	
48	331.25	28.75	
48	331.25	28.75	
48	331.25	28.75	
48	331.25	28.75	
48	331.25	28.75	
48	331.25	28.75	
48	331.25	28.75	
48	331.25	28.75	
48	331.25	28.75	
48	331.25	28.75	
48	331.25	28.75	
48	331.25	28.75	
48	331.25	28.75	
48	331.25	28.75	
48	331.25	28.75	
49	0	0	
49	0	0	
49	0	0	
49	0	0	
49	0	0	
49	0	0	
49	0	0	
49	0	-1.25	
49	0	0	
49	0	0	
49	0	0	
49	0	0	
49	0	0	
49	0	0	
49	0	0	
49	0	0	
49	0	0	
49	0	0	
49	0	0	
49	0	0	
49	0	0	
49	0	0	
49	0	0	
49	0	0	
49	0	0	
49	3.75	0	
49	7.5	0	
49	12.5	0	
49	18.75	2.5	
49	33.75	3.75	
49	65	7.5	
49	77.5	7.5	
49	91.25	7.5	
49	123.75	11.25	
49	141.25	15	
49	197.5	18.75	
49	216.25	22.5	
49	236.25	22.5	
49	253.75	25	
49	287.5	26.25	
49	326.25	28.75	
49	337.5	30	
49	345	30	
49	345	30	
49	345	30	
49	345	30	
49	345	30	
49	345	30	
49	345	30	
49	345	30	
49	345	30	
49	345	30	
49	345	30	
49	345	30	
49	345	30	
49	345	30	
49	345	30	
49	345	30	
49	345	30	
49	345	30	
49	345	30	
49	345	30	
49	345	30	
49	345	30	
49	345	30	
49	345	30	
49	345	30	
49	345	30	
49	345	30	
49	345	30	
49	345	30	
49	345	30	
49	345	30	
49	345	30	
50	0	0	
50	0	0	
50	0	0	
50	0	2.5	
50	0	0	
50	0	0	
50	0	0	
50	0	2.5	
50	0	2.5	
50	0	2.5	
50	0	2.5	
50	0	0	
50	0	2.5	
50	0	0	
50	0	0	
50	0	0	
50	0	0	
50	0	0	
50	0	0	
50	0	0	
50	0	0	
50	0	0	
50	0	0	
50	0	0	
50	0	0	
50	0	0	
50	2.5	0	
50	5	0	
50	8.75	2.5	
50	13.75	2.5	
50	35	3.75	
50	45	6.25	
50	65	7.5	
50	91.25	11.25	
50	106.25	15	
50	137.5	18.75	
50	170	22.5	
50	186.25	22.5	
50	202.5	25	
50	217.5	26.25	
50	261.25	26.25	
50	275	26.25	
50	297.5	28.75	
50	306.25	28.75	
50	321.25	28.75	
50	332.5	26.25	
50	340	26.25	
50	342.5	26.25	
50	343.75	26.25	
50	346.25	26.25	
50	346.25	26.25	
50	346.25	26.25	
50	346.25	26.25	
50	346.25	26.25	
50	346.25	26.25	
50	346.25	26.25	
50	346.25	26.25	
50	346.25	26.25	
50	346.25	26.25	
50	346.25	26.25	
50	346.25	26.25	
50	346.25	26.25	
50	346.25	26.25	
50	346.25	26.25	
50	346.25	26.25	
50	346.25	26.25	
50	346.25	26.25	
50	346.25	26.25	
50	346.25	26.25	
50	346.25	26.25	
50	346.25	26.25	
50	346.25	26.25	
50	346.25	26.25	
50	346.25	26.25	
51	0	0	
51	0	0	
51	0	1.25	
51	0	1.25	
51	0	0	
51	0	1.25	
51	0	0	
51	0	0	
51	0	-2.5	
51	0	-2.5	
51	0	1.25	
51	0	0	
51	0	0	
51	0	1.25	
51	0	-2.5	
51	0	1.25	
51	0	1.25	
51	0	1.25	
51	0	1.25	
51	0	1.25	
51	0	1.25	
51	0	0	
51	0	0	
51	0	0	
51	0	0	
51	0	0	
51	0	0	
51	0	0	
51	0	0	
51	0	0	
51	-1.25	0	
51	-1.25	0	
51	-1.25	0	
51	0	1.25	
51	0	1.25	
51	3.75	1.25	
51	12.5	1.25	
51	18.75	3.75	
51	25	3.75	
51	42.5	5	
51	65	7.5	
51	93.75	12.5	
51	110	12.5	
51	127.5	16.25	
51	145	16.25	
51	201.25	20	
51	238.75	23.75	
51	256.25	23.75	
51	272.5	23.75	
51	290	23.75	
51	306.25	23.75	
51	332.5	23.75	
51	342.5	22.5	
51	342.5	22.5	
51	342.5	22.5	
51	342.5	22.5	
51	342.5	22.5	
51	342.5	22.5	
51	342.5	22.5	
51	342.5	22.5	
51	342.5	22.5	
51	342.5	22.5	
51	342.5	22.5	
51	342.5	22.5	
51	342.5	22.5	
51	342.5	22.5	
51	342.5	22.5	
51	342.5	22.5	
51	342.5	22.5	
51	342.5	22.5	
51	342.5	22.5	
51	342.5	22.5	
51	342.5	22.5	
51	342.5	22.5	
52	0	0	
52	0	0	
52	0	0	
52	-1.25	0	
52	-1.25	0	
52	-1.25	0	
52	-1.25	0	
52	-1.25	0	
52	-1.25	0	
52	-1.25	0	
52	-1.25	0	
52	-1.25	0	
52	-1.25	0	
52	-1.25	0	
52	-1.25	0	
52	-1.25	0	
52	-1.25	0	
52	-1.25	0	
52	-1.25	0	
52	-1.25	0	
52	-1.25	0	
52	-1.25	0	
52	-1.25	0	
52	-1.25	0	
52	-1.25	0	
52	-1.25	0	
52	-1.25	0	
52	-1.25	0	
52	-1.25	0	
52	1.25	0	
52	6.25	0	
52	10	0	
52	13.75	-3.75	
52	25	0	
52	32.5	-3.75	
52	53.75	-3.75	
52	81.25	-3.75	
52	81.25	-3.75	
52	100	0	
52	142.5	2.5	
52	205	10	
52	225	11.25	
52	243.75	15	
52	278.75	17.5	
52	295	18.75	
52	322.5	18.75	
52	343.75	18.75	
52	343.75	18.75	
52	343.75	18.75	
52	343.75	18.75	
52	343.75	18.75	
52	343.75	18.75	
52	343.75	18.75	
52	343.75	18.75	
52	343.75	18.75	
52	343.75	18.75	
52	343.75	18.75	
52	343.75	18.75	
52	343.75	18.75	
52	343.75	18.75	
52	343.75	18.75	
52	343.75	18.75	
52	343.75	18.75	
52	343.75	18.75	
52	343.75	18.75	
52	343.75	18.75	
52	343.75	18.75	
52	343.75	18.75	
52	343.75	18.75	
52	343.75	18.75	
52	343.75	18.75	
52	343.75	18.75	
52	343.75	18.75	
52	343.75	18.75	
53	0	0	
53	0	0	
53	0	0	
53	0	0	
53	0	0	
53	0	0	
53	0	0	
53	0	0	
53	0	0	
53	0	0	
53	0	0	
53	0	0	
53	0	0	
53	0	-1.25	
53	0	0	
53	0	0	
53	0	0	
53	0	0	
53	0	0	
53	0	0	
53	2.5	2.5	
53	6.25	3.75	
53	15	7.5	
53	22.5	7.5	
53	31.25	11.25	
53	63.75	18.75	
53	76.25	22.5	
53	91.25	26.25	
53	125	33.75	
53	142.5	37.5	
53	198.75	48.75	
53	218.75	52.5	
53	255	58.75	
53	273.75	60	
53	292.5	60	
53	340	60	
53	340	60	
53	340	60	
53	340	60	
53	340	60	
53	340	60	
53	340	60	
53	340	60	
53	340	60	
53	340	60	
53	340	60	
53	340	60	
53	340	60	
53	340	60	
53	340	60	
53	340	60	
53	340	60	
53	340	60	
53	340	60	
53	340	60	
53	340	60	
53	340	60	
53	340	60	
53	340	60	
53	340	60	
53	340	60	
53	340	60	
53	340	60	
53	340	60	
53	340	60	
53	340	60	
53	340	60	
53	340	60	
53	340	60	
53	340	60	
53	340	60	
53	340	60	
53	340	60	
53	340	60	
54	0	0	
54	0	0	
54	0	0	
54	0	0	
54	0	1.25	
54	0	0	
54	0	0	
54	0	0	
54	0	1.25	
54	0	0	
54	0	-2.5	
54	0	-2.5	
54	0	-2.5	
54	0	0	
54	0	0	
54	0	0	
54	0	0	
54	0	1.25	
54	0	-2.5	
54	0	-2.5	
54	0	-2.5	
54	0	-2.5	
54	0	-2.5	
54	0	-2.5	
54	0	-2.5	
54	1.25	0	
54	2.5	0	
54	5	0	
54	8.75	0	
54	20	1.25	
54	32.5	5	
54	50	7.5	
54	58.75	8.75	
54	70	8.75	
54	81.25	12.5	
54	132.5	18.75	
54	147.5	20	
54	161.25	22.5	
54	177.5	23.75	
54	210	27.5	
54	241.25	31.25	
54	272.5	37.5	
54	287.5	38.75	
54	302.5	41.25	
54	316.25	42.5	
54	345	46.25	
54	345	46.25	
54	345	46.25	
54	345	46.25	
54	345	46.25	
54	345	46.25	
54	345	46.25	
54	345	46.25	
54	345	46.25	
54	345	46.25	
54	345	46.25	
54	345	46.25	
54	345	46.25	
54	345	46.25	
54	345	46.25	
54	345	46.25	
54	345	46.25	
54	345	46.25	
54	345	46.25	
54	345	46.25	
54	345	46.25	
54	345	46.25	
54	345	46.25	
54	345	46.25	
54	345	46.25	
54	345	46.25	
54	345	46.25	
54	345	46.25	
54	345	46.25	
55	0	0	
55	0	2.5	
55	0	2.5	
55	0	0	
55	0	2.5	
55	0	0	
55	0	0	
55	0	3.75	
55	0	2.5	
55	0	2.5	
55	0	2.5	
55	0	2.5	
55	0	2.5	
55	0	2.5	
55	0	2.5	
55	0	2.5	
55	0	2.5	
55	0	2.5	
55	0	2.5	
55	0	2.5	
55	0	2.5	
55	0	3.75	
55	1.25	3.75	
55	1.25	3.75	
55	7.5	3.75	
55	18.75	7.5	
55	27.5	7.5	
55	46.25	7.5	
55	68.75	7.5	
55	80	7.5	
55	107.5	7.5	
55	136.25	7.5	
55	136.25	7.5	
55	155	10	
55	191.25	11.25	
55	221.25	11.25	
55	236.25	13.75	
55	263.75	13.75	
55	287.5	13.75	
55	297.5	11.25	
55	316.25	13.75	
55	332.5	13.75	
55	338.75	13.75	
55	345	15	
55	345	15	
55	345	15	
55	345	15	
55	345	15	
55	345	15	
55	345	15	
55	345	15	
55	345	15	
55	345	15	
55	345	15	
55	345	15	
55	345	15	
55	345	15	
55	345	15	
55	345	15	
55	345	15	
55	345	15	
55	345	15	
55	345	15	
55	345	15	
55	345	15	
55	345	15	
55	345	15	
55	345	15	
55	345	15	
55	345	15	
55	345	15	
55	345	15	
55	345	15	
55	345	15	
56	0	0	
56	0	0	
56	0	0	
56	0	0	
56	0	0	
56	0	0	
56	0	0	
56	0	0	
56	0	0	
56	0	-1.25	
56	0	-1.25	
56	0	-1.25	
56	0	-1.25	
56	0	-1.25	
56	0	-1.25	
56	0	-1.25	
56	0	-1.25	
56	0	-1.25	
56	0	-1.25	
56	0	-1.25	
56	0	-1.25	
56	0	-1.25	
56	0	-1.25	
56	0	-1.25	
56	0	-3.75	
56	0	-3.75	
56	0	-1.25	
56	1.25	-3.75	
56	3.75	-3.75	
56	5	-3.75	
56	13.75	-3.75	
56	28.75	0	
56	51.25	3.75	
56	62.5	6.25	
56	77.5	10	
56	122.5	15	
56	138.75	18.75	
56	155	21.25	
56	188.75	25	
56	206.25	26.25	
56	240	30	
56	257.5	30	
56	287.5	30	
56	300	30	
56	310	30	
56	332.5	28.75	
56	336.25	26.25	
56	340	26.25	
56	342.5	28.75	
56	345	26.25	
56	347.5	26.25	
56	347.5	26.25	
56	347.5	26.25	
56	347.5	26.25	
56	347.5	26.25	
56	347.5	26.25	
56	348.75	26.25	
56	348.75	26.25	
56	348.75	26.25	
56	348.75	26.25	
56	348.75	26.25	
56	348.75	26.25	
56	348.75	26.25	
56	348.75	26.25	
56	348.75	26.25	
56	348.75	26.25	
56	348.75	26.25	
56	348.75	26.25	
56	348.75	26.25	
56	348.75	26.25	
56	348.75	25	
56	348.75	25	
56	348.75	25	
56	348.75	25	
57	0	0	
57	0	0	
57	0	0	
57	0	0	
57	0	0	
57	0	1.25	
57	0	1.25	
57	0	1.25	
57	0	1.25	
57	0	1.25	
57	0	1.25	
57	0	1.25	
57	0	1.25	
57	0	1.25	
57	0	1.25	
57	0	0	
57	0	0	
57	0	0	
57	0	1.25	
57	0	0	
57	0	0	
57	0	0	
57	1.25	0	
57	1.25	0	
57	3.75	-2.5	
57	21.25	-2.5	
57	28.75	-2.5	
57	36.25	-2.5	
57	43.75	-2.5	
57	62.5	-2.5	
57	85	0	
57	111.25	1.25	
57	125	3.75	
57	138.75	5	
57	152.5	5	
57	206.25	8.75	
57	218.75	8.75	
57	230	8.75	
57	241.25	8.75	
57	258.75	8.75	
57	271.25	7.5	
57	281.25	5	
57	283.75	5	
57	287.5	5	
57	290	3.75	
57	297.5	1.25	
57	298.75	1.25	
57	301.25	1.25	
57	303.75	1.25	
57	310	1.25	
57	316.25	0	
57	317.5	0	
57	322.5	1.25	
57	323.75	-2.5	
57	323.75	-2.5	
57	327.5	-2.5	
57	327.5	1.25	
57	327.5	1.25	
57	327.5	-2.5	
57	327.5	-2.5	
57	327.5	0	
57	327.5	-2.5	
57	327.5	-2.5	
57	327.5	-2.5	
57	327.5	-2.5	
57	327.5	-2.5	
57	327.5	0	
57	327.5	-2.5	
57	327.5	-2.5	
57	327.5	0	
57	327.5	-2.5	
57	327.5	-2.5	
57	327.5	-2.5	
57	327.5	0	
58	0	0	
58	0	0	
58	0	1.25	
58	0	0	
58	0	0	
58	0	0	
58	0	1.25	
58	0	0	
58	0	0	
58	0	0	
58	0	1.25	
58	0	1.25	
58	0	0	
58	0	0	
58	0	0	
58	0	0	
58	0	0	
58	0	0	
58	0	-2.5	
58	1.25	-2.5	
58	5	-2.5	
58	6.25	-2.5	
58	10	-2.5	
58	18.75	-2.5	
58	25	-2.5	
58	41.25	-2.5	
58	61.25	0	
58	86.25	0	
58	101.25	0	
58	117.5	0	
58	167.5	1.25	
58	186.25	1.25	
58	203.75	1.25	
58	238.75	1.25	
58	256.25	0	
58	285	1.25	
58	310	1.25	
58	330	1.25	
58	338.75	0	
58	346.25	1.25	
58	346.25	1.25	
58	346.25	1.25	
58	346.25	1.25	
58	346.25	1.25	
58	346.25	1.25	
58	346.25	1.25	
58	346.25	1.25	
58	346.25	1.25	
58	346.25	1.25	
58	346.25	1.25	
58	346.25	1.25	
58	346.25	1.25	
58	346.25	1.25	
58	346.25	1.25	
58	346.25	1.25	
58	346.25	1.25	
58	346.25	1.25	
58	346.25	1.25	
58	346.25	1.25	
58	346.25	1.25	
58	346.25	1.25	
58	346.25	1.25	
58	346.25	1.25	
58	346.25	1.25	
58	346.25	1.25	
58	346.25	1.25	
58	346.25	1.25	
58	346.25	1.25	
58	346.25	1.25	
58	346.25	1.25	
58	346.25	1.25	
58	346.25	1.25	
58	346.25	1.25	
58	346.25	1.25	
59	0	0	
59	0	0	
59	0	2.5	
59	0	0	
59	0	0	
59	0	0	
59	0	0	
59	0	0	
59	0	0	
59	0	0	
59	0	0	
59	0	0	
59	0	0	
59	0	0	
59	0	0	
59	0	0	
59	0	0	
59	0	0	
59	0	2.5	
59	0	0	
59	0	0	
59	0	0	
59	0	2.5	
59	0	0	
59	0	0	
59	1.25	0	
59	2.5	2.5	
59	6.25	0	
59	11.25	2.5	
59	26.25	3.75	
59	57.5	11.25	
59	70	11.25	
59	85	15	
59	118.75	18.75	
59	135	22.5	
59	188.75	28.75	
59	206.25	30	
59	222.5	30	
59	238.75	30	
59	266.25	30	
59	296.25	26.25	
59	302.5	25	
59	308.75	22.5	
59	316.25	21.25	
59	318.75	22.5	
59	322.5	18.75	
59	323.75	17.5	
59	325	17.5	
59	327.5	15	
59	328.75	15	
59	332.5	11.25	
59	333.75	11.25	
59	335	11.25	
59	337.5	11.25	
59	338.75	10	
59	338.75	7.5	
59	338.75	7.5	
59	338.75	7.5	
59	338.75	7.5	
59	340	7.5	
59	340	7.5	
59	340	7.5	
59	340	7.5	
59	340	7.5	
59	340	7.5	
59	340	7.5	
59	340	7.5	
59	340	7.5	
59	340	7.5	
59	340	7.5	
59	340	7.5	
59	340	7.5	
59	340	7.5	
59	340	7.5	
60	0	0	
60	0	0	
60	0	0	
60	0	0	
60	0	0	
60	0	0	
60	0	0	
60	0	0	
60	0	0	
60	0	0	
60	0	0	
60	0	0	
60	0	0	
60	0	0	
60	0	0	
60	1.25	0	
60	1.25	0	
60	1.25	-1.25	
60	1.25	0	
60	2.5	-1.25	
60	6.25	-5	
60	8.75	-5	
60	13.75	-5	
60	25	-7.5	
60	32.5	-7.5	
60	63.75	-7.5	
60	78.75	-7.5	
60	110	-3.75	
60	127.5	-3.75	
60	146.25	-3.75	
60	198.75	-1.25	
60	217.5	-1.25	
60	236.25	-3.75	
60	271.25	-3.75	
60	287.5	-3.75	
60	331.25	-1.25	
60	343.75	-1.25	
60	343.75	-1.25	
60	343.75	-1.25	
60	343.75	-1.25	
60	343.75	-1.25	
60	343.75	-1.25	
60	343.75	-1.25	
60	343.75	-1.25	
60	343.75	-1.25	
60	343.75	-1.25	
60	343.75	-1.25	
60	343.75	-1.25	
60	343.75	-1.25	
60	343.75	-1.25	
60	343.75	-1.25	
60	343.75	-1.25	
60	343.75	-1.25	
60	343.75	-1.25	
60	343.75	-1.25	
60	343.75	-1.25	
60	343.75	-1.25	
60	343.75	-1.25	
60	343.75	-1.25	
60	343.75	-1.25	
60	343.75	-1.25	
60	343.75	-1.25	
60	343.75	-1.25	
60	343.75	-1.25	
60	343.75	-1.25	
60	343.75	-1.25	
60	343.75	-1.25	
60	343.75	-1.25	
60	343.75	-1.25	
60	343.75	-1.25	
60	343.75	-1.25	
60	343.75	-1.25	
60	343.75	-1.25	
60	343.75	-1.25	
61	0	0	
61	0	0	
61	0	0	
61	0	0	
61	0	0	
61	0	0	
61	0	0	
61	0	0	
61	0	0	
61	0	0	
61	0	0	
61	0	0	
61	0	0	
61	0	0	
61	0	0	
61	0	-1.25	
61	0	-1.25	
61	0	-1.25	
61	0	-1.25	
61	0	-1.25	
61	0	0	
61	2.5	0	
61	5	0	
61	8.75	3.75	
61	28.75	11.25	
61	38.75	13.75	
61	62.5	18.75	
61	78.75	22.5	
61	95	26.25	
61	151.25	33.75	
61	171.25	36.25	
61	212.5	40	
61	231.25	40	
61	250	40	
61	298.75	37.5	
61	313.75	36.25	
61	336.25	32.5	
61	346.25	30	
61	346.25	30	
61	346.25	30	
61	346.25	30	
61	346.25	30	
61	346.25	30	
61	346.25	30	
61	346.25	30	
61	346.25	30	
61	346.25	30	
61	346.25	30	
61	346.25	30	
61	346.25	30	
61	346.25	30	
61	346.25	30	
61	346.25	30	
61	346.25	30	
61	346.25	30	
61	346.25	30	
61	346.25	30	
61	346.25	30	
61	346.25	30	
61	346.25	30	
61	346.25	30	
61	346.25	30	
61	346.25	30	
61	346.25	30	
61	346.25	30	
61	346.25	30	
61	346.25	30	
61	346.25	30	
61	346.25	30	
61	346.25	30	
61	346.25	30	
61	346.25	30	
61	346.25	30	
61	346.25	30	
62	0	0	
62	0	0	
62	0	0	
62	0	0	
62	0	0	
62	0	0	
62	0	0	
62	0	0	
62	0	0	
62	0	0	
62	1.25	0	
62	1.25	0	
62	1.25	0	
62	1.25	0	
62	1.25	0	
62	1.25	0	
62	1.25	0	
62	1.25	0	
62	1.25	0	
62	1.25	2.5	
62	1.25	0	
62	1.25	0	
62	1.25	0	
62	1.25	2.5	
62	1.25	0	
62	1.25	0	
62	1.25	0	
62	1.25	2.5	
62	1.25	0	
62	3.75	0	
62	16.25	3.75	
62	22.5	7.5	
62	30	7.5	
62	40	10	
62	62.5	15	
62	91.25	18.75	
62	107.5	22.5	
62	143.75	26.25	
62	161.25	30	
62	178.75	30	
62	230	30	
62	260	26.25	
62	272.5	26.25	
62	285	22.5	
62	305	18.75	
62	320	15	
62	325	13.75	
62	331.25	10	
62	332.5	10	
62	335	7.5	
62	337.5	7.5	
62	337.5	7.5	
62	337.5	7.5	
62	337.5	7.5	
62	337.5	7.5	
62	337.5	7.5	
62	337.5	7.5	
62	337.5	7.5	
62	338.75	7.5	
62	338.75	7.5	
62	338.75	6.25	
62	338.75	6.25	
62	338.75	6.25	
62	338.75	6.25	
62	338.75	7.5	
62	340	10	
62	340	10	
62	341.25	11.25	
62	341.25	11.25	
62	340	11.25	
62	341.25	13.75	
62	340	11.25	
62	340	15	
62	340	15	
63	0	0	
63	0	0	
63	0	0	
63	0	0	
63	0	0	
63	0	0	
63	0	0	
63	0	0	
63	0	0	
63	0	0	
63	0	0	
63	0	0	
63	0	0	
63	0	0	
63	0	0	
63	0	0	
63	0	0	
63	0	0	
63	0	-1.25	
63	0	-1.25	
63	5	-3.75	
63	7.5	-3.75	
63	12.5	-3.75	
63	25	-3.75	
63	43.75	-5	
63	68.75	-7.5	
63	82.5	-5	
63	97.5	-7.5	
63	117.5	-7.5	
63	135	-7.5	
63	178.75	-11.25	
63	192.5	-15	
63	203.75	-15	
63	227.5	-18.75	
63	236.25	-18.75	
63	256.25	-22.5	
63	260	-22.5	
63	266.25	-26.25	
63	268.75	-26.25	
63	270	-26.25	
63	271.25	-26.25	
63	271.25	-26.25	
63	273.75	-27.5	
63	273.75	-27.5	
63	275	-27.5	
63	281.25	-27.5	
63	285	-26.25	
63	287.5	-26.25	
63	292.5	-23.75	
63	293.75	-22.5	
63	296.25	-22.5	
63	298.75	-18.75	
63	298.75	-18.75	
63	298.75	-12.5	
63	300	-8.75	
63	302.5	2.5	
63	303.75	6.25	
63	305	7.5	
63	305	11.25	
63	307.5	13.75	
63	308.75	13.75	
63	310	15	
63	311.25	15	
63	311.25	15	
63	311.25	15	
63	313.75	15	
63	315	15	
63	315	13.75	
63	316.25	13.75	
63	318.75	13.75	
63	320	13.75	
63	321.25	11.25	
63	322.5	11.25	
63	322.5	11.25	
64	0	0	
64	0	0	
64	0	0	
64	0	0	
64	0	0	
64	0	0	
64	0	0	
64	0	0	
64	0	0	
64	0	0	
64	0	0	
64	0	0	
64	0	0	
64	0	0	
64	0	2.5	
64	0	0	
64	0	0	
64	0	0	
64	0	0	
64	0	2.5	
64	0	0	
64	0	2.5	
64	0	0	
64	3.75	0	
64	6.25	0	
64	20	0	
64	37.5	0	
64	61.25	0	
64	76.25	0	
64	92.5	0	
64	145	0	
64	165	2.5	
64	185	0	
64	227.5	2.5	
64	247.5	2.5	
64	280	2.5	
64	301.25	0	
64	315	-3.75	
64	320	-3.75	
64	325	-5	
64	332.5	-7.5	
64	335	-8.75	
64	335	-11.25	
64	336.25	-11.25	
64	337.5	-11.25	
64	337.5	-11.25	
64	338.75	-11.25	
64	340	-11.25	
64	340	-11.25	
64	340	-12.5	
64	340	-12.5	
64	340	-12.5	
64	340	-11.25	
64	340	-11.25	
64	340	-12.5	
64	340	-12.5	
64	340	-12.5	
64	340	-15	
64	340	-12.5	
64	340	-12.5	
64	340	-12.5	
64	340	-12.5	
64	340	-15	
64	340	-12.5	
64	340	-12.5	
64	340	-11.25	
64	340	-11.25	
64	340	-11.25	
64	340	-11.25	
64	340	-11.25	
64	340	-11.25	
64	340	-11.25	
64	340	-11.25	
64	340	-11.25	
65	0	0	
65	0	0	
65	0	0	
65	0	0	
65	0	0	
65	0	0	
65	1.25	0	
65	1.25	0	
65	1.25	0	
65	1.25	0	
65	1.25	0	
65	1.25	0	
65	1.25	0	
65	1.25	0	
65	1.25	0	
65	1.25	0	
65	1.25	0	
65	1.25	0	
65	1.25	0	
65	1.25	0	
65	1.25	0	
65	1.25	0	
65	1.25	0	
65	1.25	0	
65	1.25	0	
65	1.25	0	
65	3.75	0	
65	8.75	0	
65	8.75	0	
65	25	0	
65	46.25	2.5	
65	71.25	3.75	
65	85	3.75	
65	100	3.75	
65	116.25	2.5	
65	166.25	-1.25	
65	183.75	-1.25	
65	220	-3.75	
65	238.75	-3.75	
65	272.5	-1.25	
65	290	-3.75	
65	307.5	-3.75	
65	321.25	-3.75	
65	332.5	-3.75	
65	332.5	-3.75	
65	332.5	-3.75	
65	332.5	-3.75	
65	332.5	-3.75	
65	332.5	-3.75	
65	332.5	-3.75	
65	332.5	-3.75	
65	332.5	-3.75	
65	332.5	-3.75	
65	332.5	-3.75	
65	332.5	-3.75	
65	332.5	-3.75	
65	332.5	-3.75	
65	332.5	-3.75	
65	332.5	-3.75	
65	332.5	-3.75	
65	332.5	-3.75	
65	332.5	-3.75	
65	332.5	-3.75	
65	332.5	-3.75	
65	332.5	-3.75	
65	332.5	-3.75	
65	332.5	-3.75	
65	332.5	-3.75	
65	332.5	-3.75	
65	332.5	-3.75	
65	332.5	-3.75	
65	332.5	-3.75	
65	332.5	-3.75	
65	332.5	-3.75	
66	0	0	
66	0	0	
66	0	0	
66	0	0	
66	0	0	
66	0	-1.25	
66	0	0	
66	0	0	
66	0	0	
66	0	0	
66	0	0	
66	0	0	
66	0	0	
66	0	0	
66	0	0	
66	0	0	
66	0	0	
66	0	0	
66	0	0	
66	0	0	
66	2.5	0	
66	6.25	0	
66	15	2.5	
66	22.5	2.5	
66	30	2.5	
66	58.75	0	
66	70	-1.25	
66	82.5	-3.75	
66	110	-5	
66	126.25	-7.5	
66	175	-7.5	
66	192.5	-7.5	
66	226.25	-7.5	
66	241.25	-7.5	
66	241.25	-7.5	
66	283.75	-5	
66	293.75	-5	
66	301.25	-3.75	
66	313.75	-5	
66	317.5	-5	
66	325	-3.75	
66	326.25	-3.75	
66	327.5	-3.75	
66	327.5	-3.75	
66	327.5	-3.75	
66	327.5	-3.75	
66	327.5	-3.75	
66	327.5	-3.75	
66	327.5	-3.75	
66	327.5	-3.75	
66	327.5	-3.75	
66	327.5	-3.75	
66	327.5	-3.75	
66	327.5	-3.75	
66	327.5	-3.75	
66	327.5	-3.75	
66	327.5	-3.75	
66	327.5	-3.75	
66	327.5	-3.75	
66	327.5	-3.75	
66	327.5	-3.75	
66	327.5	-3.75	
66	327.5	-3.75	
66	328.75	-3.75	
66	328.75	-3.75	
66	330	-3.75	
66	328.75	-3.75	
66	330	-3.75	
66	328.75	-5	
66	328.75	-3.75	
66	330	-5	
66	328.75	-3.75	
66	331.25	-3.75	
66	330	-5	
67	0	0	
67	0	0	
67	0	0	
67	0	0	
67	0	0	
67	0	0	
67	0	0	
67	0	0	
67	0	0	
67	0	0	
67	0	0	
67	0	0	
67	0	0	
67	0	0	
67	0	0	
67	0	0	
67	1.25	0	
67	1.25	0	
67	1.25	0	
67	1.25	0	
67	1.25	0	
67	1.25	0	
67	1.25	0	
67	1.25	0	
67	1.25	0	
67	1.25	0	
67	1.25	0	
67	1.25	0	
67	1.25	0	
67	1.25	0	
67	6.25	0	
67	10	0	
67	18.75	0	
67	25	2.5	
67	32.5	3.75	
67	60	7.5	
67	81.25	10	
67	93.75	11.25	
67	105	11.25	
67	116.25	11.25	
67	151.25	15	
67	163.75	15	
67	188.75	18.75	
67	202.5	21.25	
67	215	22.5	
67	251.25	28.75	
67	272.5	30	
67	280	30	
67	288.75	32.5	
67	295	30	
67	310	32.5	
67	313.75	32.5	
67	316.25	30	
67	318.75	30	
67	320	30	
67	321.25	32.5	
67	321.25	32.5	
67	321.25	32.5	
67	321.25	32.5	
67	321.25	33.75	
67	322.5	32.5	
67	322.5	32.5	
67	322.5	30	
67	321.25	32.5	
67	321.25	32.5	
67	322.5	32.5	
67	322.5	32.5	
67	321.25	33.75	
67	322.5	32.5	
67	322.5	32.5	
67	322.5	32.5	
67	322.5	32.5	
67	322.5	32.5	
67	322.5	32.5	
68	0	0	
68	0	0	
68	0	0	
68	0	0	
68	0	0	
68	0	0	
68	0	3.75	
68	0	3.75	
68	0	2.5	
68	0	3.75	
68	0	0	
68	0	2.5	
68	0	3.75	
68	0	2.5	
68	0	0	
68	0	0	
68	0	2.5	
68	0	0	
68	0	0	
68	0	2.5	
68	0	2.5	
68	0	2.5	
68	0	2.5	
68	0	2.5	
68	0	2.5	
68	0	2.5	
68	0	3.75	
68	0	2.5	
68	0	2.5	
68	0	2.5	
68	6.25	3.75	
68	8.75	2.5	
68	13.75	2.5	
68	18.75	3.75	
68	30	3.75	
68	46.25	3.75	
68	67.5	3.75	
68	78.75	3.75	
68	106.25	6.25	
68	122.5	7.5	
68	170	15	
68	186.25	17.5	
68	203.75	18.75	
68	221.25	22.5	
68	253.75	26.25	
68	282.5	30	
68	307.5	30	
68	317.5	30	
68	335	30	
68	342.5	30	
68	347.5	28.75	
68	347.5	28.75	
68	347.5	28.75	
68	347.5	28.75	
68	347.5	28.75	
68	347.5	28.75	
68	347.5	28.75	
68	347.5	28.75	
68	347.5	28.75	
68	347.5	28.75	
68	347.5	28.75	
68	347.5	28.75	
68	347.5	28.75	
68	347.5	28.75	
68	347.5	28.75	
68	347.5	28.75	
68	347.5	28.75	
68	347.5	28.75	
68	347.5	28.75	
68	347.5	28.75	
68	347.5	28.75	
68	347.5	28.75	
68	347.5	28.75	
68	347.5	28.75	
69	0	0	
69	0	0	
69	0	0	
69	0	0	
69	0	0	
69	0	0	
69	0	0	
69	0	0	
69	0	0	
69	0	0	
69	0	0	
69	0	0	
69	0	0	
69	0	0	
69	0	0	
69	0	0	
69	0	0	
69	0	0	
69	0	0	
69	0	0	
69	2.5	-1.25	
69	5	-3.75	
69	11.25	-1.25	
69	17.5	0	
69	23.75	0	
69	51.25	3.75	
69	63.75	7.5	
69	91.25	11.25	
69	106.25	13.75	
69	122.5	15	
69	172.5	21.25	
69	207.5	22.5	
69	225	22.5	
69	241.25	22.5	
69	257.5	22.5	
69	305	22.5	
69	320	22.5	
69	346.25	21.25	
69	346.25	21.25	
69	346.25	21.25	
69	346.25	21.25	
69	346.25	21.25	
69	346.25	21.25	
69	346.25	21.25	
69	346.25	21.25	
69	346.25	21.25	
69	346.25	21.25	
69	346.25	21.25	
69	346.25	21.25	
69	346.25	21.25	
69	346.25	21.25	
69	346.25	21.25	
69	346.25	21.25	
69	346.25	21.25	
69	346.25	21.25	
69	346.25	21.25	
69	346.25	21.25	
69	346.25	21.25	
69	346.25	21.25	
69	346.25	21.25	
69	346.25	21.25	
69	346.25	21.25	
69	346.25	21.25	
69	346.25	21.25	
69	346.25	21.25	
69	346.25	21.25	
69	346.25	21.25	
69	346.25	21.25	
69	346.25	21.25	
69	346.25	21.25	
69	346.25	21.25	
69	346.25	21.25	
69	346.25	21.25	
69	346.25	21.25	
70	0	0	
70	0	0	
70	0	0	
70	0	0	
70	0	0	
70	0	-1.25	
70	0	-1.25	
70	0	0	
70	0	0	
70	0	0	
70	0	0	
70	0	0	
70	0	0	
70	0	0	
70	0	-1.25	
70	0	-1.25	
70	0	-1.25	
70	0	-1.25	
70	0	-1.25	
70	0	-1.25	
70	0	-1.25	
70	0	-1.25	
70	0	-3.75	
70	2.5	-1.25	
70	7.5	-1.25	
70	22.5	-1.25	
70	30	-3.75	
70	38.75	-1.25	
70	57.5	-1.25	
70	67.5	-1.25	
70	106.25	-1.25	
70	121.25	0	
70	136.25	0	
70	151.25	0	
70	183.75	0	
70	232.5	3.75	
70	248.75	3.75	
70	248.75	3.75	
70	283.75	3.75	
70	298.75	3.75	
70	336.25	2.5	
70	342.5	0	
70	348.75	0	
70	348.75	0	
70	348.75	0	
70	348.75	0	
70	348.75	0	
70	348.75	0	
70	348.75	0	
70	348.75	0	
70	348.75	0	
70	348.75	0	
70	348.75	0	
70	348.75	0	
70	348.75	0	
70	348.75	0	
70	348.75	0	
70	348.75	0	
70	348.75	0	
70	348.75	0	
70	348.75	0	
70	348.75	0	
70	348.75	0	
70	348.75	0	
70	348.75	0	
70	348.75	0	
70	348.75	0	
70	348.75	0	
70	348.75	0	
70	348.75	0	
70	348.75	0	
70	348.75	0	
70	348.75	0	
70	348.75	0	
71	0	0	
71	0	0	
71	0	1.25	
71	0	0	
71	0	0	
71	0	0	
71	0	0	
71	0	0	
71	0	0	
71	0	0	
71	0	0	
71	0	0	
71	0	0	
71	0	0	
71	0	0	
71	0	1.25	
71	0	0	
71	0	0	
71	0	0	
71	0	0	
71	1.25	0	
71	1.25	0	
71	3.75	-2.5	
71	7.5	-2.5	
71	11.25	-2.5	
71	31.25	-2.5	
71	40	-2.5	
71	48.75	-6.25	
71	71.25	-6.25	
71	86.25	-6.25	
71	135	-2.5	
71	153.75	-2.5	
71	190	1.25	
71	208.75	1.25	
71	227.5	3.75	
71	277.5	3.75	
71	277.5	3.75	
71	295	1.25	
71	295	1.25	
71	311.25	1.25	
71	336.25	1.25	
71	341.25	1.25	
71	345	1.25	
71	345	1.25	
71	345	1.25	
71	345	1.25	
71	345	1.25	
71	345	1.25	
71	345	1.25	
71	345	1.25	
71	345	1.25	
71	345	1.25	
71	345	1.25	
71	345	1.25	
71	345	1.25	
71	345	1.25	
71	345	1.25	
71	345	1.25	
71	345	1.25	
71	345	1.25	
71	345	1.25	
71	345	1.25	
71	345	1.25	
71	345	1.25	
71	345	1.25	
71	345	1.25	
71	345	1.25	
71	345	1.25	
71	345	1.25	
71	345	1.25	
71	345	1.25	
71	345	1.25	
71	345	1.25	
71	345	1.25	
72	0	0	
72	0	0	
72	0	0	
72	0	0	
72	0	0	
72	0	-1.25	
72	0	0	
72	0	0	
72	0	0	
72	0	0	
72	0	2.5	
72	0	0	
72	0	0	
72	0	0	
72	0	0	
72	0	0	
72	0	0	
72	0	0	
72	0	0	
72	0	0	
72	0	0	
72	1.25	0	
72	3.75	-1.25	
72	10	-3.75	
72	13.75	-3.75	
72	32.5	-3.75	
72	38.75	-3.75	
72	46.25	-3.75	
72	55	-3.75	
72	75	-3.75	
72	97.5	-3.75	
72	122.5	0	
72	135	0	
72	161.25	2.5	
72	173.75	3.75	
72	211.25	7.5	
72	222.5	10	
72	233.75	11.25	
72	243.75	11.25	
72	262.5	11.25	
72	282.5	11.25	
72	288.75	11.25	
72	295	11.25	
72	305	10	
72	310	7.5	
72	318.75	6.25	
72	325	3.75	
72	330	2.5	
72	331.25	2.5	
72	336.25	0	
72	338.75	0	
72	338.75	0	
72	340	2.5	
72	341.25	2.5	
72	341.25	2.5	
72	341.25	2.5	
72	341.25	3.75	
72	341.25	2.5	
72	341.25	2.5	
72	341.25	2.5	
72	341.25	3.75	
72	341.25	2.5	
72	341.25	2.5	
72	341.25	2.5	
72	341.25	2.5	
72	341.25	0	
72	341.25	0	
72	341.25	0	
72	341.25	0	
72	341.25	0	
72	340	2.5	
72	338.75	2.5	
72	338.75	2.5	
72	338.75	0	
73	0	0	
73	0	0	
73	0	0	
73	0	-2.5	
73	0	-2.5	
73	0	1.25	
73	0	1.25	
73	0	1.25	
73	0	1.25	
73	0	1.25	
73	0	1.25	
73	0	1.25	
73	0	1.25	
73	0	1.25	
73	0	1.25	
73	0	1.25	
73	0	1.25	
73	0	1.25	
73	0	1.25	
73	0	1.25	
73	1.25	1.25	
73	2.5	1.25	
73	7.5	1.25	
73	12.5	5	
73	27.5	8.75	
73	55	12.5	
73	65	15	
73	76.25	15	
73	101.25	16.25	
73	115	20	
73	157.5	20	
73	171.25	23.75	
73	185	22.5	
73	198.75	22.5	
73	223.75	23.75	
73	256.25	20	
73	265	20	
73	273.75	16.25	
73	287.5	12.5	
73	293.75	12.5	
73	308.75	8.75	
73	312.5	7.5	
73	317.5	5	
73	321.25	5	
73	326.25	3.75	
73	330	1.25	
73	331.25	1.25	
73	332.5	1.25	
73	333.75	1.25	
73	333.75	1.25	
73	333.75	1.25	
73	333.75	1.25	
73	333.75	1.25	
73	333.75	1.25	
73	333.75	1.25	
73	335	1.25	
73	335	1.25	
73	335	1.25	
73	335	1.25	
73	335	1.25	
73	335	1.25	
73	335	1.25	
73	335	1.25	
73	335	1.25	
73	335	1.25	
73	333.75	1.25	
73	333.75	1.25	
73	333.75	1.25	
73	333.75	1.25	
73	333.75	1.25	
73	333.75	1.25	
73	333.75	1.25	
73	333.75	1.25	
73	333.75	1.25	
74	0	0	
74	1.25	-1.25	
74	1.25	-1.25	
74	1.25	-3.75	
74	1.25	-3.75	
74	1.25	0	
74	1.25	-3.75	
74	1.25	-3.75	
74	1.25	-3.75	
74	1.25	-1.25	
74	1.25	-3.75	
74	1.25	-3.75	
74	1.25	-3.75	
74	1.25	-3.75	
74	1.25	-3.75	
74	1.25	-3.75	
74	1.25	-3.75	
74	1.25	-3.75	
74	1.25	-3.75	
74	1.25	-3.75	
74	1.25	-3.75	
74	1.25	-3.75	
74	2.5	-3.75	
74	8.75	-3.75	
74	18.75	-7.5	
74	25	-7.5	
74	41.25	-7.5	
74	65	-7.5	
74	65	-7.5	
74	107.5	2.5	
74	148.75	10	
74	170	13.75	
74	191.25	15	
74	210	18.75	
74	263.75	22.5	
74	277.5	22.5	
74	300	18.75	
74	316.25	17.5	
74	322.5	15	
74	331.25	15	
74	336.25	13.75	
74	337.5	13.75	
74	337.5	11.25	
74	338.75	11.25	
74	340	11.25	
74	340	11.25	
74	340	11.25	
74	340	11.25	
74	340	11.25	
74	340	11.25	
74	340	11.25	
74	340	11.25	
74	340	13.75	
74	341.25	11.25	
74	341.25	11.25	
74	341.25	11.25	
74	341.25	11.25	
74	341.25	10	
74	341.25	11.25	
74	342.5	11.25	
74	341.25	11.25	
74	342.5	11.25	
74	342.5	11.25	
74	341.25	11.25	
74	342.5	11.25	
74	342.5	11.25	
74	342.5	11.25	
74	342.5	11.25	
74	342.5	11.25	
74	342.5	11.25	
74	342.5	11.25	
74	342.5	11.25	
74	342.5	11.25	
74	342.5	11.25	
75	0	0	
75	0	-2.5	
75	0	-2.5	
75	0	-2.5	
75	0	-2.5	
75	0	-2.5	
75	0	-2.5	
75	0	-2.5	
75	0	-2.5	
75	0	-2.5	
75	0	-2.5	
75	-1.25	-2.5	
75	-1.25	-2.5	
75	-1.25	-2.5	
75	-1.25	-2.5	
75	-1.25	-2.5	
75	-1.25	-2.5	
75	-1.25	-2.5	
75	-1.25	-2.5	
75	-1.25	0	
75	-1.25	1.25	
75	-1.25	1.25	
75	-1.25	1.25	
75	-1.25	1.25	
75	-1.25	1.25	
75	-1.25	1.25	
75	-1.25	1.25	
75	-1.25	1.25	
75	-1.25	0	
75	-1.25	0	
75	0	0	
75	2.5	0	
75	6.25	-2.5	
75	10	-2.5	
75	16.25	-2.5	
75	40	-6.25	
75	50	-10	
75	77.5	-10	
75	77.5	-10	
75	97.5	-10	
75	160	-7.5	
75	197.5	-6.25	
75	215	-3.75	
75	231.25	-3.75	
75	246.25	-3.75	
75	282.5	-6.25	
75	291.25	-6.25	
75	306.25	-6.25	
75	311.25	-6.25	
75	315	-6.25	
75	323.75	-6.25	
75	326.25	-7.5	
75	326.25	-6.25	
75	327.5	-6.25	
75	327.5	-6.25	
75	327.5	-6.25	
75	327.5	-6.25	
75	328.75	-6.25	
75	330	-6.25	
75	330	-6.25	
75	330	-6.25	
75	330	-6.25	
75	330	-6.25	
75	330	-6.25	
75	330	-6.25	
75	330	-6.25	
75	330	-6.25	
75	330	-6.25	
75	330	-6.25	
75	330	-6.25	
75	330	-6.25	
75	330	-6.25	
75	330	-6.25	
75	330	-6.25	
76	0	0	
76	0	0	
76	0	-1.25	
76	0	0	
76	0	0	
76	0	0	
76	0	0	
76	0	0	
76	0	0	
76	0	-3.75	
76	0	-1.25	
76	0	-1.25	
76	0	-1.25	
76	0	-1.25	
76	0	0	
76	0	0	
76	0	0	
76	0	0	
76	0	2.5	
76	0	2.5	
76	3.75	0	
76	6.25	0	
76	11.25	0	
76	22.5	0	
76	40	2.5	
76	61.25	2.5	
76	73.75	3.75	
76	103.75	6.25	
76	118.75	10	
76	135	11.25	
76	185	25	
76	201.25	28.75	
76	217.5	30	
76	245	36.25	
76	256.25	37.5	
76	287.5	37.5	
76	296.25	37.5	
76	312.5	37.5	
76	318.75	36.25	
76	323.75	36.25	
76	336.25	33.75	
76	340	33.75	
76	343.75	33.75	
76	343.75	33.75	
76	343.75	33.75	
76	343.75	33.75	
76	343.75	33.75	
76	343.75	33.75	
76	343.75	33.75	
76	343.75	33.75	
76	343.75	33.75	
76	343.75	33.75	
76	343.75	33.75	
76	343.75	33.75	
76	343.75	33.75	
76	343.75	33.75	
76	343.75	33.75	
76	343.75	33.75	
76	343.75	33.75	
76	343.75	33.75	
76	343.75	33.75	
76	343.75	33.75	
76	343.75	33.75	
76	343.75	33.75	
76	343.75	33.75	
76	343.75	33.75	
76	343.75	33.75	
76	343.75	33.75	
76	343.75	33.75	
76	343.75	33.75	
76	343.75	33.75	
76	343.75	33.75	
76	343.75	33.75	
76	343.75	33.75	
77	0	0	
77	0	0	
77	0	0	
77	0	0	
77	0	0	
77	0	0	
77	0	0	
77	0	0	
77	0	0	
77	0	0	
77	0	0	
77	0	0	
77	0	0	
77	0	0	
77	0	0	
77	0	0	
77	0	0	
77	0	0	
77	0	-1.25	
77	2.5	-1.25	
77	8.75	0	
77	20	2.5	
77	28.75	3.75	
77	40	7.5	
77	52.5	7.5	
77	95	17.5	
77	113.75	18.75	
77	132.5	18.75	
77	148.75	18.75	
77	180	11.25	
77	208.75	6.25	
77	223.75	2.5	
77	240	0	
77	255	-1.25	
77	268.75	0	
77	306.25	0	
77	311.25	0	
77	316.25	-1.25	
77	321.25	-3.75	
77	328.75	-7.5	
77	335	-8.75	
77	337.5	-11.25	
77	340	-12.5	
77	341.25	-12.5	
77	342.5	-15	
77	347.5	-20	
77	348.75	-20	
77	348.75	-20	
77	348.75	-20	
77	348.75	-22.5	
77	348.75	-22.5	
77	348.75	-22.5	
77	348.75	-22.5	
77	348.75	-22.5	
77	348.75	-22.5	
77	348.75	-22.5	
77	348.75	-22.5	
77	348.75	-22.5	
77	348.75	-22.5	
77	348.75	-22.5	
77	348.75	-22.5	
77	348.75	-22.5	
77	348.75	-22.5	
77	348.75	-22.5	
77	348.75	-22.5	
77	348.75	-22.5	
77	348.75	-22.5	
77	348.75	-22.5	
77	348.75	-22.5	
77	348.75	-22.5	
77	348.75	-22.5	
77	348.75	-18.75	
77	348.75	-18.75	
77	348.75	-18.75	
78	0	0	
78	0	0	
78	0	0	
78	0	-1.25	
78	-1.25	0	
78	-1.25	0	
78	-1.25	0	
78	-1.25	0	
78	-1.25	0	
78	-1.25	-1.25	
78	-1.25	-1.25	
78	0	-1.25	
78	0	-1.25	
78	0	-3.75	
78	0	-1.25	
78	0	-1.25	
78	0	-3.75	
78	0	-1.25	
78	0	-3.75	
78	1.25	-1.25	
78	13.75	2.5	
78	21.25	6.25	
78	31.25	7.5	
78	53.75	11.25	
78	67.5	13.75	
78	98.75	18.75	
78	133.75	25	
78	152.5	26.25	
78	171.25	28.75	
78	206.25	30	
78	255	28.75	
78	268.75	28.75	
78	281.25	26.25	
78	305	22.5	
78	313.75	22.5	
78	327.5	21.25	
78	335	18.75	
78	338.75	17.5	
78	340	15	
78	345	11.25	
78	348.75	7.5	
78	348.75	7.5	
78	348.75	7.5	
78	348.75	7.5	
78	348.75	7.5	
78	348.75	7.5	
78	348.75	7.5	
78	348.75	7.5	
78	348.75	7.5	
78	348.75	7.5	
78	348.75	7.5	
78	348.75	7.5	
78	348.75	7.5	
78	348.75	7.5	
78	348.75	7.5	
78	348.75	7.5	
78	348.75	7.5	
78	348.75	7.5	
78	348.75	7.5	
78	348.75	7.5	
78	348.75	7.5	
78	348.75	7.5	
78	348.75	7.5	
78	348.75	7.5	
78	348.75	7.5	
78	348.75	7.5	
78	348.75	7.5	
78	348.75	7.5	
78	348.75	7.5	
78	348.75	7.5	
78	348.75	7.5	
78	348.75	7.5	
78	348.75	7.5	
78	348.75	7.5	
79	0	0	
79	0	0	
79	0	0	
79	0	0	
79	0	0	
79	0	0	
79	0	0	
79	0	0	
79	0	0	
79	0	0	
79	0	0	
79	0	0	
79	0	0	
79	0	0	
79	0	0	
79	0	0	
79	0	0	
79	0	0	
79	0	2.5	
79	0	2.5	
79	0	2.5	
79	0	2.5	
79	0	2.5	
79	0	2.5	
79	0	3.75	
79	3.75	3.75	
79	7.5	3.75	
79	13.75	3.75	
79	33.75	6.25	
79	46.25	7.5	
79	101.25	15	
79	121.25	17.5	
79	141.25	18.75	
79	181.25	18.75	
79	198.75	15	
79	240	7.5	
79	251.25	2.5	
79	260	0	
79	280	-8.75	
79	288.75	-12.5	
79	301.25	-18.75	
79	310	-23.75	
79	316.25	-27.5	
79	318.75	-27.5	
79	320	-30	
79	323.75	-30	
79	323.75	-30	
79	325	-31.25	
79	325	-31.25	
79	325	-31.25	
79	325	-31.25	
79	325	-33.75	
79	325	-33.75	
79	325	-33.75	
79	325	-33.75	
79	326.25	-30	
79	326.25	-30	
79	327.5	-26.25	
79	330	-20	
79	330	-18.75	
79	332.5	-15	
79	333.75	-12.5	
79	333.75	-11.25	
79	333.75	-11.25	
79	335	-11.25	
79	335	-11.25	
79	335	-11.25	
79	336.25	-11.25	
79	337.5	-8.75	
79	337.5	-7.5	
79	338.75	-7.5	
79	340	-7.5	
79	341.25	-7.5	
79	341.25	-7.5	
80	0	0	
80	0	-2.5	
80	0	1.25	
80	0	1.25	
80	0	1.25	
80	0	1.25	
80	0	1.25	
80	0	1.25	
80	0	1.25	
80	0	0	
80	0	-2.5	
80	0	-2.5	
80	0	-2.5	
80	0	-2.5	
80	0	-2.5	
80	0	-2.5	
80	0	0	
80	0	-2.5	
80	0	-2.5	
80	0	-2.5	
80	1.25	0	
80	3.75	1.25	
80	8.75	5	
80	27.5	16.25	
80	40	22.5	
80	83.75	38.75	
80	100	38.75	
80	130	38.75	
80	145	37.5	
80	160	31.25	
80	205	15	
80	220	8.75	
80	232.5	5	
80	257.5	-6.25	
80	267.5	-10	
80	295	-17.5	
80	301.25	-18.75	
80	311.25	-22.5	
80	313.75	-25	
80	317.5	-25	
80	325	-32.5	
80	328.75	-36.25	
80	330	-36.25	
80	333.75	-37.5	
80	335	-37.5	
80	336.25	-40	
80	336.25	-40	
80	340	-40	
80	340	-40	
80	341.25	-40	
80	343.75	-37.5	
80	345	-36.25	
80	346.25	-36.25	
80	345	-33.75	
80	347.5	-32.5	
80	347.5	-32.5	
80	347.5	-32.5	
80	347.5	-32.5	
80	347.5	-32.5	
80	347.5	-32.5	
80	347.5	-32.5	
80	347.5	-32.5	
80	347.5	-32.5	
80	347.5	-32.5	
80	347.5	-32.5	
80	347.5	-32.5	
80	347.5	-32.5	
80	347.5	-32.5	
80	347.5	-32.5	
80	347.5	-32.5	
80	347.5	-32.5	
80	347.5	-32.5	
80	347.5	-32.5	
80	347.5	-32.5	
81	0	0	
81	0	0	
81	0	0	
81	0	0	
81	0	0	
81	0	0	
81	0	0	
81	0	0	
81	0	0	
81	0	0	
81	0	0	
81	0	0	
81	0	0	
81	0	0	
81	0	0	
81	0	0	
81	0	1.25	
81	0	1.25	
81	0	0	
81	0	0	
81	0	-2.5	
81	0	-2.5	
81	0	-2.5	
81	0	-2.5	
81	1.25	0	
81	16.25	5	
81	26.25	12.5	
81	56.25	20	
81	76.25	26.25	
81	118.75	35	
81	163.75	35	
81	210	30	
81	232.5	23.75	
81	255	20	
81	278.75	15	
81	342.5	1.25	
81	342.5	1.25	
81	342.5	1.25	
81	342.5	1.25	
81	342.5	1.25	
81	342.5	1.25	
81	342.5	1.25	
81	342.5	1.25	
81	342.5	1.25	
81	342.5	1.25	
81	342.5	1.25	
81	342.5	1.25	
81	342.5	1.25	
81	342.5	1.25	
81	342.5	1.25	
81	342.5	1.25	
81	342.5	1.25	
81	342.5	1.25	
81	342.5	1.25	
81	342.5	1.25	
81	342.5	1.25	
81	342.5	1.25	
81	342.5	1.25	
81	342.5	1.25	
81	342.5	1.25	
81	342.5	1.25	
81	342.5	1.25	
81	342.5	1.25	
81	342.5	1.25	
81	342.5	1.25	
81	342.5	1.25	
81	342.5	1.25	
81	342.5	1.25	
81	342.5	1.25	
81	342.5	1.25	
81	342.5	1.25	
81	342.5	1.25	
81	342.5	1.25	
81	342.5	1.25	
82	0	0	
82	0	0	
82	0	0	
82	0	0	
82	0	1.25	
82	0	1.25	
82	0	1.25	
82	0	1.25	
82	0	1.25	
82	0	1.25	
82	0	1.25	
82	0	1.25	
82	0	1.25	
82	0	1.25	
82	0	1.25	
82	0	1.25	
82	0	0	
82	0	0	
82	0	0	
82	0	1.25	
82	0	0	
82	1.25	0	
82	8.75	1.25	
82	21.25	5	
82	31.25	8.75	
82	53.75	12.5	
82	83.75	16.25	
82	101.25	18.75	
82	118.75	20	
82	160	18.75	
82	200	16.25	
82	220	12.5	
82	258.75	7.5	
82	292.5	1.25	
82	308.75	-2.5	
82	335	-7.5	
82	335	-7.5	
82	335	-7.5	
82	335	-7.5	
82	335	-7.5	
82	335	-7.5	
82	335	-7.5	
82	335	-7.5	
82	335	-7.5	
82	335	-7.5	
82	335	-7.5	
82	335	-7.5	
82	335	-7.5	
82	335	-7.5	
82	335	-7.5	
82	335	-7.5	
82	335	-7.5	
82	335	-7.5	
82	335	-7.5	
82	335	-7.5	
82	335	-7.5	
82	335	-7.5	
82	335	-7.5	
82	335	-7.5	
82	335	-7.5	
82	335	-7.5	
82	335	-7.5	
82	335	-7.5	
82	335	-7.5	
82	335	-7.5	
82	335	-7.5	
82	335	-7.5	
82	335	-7.5	
82	335	-7.5	
82	335	-7.5	
82	335	-7.5	
82	335	-7.5	
82	335	-7.5	
82	335	-7.5	
83	0	0	
83	0	0	
83	0	0	
83	0	0	
83	0	0	
83	0	0	
83	0	0	
83	0	0	
83	0	2.5	
83	0	2.5	
83	0	2.5	
83	0	2.5	
83	0	2.5	
83	0	2.5	
83	0	2.5	
83	0	2.5	
83	0	2.5	
83	0	2.5	
83	0	2.5	
83	1.25	2.5	
83	15	3.75	
83	23.75	7.5	
83	35	7.5	
83	60	11.25	
83	73.75	10	
83	120	7.5	
83	135	6.25	
83	166.25	0	
83	181.25	-1.25	
83	196.25	-5	
83	243.75	-15	
83	260	-15	
83	275	-16.25	
83	290	-18.75	
83	315	-22.5	
83	340	-26.25	
83	346.25	-26.25	
83	346.25	-26.25	
83	346.25	-26.25	
83	346.25	-26.25	
83	346.25	-26.25	
83	346.25	-26.25	
83	346.25	-26.25	
83	346.25	-26.25	
83	346.25	-26.25	
83	346.25	-26.25	
83	346.25	-26.25	
83	346.25	-26.25	
83	346.25	-26.25	
83	346.25	-26.25	
83	346.25	-26.25	
83	346.25	-26.25	
83	346.25	-26.25	
83	346.25	-26.25	
83	346.25	-26.25	
83	346.25	-26.25	
83	346.25	-26.25	
83	346.25	-26.25	
83	346.25	-26.25	
83	346.25	-26.25	
83	346.25	-26.25	
83	346.25	-26.25	
83	346.25	-26.25	
83	346.25	-26.25	
83	346.25	-26.25	
83	346.25	-26.25	
83	346.25	-26.25	
83	346.25	-26.25	
83	346.25	-26.25	
83	346.25	-26.25	
83	346.25	-26.25	
83	346.25	-26.25	
83	346.25	-26.25	
83	346.25	-26.25	
84	0	0	
84	0	0	
84	0	0	
84	0	0	
84	0	0	
84	0	-1.25	
84	0	-1.25	
84	0	-1.25	
84	0	-1.25	
84	0	-1.25	
84	0	-3.75	
84	0	-3.75	
84	0	-3.75	
84	0	-3.75	
84	0	-3.75	
84	0	-1.25	
84	0	-1.25	
84	0	-1.25	
84	0	0	
84	0	0	
84	0	0	
84	0	-1.25	
84	1.25	-3.75	
84	3.75	-3.75	
84	13.75	-3.75	
84	27.5	-7.5	
84	36.25	-7.5	
84	57.5	-7.5	
84	82.5	-11.25	
84	97.5	-8.75	
84	130	-8.75	
84	163.75	-7.5	
84	180	-8.75	
84	197.5	-11.25	
84	232.5	-15	
84	266.25	-18.75	
84	280	-18.75	
84	302.5	-26.25	
84	318.75	-30	
84	323.75	-33.75	
84	332.5	-35	
84	338.75	-41.25	
84	340	-41.25	
84	341.25	-41.25	
84	342.5	-41.25	
84	343.75	-41.25	
84	343.75	-42.5	
84	343.75	-42.5	
84	343.75	-42.5	
84	343.75	-42.5	
84	345	-45	
84	343.75	-45	
84	345	-42.5	
84	345	-42.5	
84	345	-42.5	
84	345	-42.5	
84	345	-42.5	
84	345	-42.5	
84	345	-42.5	
84	345	-45	
84	345	-42.5	
84	345	-42.5	
84	345	-42.5	
84	345	-41.25	
84	345	-41.25	
84	345	-41.25	
84	345	-41.25	
84	345	-41.25	
84	345	-41.25	
84	345	-41.25	
84	345	-38.75	
84	345	-38.75	
84	345	-38.75	
84	345	-38.75	
85	0	0	
85	0	0	
85	0	0	
85	0	0	
85	0	0	
85	0	0	
85	0	0	
85	0	0	
85	0	0	
85	0	0	
85	0	-1.25	
85	0	0	
85	0	0	
85	0	0	
85	0	0	
85	0	0	
85	0	0	
85	0	0	
85	0	0	
85	0	0	
85	3.75	2.5	
85	10	0	
85	16.25	2.5	
85	25	3.75	
85	35	6.25	
85	72.5	7.5	
85	87.5	10	
85	103.75	11.25	
85	136.25	11.25	
85	151.25	11.25	
85	200	11.25	
85	216.25	7.5	
85	248.75	3.75	
85	263.75	3.75	
85	277.5	0	
85	312.5	-11.25	
85	321.25	-12.5	
85	330	-16.25	
85	345	-22.5	
85	345	-22.5	
85	345	-22.5	
85	345	-22.5	
85	345	-22.5	
85	345	-22.5	
85	345	-22.5	
85	345	-22.5	
85	345	-22.5	
85	345	-22.5	
85	345	-22.5	
85	345	-22.5	
85	345	-22.5	
85	345	-22.5	
85	345	-22.5	
85	345	-22.5	
85	345	-22.5	
85	345	-22.5	
85	345	-22.5	
85	345	-22.5	
85	345	-22.5	
85	345	-22.5	
85	345	-22.5	
85	345	-22.5	
85	345	-22.5	
85	345	-22.5	
85	345	-22.5	
85	345	-22.5	
85	345	-22.5	
85	345	-22.5	
85	345	-22.5	
85	345	-22.5	
85	345	-22.5	
85	345	-22.5	
85	345	-22.5	
85	345	-22.5	
86	0	0	
86	0	2.5	
86	0	2.5	
86	0	2.5	
86	0	2.5	
86	0	3.75	
86	0	3.75	
86	0	3.75	
86	0	3.75	
86	0	3.75	
86	-1.25	3.75	
86	-1.25	3.75	
86	-1.25	3.75	
86	-1.25	3.75	
86	-1.25	3.75	
86	-1.25	3.75	
86	-1.25	3.75	
86	-1.25	3.75	
86	-1.25	3.75	
86	0	3.75	
86	10	7.5	
86	16.25	10	
86	23.75	11.25	
86	45	15	
86	57.5	15	
86	101.25	13.75	
86	116.25	11.25	
86	151.25	7.5	
86	170	7.5	
86	188.75	7.5	
86	247.5	11.25	
86	265	13.75	
86	281.25	15	
86	305	15	
86	313.75	15	
86	330	15	
86	332.5	15	
86	338.75	11.25	
86	341.25	13.75	
86	343.75	13.75	
86	347.5	10	
86	347.5	10	
86	347.5	10	
86	347.5	10	
86	347.5	10	
86	347.5	10	
86	347.5	10	
86	347.5	10	
86	347.5	10	
86	347.5	10	
86	347.5	10	
86	347.5	10	
86	347.5	10	
86	347.5	10	
86	347.5	10	
86	347.5	10	
86	347.5	10	
86	347.5	10	
86	347.5	10	
86	347.5	10	
86	347.5	10	
86	347.5	10	
86	347.5	10	
86	347.5	10	
86	347.5	10	
86	347.5	10	
86	347.5	10	
86	347.5	10	
86	347.5	10	
86	347.5	10	
86	347.5	10	
86	347.5	10	
86	347.5	10	
86	347.5	10	
87	0	0	
87	0	0	
87	0	0	
87	0	0	
87	0	0	
87	0	0	
87	0	0	
87	0	0	
87	0	0	
87	0	-1.25	
87	0	-1.25	
87	0	-1.25	
87	0	-1.25	
87	0	-1.25	
87	0	-3.75	
87	0	-1.25	
87	0	-1.25	
87	0	-1.25	
87	0	-3.75	
87	0	-1.25	
87	0	-1.25	
87	0	-1.25	
87	0	-1.25	
87	0	-1.25	
87	0	-1.25	
87	0	-1.25	
87	2.5	-1.25	
87	8.75	-3.75	
87	15	-3.75	
87	30	-3.75	
87	51.25	-3.75	
87	63.75	-3.75	
87	90	-3.75	
87	105	-3.75	
87	120	-3.75	
87	171.25	-8.75	
87	188.75	-8.75	
87	225	-12.5	
87	241.25	-15	
87	275	-18.75	
87	305	-20	
87	318.75	-22.5	
87	343.75	-22.5	
87	343.75	-22.5	
87	343.75	-22.5	
87	343.75	-22.5	
87	343.75	-22.5	
87	343.75	-22.5	
87	343.75	-22.5	
87	343.75	-22.5	
87	343.75	-22.5	
87	343.75	-22.5	
87	343.75	-22.5	
87	343.75	-22.5	
87	343.75	-22.5	
87	343.75	-22.5	
87	343.75	-22.5	
87	343.75	-22.5	
87	343.75	-22.5	
87	343.75	-22.5	
87	343.75	-22.5	
87	343.75	-22.5	
87	343.75	-22.5	
87	343.75	-22.5	
87	343.75	-22.5	
87	343.75	-22.5	
87	343.75	-22.5	
87	343.75	-22.5	
87	343.75	-22.5	
87	343.75	-22.5	
87	343.75	-22.5	
87	343.75	-22.5	
87	343.75	-22.5	
87	343.75	-22.5	
88	0	0	
88	0	0	
88	0	0	
88	0	-1.25	
88	0	-1.25	
88	0	-1.25	
88	0	-1.25	
88	0	-1.25	
88	0	0	
88	0	0	
88	0	0	
88	0	0	
88	0	0	
88	0	0	
88	0	0	
88	0	0	
88	0	0	
88	0	0	
88	0	0	
88	0	0	
88	8.75	0	
88	13.75	0	
88	20	3.75	
88	30	7.5	
88	57.5	15	
88	95	26.25	
88	132.5	30	
88	151.25	30	
88	170	30	
88	187.5	26.25	
88	247.5	11.25	
88	262.5	6.25	
88	276.25	0	
88	290	-3.75	
88	315	-11.25	
88	337.5	-16.25	
88	337.5	-16.25	
88	337.5	-16.25	
88	337.5	-16.25	
88	337.5	-16.25	
88	337.5	-16.25	
88	337.5	-16.25	
88	337.5	-16.25	
88	337.5	-16.25	
88	337.5	-16.25	
88	337.5	-16.25	
88	337.5	-16.25	
88	337.5	-16.25	
88	337.5	-16.25	
88	337.5	-16.25	
88	337.5	-16.25	
88	337.5	-16.25	
88	337.5	-16.25	
88	337.5	-16.25	
88	337.5	-16.25	
88	337.5	-16.25	
88	337.5	-16.25	
88	337.5	-16.25	
88	337.5	-16.25	
88	337.5	-16.25	
88	337.5	-16.25	
88	337.5	-16.25	
88	337.5	-16.25	
88	337.5	-16.25	
88	337.5	-16.25	
88	337.5	-16.25	
88	337.5	-16.25	
88	337.5	-16.25	
88	337.5	-16.25	
88	337.5	-16.25	
88	337.5	-16.25	
88	337.5	-16.25	
88	337.5	-16.25	
88	337.5	-16.25	
89	0	0	
89	0	0	
89	0	0	
89	0	0	
89	0	0	
89	0	0	
89	0	0	
89	0	0	
89	0	0	
89	0	0	
89	0	0	
89	0	0	
89	0	0	
89	0	0	
89	0	0	
89	0	0	
89	0	0	
89	0	0	
89	0	0	
89	0	0	
89	0	0	
89	0	0	
89	1.25	-2.5	
89	3.75	-2.5	
89	7.5	0	
89	36.25	1.25	
89	46.25	3.75	
89	56.25	3.75	
89	67.5	5	
89	90	7.5	
89	116.25	5	
89	143.75	7.5	
89	157.5	5	
89	172.5	5	
89	186.25	5	
89	242.5	7.5	
89	255	5	
89	266.25	5	
89	275	5	
89	288.75	3.75	
89	296.25	1.25	
89	300	-2.5	
89	307.5	-6.25	
89	311.25	-10	
89	315	-13.75	
89	330	-25	
89	332.5	-25	
89	335	-28.75	
89	336.25	-28.75	
89	340	-30	
89	340	-32.5	
89	340	-32.5	
89	341.25	-32.5	
89	341.25	-32.5	
89	341.25	-32.5	
89	341.25	-32.5	
89	341.25	-32.5	
89	341.25	-32.5	
89	341.25	-32.5	
89	342.5	-32.5	
89	342.5	-32.5	
89	342.5	-32.5	
89	343.75	-28.75	
89	345	-25	
89	346.25	-22.5	
89	346.25	-22.5	
89	346.25	-22.5	
89	346.25	-22.5	
89	346.25	-22.5	
89	346.25	-22.5	
89	346.25	-22.5	
89	346.25	-22.5	
89	346.25	-22.5	
89	346.25	-22.5	
90	0	0	
90	0	0	
90	0	0	
90	0	0	
90	0	2.5	
90	0	2.5	
90	0	2.5	
90	0	2.5	
90	0	2.5	
90	0	3.75	
90	0	3.75	
90	0	3.75	
90	0	3.75	
90	0	3.75	
90	0	3.75	
90	0	3.75	
90	0	3.75	
90	0	3.75	
90	0	3.75	
90	0	2.5	
90	0	2.5	
90	0	2.5	
90	1.25	2.5	
90	3.75	2.5	
90	18.75	3.75	
90	26.25	6.25	
90	46.25	10	
90	57.5	11.25	
90	70	11.25	
90	98.75	11.25	
90	137.5	11.25	
90	155	11.25	
90	171.25	11.25	
90	186.25	10	
90	213.75	7.5	
90	241.25	6.25	
90	255	3.75	
90	281.25	3.75	
90	290	2.5	
90	302.5	0	
90	313.75	-3.75	
90	317.5	-3.75	
90	320	-5	
90	322.5	-7.5	
90	326.25	-11.25	
90	328.75	-11.25	
90	331.25	-12.5	
90	335	-15	
90	337.5	-15	
90	341.25	-16.25	
90	345	-15	
90	346.25	-18.75	
90	347.5	-18.75	
90	347.5	-15	
90	348.75	-18.75	
90	348.75	-16.25	
90	348.75	-16.25	
90	348.75	-16.25	
90	348.75	-16.25	
90	348.75	-16.25	
90	348.75	-16.25	
90	348.75	-16.25	
90	348.75	-16.25	
90	348.75	-16.25	
90	348.75	-16.25	
90	348.75	-16.25	
90	348.75	-16.25	
90	348.75	-16.25	
90	348.75	-16.25	
90	348.75	-16.25	
90	348.75	-16.25	
90	348.75	-16.25	
90	348.75	-16.25	
90	348.75	-16.25	
91	0	0	
91	0	0	
91	0	2.5	
91	0	0	
91	0	0	
91	0	0	
91	0	0	
91	0	0	
91	0	0	
91	0	0	
91	0	0	
91	0	0	
91	0	-1.25	
91	0	0	
91	0	0	
91	0	0	
91	0	-1.25	
91	0	0	
91	0	0	
91	0	0	
91	0	0	
91	0	0	
91	0	0	
91	0	0	
91	0	0	
91	0	0	
91	3.75	3.75	
91	8.75	6.25	
91	15	7.5	
91	25	11.25	
91	58.75	25	
91	71.25	26.25	
91	98.75	30	
91	112.5	30	
91	141.25	26.25	
91	171.25	18.75	
91	200	7.5	
91	215	3.75	
91	230	0	
91	242.5	-5	
91	275	-16.25	
91	282.5	-18.75	
91	295	-26.25	
91	301.25	-30	
91	310	-31.25	
91	317.5	-33.75	
91	322.5	-35	
91	323.75	-37.5	
91	326.25	-37.5	
91	326.25	-37.5	
91	327.5	-37.5	
91	328.75	-37.5	
91	328.75	-37.5	
91	331.25	-37.5	
91	333.75	-37.5	
91	337.5	-35	
91	341.25	-33.75	
91	342.5	-33.75	
91	345	-31.25	
91	346.25	-30	
91	346.25	-30	
91	346.25	-30	
91	346.25	-30	
91	346.25	-30	
91	346.25	-30	
91	346.25	-30	
91	346.25	-30	
91	346.25	-30	
91	346.25	-30	
91	346.25	-30	
91	346.25	-30	
91	346.25	-30	
91	346.25	-30	
91	346.25	-30	
92	0	0	
92	0	0	
92	0	0	
92	0	0	
92	0	0	
92	0	0	
92	0	0	
92	0	0	
92	0	0	
92	0	0	
92	0	0	
92	0	0	
92	0	0	
92	0	0	
92	0	0	
92	0	0	
92	0	0	
92	0	0	
92	0	2.5	
92	0	0	
92	0	0	
92	0	0	
92	1.25	2.5	
92	2.5	2.5	
92	5	2.5	
92	26.25	7.5	
92	48.75	15	
92	62.5	15	
92	75	17.5	
92	90	17.5	
92	135	13.75	
92	151.25	11.25	
92	182.5	7.5	
92	198.75	3.75	
92	215	0	
92	260	-3.75	
92	283.75	-8.75	
92	295	-11.25	
92	303.75	-15	
92	312.5	-15	
92	331.25	-20	
92	336.25	-22.5	
92	343.75	-23.75	
92	346.25	-26.25	
92	346.25	-26.25	
92	346.25	-26.25	
92	346.25	-26.25	
92	346.25	-26.25	
92	346.25	-26.25	
92	346.25	-26.25	
92	346.25	-26.25	
92	346.25	-26.25	
92	346.25	-26.25	
92	346.25	-26.25	
92	346.25	-26.25	
92	346.25	-26.25	
92	346.25	-26.25	
92	346.25	-26.25	
92	346.25	-26.25	
92	346.25	-26.25	
92	346.25	-26.25	
92	346.25	-26.25	
92	346.25	-26.25	
92	346.25	-26.25	
92	346.25	-26.25	
92	346.25	-26.25	
92	346.25	-26.25	
92	346.25	-26.25	
92	346.25	-26.25	
92	346.25	-26.25	
92	346.25	-26.25	
92	346.25	-26.25	
92	346.25	-26.25	
92	346.25	-26.25	
93	0	0	
93	0	0	
93	0	0	
93	0	0	
93	0	0	
93	0	0	
93	0	0	
93	0	0	
93	0	0	
93	0	0	
93	0	0	
93	0	0	
93	0	0	
93	0	0	
93	0	0	
93	0	0	
93	0	0	
93	0	0	
93	0	0	
93	0	0	
93	0	0	
93	1.25	0	
93	1.25	0	
93	1.25	0	
93	3.75	0	
93	21.25	0	
93	28.75	0	
93	38.75	0	
93	58.75	0	
93	82.5	0	
93	106.25	-3.75	
93	120	-7.5	
93	147.5	-11.25	
93	162.5	-11.25	
93	177.5	-11.25	
93	213.75	-11.25	
93	228.75	-11.25	
93	242.5	-7.5	
93	266.25	-7.5	
93	285	-7.5	
93	297.5	-5	
93	302.5	-5	
93	310	-7.5	
93	313.75	-7.5	
93	317.5	-7.5	
93	326.25	-8.75	
93	330	-11.25	
93	332.5	-11.25	
93	337.5	-11.25	
93	342.5	-11.25	
93	345	-11.25	
93	348.75	-11.25	
93	348.75	-11.25	
93	348.75	-11.25	
93	348.75	-11.25	
93	348.75	-11.25	
93	348.75	-11.25	
93	348.75	-11.25	
93	348.75	-11.25	
93	348.75	-11.25	
93	348.75	-11.25	
93	348.75	-11.25	
93	348.75	-11.25	
93	348.75	-11.25	
93	348.75	-11.25	
93	348.75	-11.25	
93	348.75	-11.25	
93	348.75	-11.25	
93	348.75	-11.25	
93	348.75	-11.25	
93	348.75	-11.25	
93	348.75	-11.25	
93	348.75	-11.25	
93	348.75	-11.25	
94	0	0	
94	0	0	
94	0	0	
94	0	0	
94	0	0	
94	0	0	
94	0	0	
94	0	0	
94	0	0	
94	0	0	
94	0	0	
94	0	0	
94	0	0	
94	0	0	
94	0	0	
94	0	0	
94	0	0	
94	0	0	
94	0	0	
94	0	0	
94	0	0	
94	0	0	
94	0	0	
94	0	0	
94	0	0	
94	5	0	
94	8.75	0	
94	20	3.75	
94	27.5	3.75	
94	37.5	6.25	
94	71.25	11.25	
94	83.75	11.25	
94	110	13.75	
94	123.75	13.75	
94	123.75	13.75	
94	178.75	11.25	
94	196.25	7.5	
94	231.25	3.75	
94	247.5	2.5	
94	262.5	0	
94	302.5	-5	
94	312.5	-7.5	
94	330	-8.75	
94	336.25	-11.25	
94	340	-11.25	
94	347.5	-12.5	
94	348.75	-12.5	
94	348.75	-12.5	
94	348.75	-12.5	
94	348.75	-12.5	
94	348.75	-12.5	
94	348.75	-12.5	
94	348.75	-12.5	
94	348.75	-12.5	
94	348.75	-12.5	
94	348.75	-12.5	
94	348.75	-12.5	
94	348.75	-12.5	
94	348.75	-12.5	
94	348.75	-12.5	
94	348.75	-12.5	
94	348.75	-12.5	
94	348.75	-12.5	
94	348.75	-12.5	
94	348.75	-12.5	
94	348.75	-12.5	
94	348.75	-12.5	
94	348.75	-12.5	
94	348.75	-12.5	
94	348.75	-12.5	
94	348.75	-12.5	
94	348.75	-12.5	
94	348.75	-12.5	
94	348.75	-12.5	
95	0	0	
95	0	0	
95	0	0	
95	0	0	
95	0	0	
95	0	0	
95	0	0	
95	0	0	
95	0	0	
95	0	0	
95	0	0	
95	0	0	
95	0	0	
95	0	0	
95	0	0	
95	0	0	
95	0	0	
95	0	0	
95	0	0	
95	0	0	
95	0	0	
95	0	0	
95	0	0	
95	0	0	
95	0	0	
95	0	0	
95	0	0	
95	0	0	
95	0	0	
95	0	0	
95	0	0	
95	0	0	
95	0	0	
95	0	0	
95	0	0	
95	0	0	
95	0	0	
95	0	0	
95	0	0	
95	0	0	
95	0	0	
95	0	0	
95	0	0	
95	0	0	
95	0	0	
95	0	0	
95	0	0	
95	0	0	
95	0	0	
95	0	0	
95	0	0	
95	0	0	
95	0	0	
95	0	0	
95	0	0	
95	0	0	
95	0	0	
95	0	0	
95	0	0	
95	0	0	
95	0	0	
95	0	0	
95	0	0	
95	0	0	
95	0	0	
95	0	0	
95	0	0	
95	0	0	
95	0	0	
95	0	0	
95	0	0	
95	0	0	
95	0	0	
95	0	0	
Trial	X	Y
1	0	0	
1	0	0	
1	0	0	
1	0	0	
1	0	0	
1	0	0	
1	0	0	
1	0	0	
1	-1.25	0	
1	-1.25	0	
1	-1.25	0	
1	-1.25	0	
1	-1.25	0	
1	-1.25	0	
1	-1.25	0	
1	-1.25	0	
1	-1.25	0	
1	-1.25	0	
1	-1.25	0	
1	-1.25	0	
1	-1.25	0	
1	-1.25	0	
1	-1.25	0	
1	-1.25	0	
1	-1.25	0	
1	12.5	3.75	
1	17.5	5	
1	28.75	7.5	
1	35	8.75	
1	42.5	8.75	
1	68.75	12.5	
1	88.75	15	
1	100	16.25	
1	112.5	16.25	
1	140	20	
1	172.5	23.75	
1	190	27.5	
1	218.75	31.25	
1	231.25	35	
1	241.25	35	
1	263.75	35	
1	272.5	35	
1	276.25	35	
1	280	35	
1	283.75	33.75	
1	286.25	33.75	
1	286.25	33.75	
1	287.5	33.75	
1	287.5	33.75	
1	287.5	33.75	
1	287.5	33.75	
1	288.75	31.25	
1	288.75	31.25	
1	288.75	31.25	
1	288.75	31.25	
1	291.25	31.25	
1	291.25	31.25	
1	292.5	30	
1	293.75	27.5	
1	295	27.5	
1	298.75	26.25	
1	301.25	23.75	
1	303.75	22.5	
1	305	20	
1	305	20	
1	308.75	18.75	
1	310	16.25	
1	310	16.25	
1	310	16.25	
1	310	16.25	
1	310	16.25	
1	310	16.25	
1	310	16.25	
1	311.25	16.25	
