243
41
162
226
144
160
109
155
252
65
92
217
77
207
190
229
258
196
182
171
3
141
175
42
89
194
198
219
186
115
191
80
85
33
173
37
253
47
195
133
51
69
110
260
251
146
21
156
166
130
94
26
48
221
70
168
199
161
87
212
60
107
50
9
27
98
38
147
86
108
44
29
121
18
183
135
59
239
234
131
81
83
222
204
28
10
242
241
46
95
192
233
187
263
137
158
203
112
181
124
119
215
157
91
71
43
220
208
209
104
149
254
31
164
165
139
82
8
113
257
225
228
231
7
218
122
118
138
185
143
72
4
66
172
184
15
6
170
193
145
154
62
205
235
111
79
30
202
19
84
74
32
2
93
17
13
5
14
101
247
163
177
123
240
116
105
245
159
188
213
132
45
25
75
12
236
20
136
250
49
179
129
232
169
248
140
259
114
22
227
58
176
125
56
99
255
126
97
201
180
237
200
153
210
61
35
64
1
63
53
78
206
39
117
142
151
76
224
54
238
73
88
127
178
134
150
256
216
67
68
249
16
189
264
246
36
23
128
174
214
40
103
244
197
100
211
34
148
57
261
96
262
52
11
120
55
24
223
102
152
106
90
167
230
