124
208
184
256
8
11
91
132
147
92
26
56
178
59
233
19
252
85
156
61
219
191
49
234
214
259
77
88
144
117
245
257
1
36
76
44
18
7
161
194
189
125
97
16
41
113
2
106
35
74
239
93
122
228
195
201
154
226
158
165
229
111
205
87
138
129
213
157
25
40
167
251
63
89
236
186
182
223
155
67
180
130
5
58
169
116
139
160
185
30
258
46
206
254
64
118
109
23
112
196
12
240
221
140
199
145
9
98
95
102
175
110
131
247
94
202
172
177
153
60
21
215
133
243
231
210
137
192
103
119
31
81
220
57
198
80
69
163
100
187
120
218
262
216
51
249
260
263
32
143
173
17
54
50
29
38
174
24
151
107
230
43
134
127
13
166
96
238
73
10
101
241
168
20
255
190
3
15
211
65
250
39
170
82
66
14
128
47
222
52
108
246
225
159
179
53
264
83
188
207
209
261
75
4
71
227
146
142
90
121
244
28
84
42
242
217
6
45
248
235
164
79
86
183
203
204
104
237
232
123
27
135
149
70
181
37
150
33
176
200
34
197
148
152
171
99
212
224
68
162
62
126
114
78
141
55
115
105
48
193
253
22
72
136
