Trial	X	Y
1	0	0	
1	0	0	
1	0	0	
1	0	0	
1	0	0	
1	0	0	
1	0	0	
1	0	0	
1	0	0	
1	0	0	
1	0	0	
1	0	0	
1	0	0	
1	0	0	
1	0	0	
1	0	0	
1	0	0	
1	0	0	
1	0	0	
1	0	0	
1	0	0	
1	0	0	
1	0	0	
1	0	0	
1	0	0	
1	0	0	
1	0	0	
1	0	0	
1	0	0	
1	0	0	
1	0	0	
1	0	0	
1	0	0	
1	0	0	
1	0	0	
1	0	0	
1	0	0	
1	0	0	
1	0	0	
1	0	0	
1	0	0	
1	0	0	
1	0	0	
1	0	0	
1	0	0	
1	0	0	
1	0	0	
1	0	0	
1	0	0	
1	0	0	
1	0	0	
1	0	0	
1	0	0	
1	0	0	
1	0	0	
1	0	0	
1	0	0	
1	0	0	
1	0	0	
1	0	0	
1	0	0	
1	0	0	
1	0	0	
1	0	0	
1	0	0	
1	0	0	
1	0	0	
1	0	0	
1	0	0	
1	0	0	
1	0	0	
1	1.25	0	
1	1.25	0	
1	2.5	0	
2	0	0	
2	0	0	
2	0	0	
2	0	0	
2	0	0	
2	0	0	
2	0	0	
2	0	0	
2	0	0	
2	0	0	
2	0	0	
2	0	0	
2	0	0	
2	0	0	
2	0	0	
2	0	0	
2	0	0	
2	0	0	
2	0	0	
2	0	0	
2	0	0	
2	1.25	0	
2	2.5	0	
2	7.5	-2.5	
2	27.5	-6.25	
2	36.25	-6.25	
2	46.25	-6.25	
2	73.75	-6.25	
2	90	-7.5	
2	126.25	-6.25	
2	165	-6.25	
2	185	-6.25	
2	203.75	-6.25	
2	221.25	-6.25	
2	268.75	-6.25	
2	280	-6.25	
2	287.5	-3.75	
2	298.75	-3.75	
2	302.5	-3.75	
2	307.5	-3.75	
2	310	-3.75	
2	311.25	-3.75	
2	311.25	-3.75	
2	311.25	-3.75	
2	311.25	-3.75	
2	311.25	-3.75	
2	311.25	-3.75	
2	311.25	-3.75	
2	311.25	-3.75	
2	312.5	-3.75	
2	312.5	-3.75	
2	312.5	-3.75	
2	313.75	-3.75	
2	313.75	-3.75	
2	317.5	-3.75	
2	318.75	-3.75	
2	321.25	-3.75	
2	322.5	-3.75	
2	325	-3.75	
2	327.5	-3.75	
2	327.5	-3.75	
2	327.5	-3.75	
2	328.75	-3.75	
2	328.75	-3.75	
2	331.25	-3.75	
2	332.5	-3.75	
2	333.75	-6.25	
2	335	-6.25	
2	337.5	-6.25	
2	340	-6.25	
2	341.25	-6.25	
2	342.5	-6.25	
2	343.75	-6.25	
2	343.75	-6.25	
3	0	0	
3	0	0	
3	0	0	
3	0	0	
3	0	0	
3	0	0	
3	0	0	
3	0	0	
3	0	0	
3	0	0	
3	0	0	
3	0	0	
3	0	0	
3	0	0	
3	0	0	
3	0	0	
3	16.25	11.25	
3	16.25	11.25	
3	16.25	11.25	
3	16.25	11.25	
3	16.25	11.25	
3	25	11.25	
3	36.25	11.25	
3	43.75	13.75	
3	75	15	
3	87.5	17.5	
3	115	18.75	
3	127.5	18.75	
3	142.5	21.25	
3	182.5	22.5	
3	196.25	22.5	
3	208.75	25	
3	232.5	25	
3	242.5	25	
3	268.75	22.5	
3	275	22.5	
3	286.25	21.25	
3	290	18.75	
3	293.75	18.75	
3	300	15	
3	301.25	11.25	
3	302.5	11.25	
3	302.5	7.5	
3	305	6.25	
3	308.75	3.75	
3	308.75	3.75	
3	311.25	2.5	
3	311.25	2.5	
3	311.25	2.5	
3	312.5	0	
3	312.5	0	
3	313.75	0	
3	316.25	-1.25	
3	316.25	-3.75	
3	320	-3.75	
3	321.25	-3.75	
3	323.75	-3.75	
3	325	-5	
3	325	-5	
3	328.75	-5	
3	330	-3.75	
3	331.25	-3.75	
3	333.75	-3.75	
3	335	-3.75	
3	340	-3.75	
3	341.25	-3.75	
3	345	-1.25	
3	346.25	0	
3	347.5	0	
3	347.5	0	
3	347.5	0	
3	347.5	0	
3	347.5	0	
3	347.5	0	
4	0	0	
4	0	0	
4	0	0	
4	0	0	
4	0	0	
4	0	0	
4	0	0	
4	0	0	
4	0	0	
4	0	0	
4	0	0	
4	0	0	
4	0	0	
4	0	0	
4	0	0	
4	0	0	
4	0	0	
4	0	0	
4	0	0	
4	0	0	
4	0	0	
4	0	0	
4	0	0	
4	0	0	
4	0	0	
4	0	0	
4	0	0	
4	0	0	
4	0	0	
4	0	0	
4	0	0	
4	0	0	
4	1.25	0	
4	2.5	0	
4	13.75	3.75	
4	18.75	3.75	
4	23.75	3.75	
4	38.75	6.25	
4	47.5	7.5	
4	67.5	7.5	
4	90	7.5	
4	102.5	7.5	
4	113.75	7.5	
4	126.25	7.5	
4	175	6.25	
4	186.25	3.75	
4	197.5	3.75	
4	208.75	3.75	
4	228.75	3.75	
4	246.25	3.75	
4	260	2.5	
4	266.25	2.5	
4	271.25	2.5	
4	275	2.5	
4	285	2.5	
4	287.5	0	
4	288.75	0	
4	288.75	0	
4	290	0	
4	290	0	
4	291.25	0	
4	292.5	0	
4	293.75	2.5	
4	295	2.5	
4	301.25	3.75	
4	303.75	2.5	
4	306.25	2.5	
4	308.75	2.5	
4	313.75	2.5	
4	317.5	2.5	
4	322.5	2.5	
4	323.75	2.5	
4	326.25	3.75	
4	327.5	3.75	
5	0	0	
5	0	0	
5	0	0	
5	0	0	
5	0	0	
5	0	0	
5	0	0	
5	0	0	
5	0	0	
5	0	0	
5	0	0	
5	0	0	
5	0	0	
5	0	0	
5	0	0	
5	0	0	
5	0	0	
5	0	0	
5	0	0	
5	0	0	
5	1.25	1.25	
5	5	1.25	
5	6.25	1.25	
5	10	1.25	
5	30	3.75	
5	37.5	3.75	
5	45	3.75	
5	52.5	3.75	
5	71.25	3.75	
5	90	3.75	
5	100	3.75	
5	118.75	1.25	
5	128.75	1.25	
5	140	1.25	
5	171.25	0	
5	191.25	-2.5	
5	201.25	-2.5	
5	211.25	-2.5	
5	230	-2.5	
5	247.5	-2.5	
5	256.25	0	
5	272.5	1.25	
5	278.75	1.25	
5	286.25	1.25	
5	306.25	1.25	
5	318.75	1.25	
5	323.75	1.25	
5	328.75	1.25	
5	337.5	1.25	
5	345	1.25	
5	347.5	1.25	
5	347.5	1.25	
5	347.5	1.25	
5	347.5	1.25	
5	347.5	1.25	
5	347.5	1.25	
5	347.5	1.25	
5	347.5	1.25	
5	347.5	1.25	
5	347.5	1.25	
5	347.5	1.25	
5	347.5	1.25	
5	347.5	1.25	
5	347.5	1.25	
5	347.5	1.25	
5	347.5	1.25	
5	347.5	1.25	
5	347.5	1.25	
5	347.5	1.25	
5	347.5	1.25	
5	347.5	1.25	
5	347.5	1.25	
5	347.5	1.25	
5	347.5	1.25	
6	0	0	
6	0	0	
6	0	0	
6	0	0	
6	0	0	
6	0	0	
6	0	0	
6	0	0	
6	0	0	
6	0	0	
6	0	0	
6	0	0	
6	0	0	
6	0	0	
6	0	0	
6	0	0	
6	0	0	
6	0	0	
6	0	0	
6	0	0	
6	0	0	
6	0	0	
6	0	0	
6	0	0	
6	2.5	1.25	
6	5	1.25	
6	11.25	1.25	
6	16.25	3.75	
6	21.25	5	
6	42.5	5	
6	51.25	7.5	
6	61.25	7.5	
6	81.25	7.5	
6	92.5	7.5	
6	127.5	7.5	
6	140	7.5	
6	165	5	
6	177.5	5	
6	190	5	
6	226.25	1.25	
6	238.75	1.25	
6	248.75	0	
6	270	-2.5	
6	280	-3.75	
6	305	-6.25	
6	311.25	-7.5	
6	323.75	-10	
6	327.5	-10	
6	331.25	-11.25	
6	338.75	-11.25	
6	340	-11.25	
6	341.25	-11.25	
6	342.5	-11.25	
6	342.5	-11.25	
6	343.75	-11.25	
6	343.75	-11.25	
6	343.75	-11.25	
6	345	-11.25	
6	345	-11.25	
6	345	-10	
6	345	-10	
6	345	-10	
6	346.25	-10	
6	346.25	-10	
6	346.25	-10	
6	346.25	-10	
6	346.25	-10	
6	346.25	-7.5	
6	346.25	-7.5	
6	346.25	-7.5	
6	346.25	-7.5	
6	346.25	-7.5	
6	346.25	-6.25	
6	346.25	-6.25	
7	0	0	
7	0	0	
7	0	0	
7	0	0	
7	0	0	
7	0	0	
7	0	0	
7	0	0	
7	0	0	
7	0	0	
7	0	0	
7	0	0	
7	0	0	
7	0	0	
7	0	0	
7	0	0	
7	0	0	
7	0	0	
7	0	0	
7	0	0	
7	0	0	
7	0	0	
7	1.25	0	
7	6.25	0	
7	15	0	
7	21.25	0	
7	35	2.5	
7	45	2.5	
7	55	2.5	
7	91.25	2.5	
7	105	0	
7	118.75	0	
7	147.5	-1.25	
7	176.25	-3.75	
7	206.25	-7.5	
7	220	-8.75	
7	247.5	-11.25	
7	260	-15	
7	271.25	-15	
7	302.5	-18.75	
7	310	-18.75	
7	317.5	-18.75	
7	328.75	-18.75	
7	332.5	-20	
7	338.75	-20	
7	340	-20	
7	341.25	-20	
7	342.5	-18.75	
7	343.75	-18.75	
7	348.75	-15	
7	348.75	-15	
7	348.75	-15	
7	348.75	-15	
7	348.75	-15	
7	348.75	-15	
7	348.75	-15	
7	348.75	-15	
7	348.75	-15	
7	348.75	-15	
7	348.75	-15	
7	348.75	-15	
7	348.75	-15	
7	348.75	-15	
7	348.75	-15	
7	348.75	-15	
7	348.75	-15	
7	348.75	-15	
7	348.75	-15	
7	348.75	-15	
7	348.75	-15	
7	348.75	-15	
7	348.75	-15	
7	348.75	-15	
7	348.75	-15	
8	0	0	
8	0	0	
8	0	0	
8	0	0	
8	0	0	
8	0	0	
8	0	0	
8	0	0	
8	0	0	
8	0	0	
8	0	0	
8	0	0	
8	0	0	
8	0	0	
8	0	0	
8	0	0	
8	0	0	
8	0	0	
8	0	0	
8	0	0	
8	0	0	
8	0	0	
8	2.5	0	
8	3.75	0	
8	13.75	0	
8	20	0	
8	32.5	2.5	
8	41.25	3.75	
8	50	3.75	
8	81.25	3.75	
8	93.75	2.5	
8	105	2.5	
8	117.5	2.5	
8	142.5	0	
8	181.25	0	
8	193.75	0	
8	218.75	2.5	
8	231.25	3.75	
8	243.75	3.75	
8	277.5	7.5	
8	286.25	7.5	
8	295	7.5	
8	302.5	7.5	
8	312.5	7.5	
8	320	7.5	
8	321.25	7.5	
8	322.5	7.5	
8	325	7.5	
8	327.5	7.5	
8	333.75	10	
8	336.25	10	
8	338.75	10	
8	341.25	11.25	
8	346.25	11.25	
8	346.25	11.25	
8	346.25	11.25	
8	346.25	11.25	
8	346.25	11.25	
8	346.25	11.25	
8	346.25	11.25	
8	346.25	11.25	
8	346.25	11.25	
8	346.25	11.25	
8	346.25	11.25	
8	346.25	11.25	
8	346.25	11.25	
8	346.25	11.25	
8	346.25	11.25	
8	346.25	11.25	
8	346.25	11.25	
8	346.25	11.25	
8	346.25	11.25	
8	346.25	11.25	
8	346.25	11.25	
9	0	0	
9	0	0	
9	0	0	
9	0	0	
9	0	0	
9	0	0	
9	0	0	
9	0	0	
9	0	0	
9	0	0	
9	0	0	
9	0	0	
9	0	0	
9	0	0	
9	0	0	
9	0	0	
9	0	0	
9	0	0	
9	0	0	
9	0	0	
9	0	0	
9	0	0	
9	0	0	
9	0	0	
9	0	0	
9	0	0	
9	0	0	
9	0	0	
9	0	0	
9	0	0	
9	0	0	
9	0	0	
9	0	0	
9	0	0	
9	0	0	
9	0	0	
9	0	0	
9	0	0	
9	0	0	
9	0	0	
9	0	0	
9	0	0	
9	0	0	
9	0	0	
9	0	0	
9	0	0	
9	0	0	
9	0	0	
9	0	0	
9	0	0	
9	0	0	
9	0	0	
9	0	0	
9	0	0	
9	0	0	
9	0	0	
9	0	0	
9	0	0	
9	0	0	
9	0	0	
9	0	0	
9	0	0	
9	0	0	
9	0	0	
9	0	0	
9	0	0	
9	0	0	
9	0	0	
9	0	0	
9	0	0	
9	0	0	
9	0	0	
9	0	0	
9	0	0	
10	0	0	
10	0	0	
10	0	0	
10	0	0	
10	0	0	
10	0	0	
10	0	0	
10	0	0	
10	0	0	
10	0	0	
10	0	0	
10	0	0	
10	0	0	
10	0	0	
10	0	0	
10	0	0	
10	0	0	
10	0	0	
10	0	0	
10	0	0	
10	0	0	
10	0	0	
10	0	0	
10	1.25	0	
10	6.25	0	
10	13.75	0	
10	17.5	0	
10	23.75	0	
10	28.75	-1.25	
10	48.75	-1.25	
10	56.25	-1.25	
10	72.5	-1.25	
10	81.25	-3.75	
10	98.75	-3.75	
10	118.75	-3.75	
10	137.5	-1.25	
10	147.5	-1.25	
10	157.5	-1.25	
10	167.5	-1.25	
10	196.25	0	
10	205	0	
10	223.75	0	
10	232.5	0	
10	248.75	0	
10	265	0	
10	277.5	0	
10	283.75	0	
10	290	-1.25	
10	296.25	-1.25	
10	312.5	-3.75	
10	317.5	-3.75	
10	322.5	-3.75	
10	331.25	-3.75	
10	338.75	-3.75	
10	343.75	-3.75	
10	346.25	-3.75	
10	346.25	-3.75	
10	346.25	-3.75	
10	346.25	-3.75	
10	346.25	-3.75	
10	346.25	-3.75	
10	346.25	-3.75	
10	346.25	-3.75	
10	346.25	-3.75	
10	346.25	-3.75	
10	346.25	-3.75	
10	346.25	-3.75	
10	346.25	-3.75	
10	346.25	-3.75	
10	346.25	-3.75	
10	346.25	-3.75	
10	346.25	-3.75	
10	346.25	-3.75	
10	346.25	-3.75	
11	0	0	
11	0	0	
11	0	0	
11	0	0	
11	0	0	
11	0	0	
11	0	0	
11	0	0	
11	0	0	
11	0	0	
11	0	0	
11	0	0	
11	0	0	
11	0	0	
11	0	0	
11	0	0	
11	0	0	
11	0	0	
11	0	0	
11	0	0	
11	0	0	
11	0	0	
11	0	0	
11	0	0	
11	3.75	-2.5	
11	5	-2.5	
11	7.5	-2.5	
11	15	-2.5	
11	18.75	-2.5	
11	33.75	-2.5	
11	40	-2.5	
11	47.5	-2.5	
11	61.25	-2.5	
11	70	-2.5	
11	96.25	0	
11	105	0	
11	115	0	
11	126.25	1.25	
11	137.5	1.25	
11	168.75	3.75	
11	178.75	5	
11	187.5	5	
11	206.25	5	
11	222.5	5	
11	238.75	7.5	
11	246.25	7.5	
11	258.75	8.75	
11	266.25	8.75	
11	272.5	8.75	
11	288.75	8.75	
11	292.5	8.75	
11	297.5	8.75	
11	306.25	8.75	
11	311.25	8.75	
11	322.5	8.75	
11	325	8.75	
11	331.25	8.75	
11	333.75	8.75	
11	336.25	8.75	
11	342.5	7.5	
11	345	7.5	
11	346.25	7.5	
11	347.5	5	
11	347.5	5	
11	348.75	5	
11	348.75	5	
11	348.75	5	
11	348.75	5	
11	348.75	5	
11	348.75	5	
11	348.75	5	
11	348.75	5	
11	348.75	5	
11	348.75	5	
12	0	0	
12	0	0	
12	0	0	
12	0	0	
12	0	0	
12	0	0	
12	0	0	
12	0	0	
12	0	0	
12	0	0	
12	0	0	
12	0	0	
12	0	0	
12	0	0	
12	0	0	
12	0	0	
12	0	0	
12	0	0	
12	0	0	
12	0	0	
12	0	0	
12	0	0	
12	0	2.5	
12	1.25	2.5	
12	7.5	3.75	
12	11.25	3.75	
12	15	3.75	
12	25	7.5	
12	30	7.5	
12	42.5	8.75	
12	57.5	8.75	
12	65	8.75	
12	81.25	8.75	
12	90	11.25	
12	118.75	12.5	
12	127.5	12.5	
12	137.5	12.5	
12	156.25	12.5	
12	166.25	12.5	
12	186.25	11.25	
12	205	11.25	
12	215	8.75	
12	231.25	8.75	
12	240	7.5	
12	263.75	3.75	
12	271.25	3.75	
12	277.5	2.5	
12	283.75	2.5	
12	295	0	
12	303.75	0	
12	311.25	0	
12	315	-1.25	
12	318.75	-1.25	
12	321.25	-1.25	
12	323.75	-1.25	
12	325	0	
12	325	0	
12	325	0	
12	325	0	
12	326.25	0	
12	326.25	0	
12	326.25	0	
12	326.25	0	
12	326.25	0	
12	327.5	-1.25	
12	327.5	-1.25	
12	328.75	-1.25	
12	328.75	-1.25	
12	330	-1.25	
12	331.25	-1.25	
12	331.25	-1.25	
12	332.5	-1.25	
12	332.5	-1.25	
12	333.75	-1.25	
13	0	0	
13	0	0	
13	0	0	
13	0	0	
13	0	0	
13	0	0	
13	0	0	
13	0	0	
13	0	0	
13	0	0	
13	0	0	
13	0	0	
13	0	0	
13	0	0	
13	0	0	
13	0	0	
13	0	1.25	
13	1.25	1.25	
13	3.75	1.25	
13	10	1.25	
13	13.75	1.25	
13	23.75	3.75	
13	36.25	3.75	
13	43.75	3.75	
13	62.5	3.75	
13	83.75	5	
13	96.25	5	
13	108.75	5	
13	136.25	5	
13	165	7.5	
13	180	7.5	
13	198.75	8.75	
13	233.75	8.75	
13	248.75	8.75	
13	266.25	8.75	
13	296.25	8.75	
13	308.75	8.75	
13	320	7.5	
13	330	7.5	
13	345	7.5	
13	345	7.5	
13	345	7.5	
13	345	7.5	
13	345	7.5	
13	345	7.5	
13	345	7.5	
13	345	7.5	
13	345	7.5	
13	345	7.5	
13	345	7.5	
13	345	7.5	
13	345	7.5	
13	345	7.5	
13	345	7.5	
13	345	7.5	
13	345	7.5	
13	345	7.5	
13	345	7.5	
13	345	7.5	
13	345	7.5	
13	345	7.5	
13	345	7.5	
13	345	7.5	
13	345	7.5	
13	345	7.5	
13	345	7.5	
13	345	7.5	
13	345	7.5	
13	345	7.5	
13	345	7.5	
13	345	7.5	
13	345	7.5	
13	345	7.5	
13	345	7.5	
14	0	0	
14	0	0	
14	0	0	
14	0	0	
14	0	0	
14	0	0	
14	0	0	
14	0	0	
14	0	0	
14	0	0	
14	0	0	
14	0	0	
14	0	0	
14	0	0	
14	0	0	
14	0	0	
14	0	0	
14	0	0	
14	0	0	
14	1.25	0	
14	3.75	0	
14	7.5	0	
14	10	0	
14	13.75	0	
14	28.75	0	
14	35	-1.25	
14	48.75	-1.25	
14	56.25	-3.75	
14	65	-3.75	
14	92.5	-5	
14	102.5	-7.5	
14	121.25	-7.5	
14	131.25	-8.75	
14	142.5	-8.75	
14	175	-11.25	
14	187.5	-12.5	
14	210	-15	
14	221.25	-15	
14	232.5	-15	
14	265	-15	
14	275	-12.5	
14	293.75	-12.5	
14	301.25	-11.25	
14	310	-11.25	
14	327.5	-8.75	
14	332.5	-8.75	
14	336.25	-7.5	
14	341.25	-7.5	
14	343.75	-7.5	
14	346.25	-7.5	
14	347.5	-7.5	
14	347.5	-7.5	
14	347.5	-7.5	
14	347.5	-7.5	
14	347.5	-7.5	
14	347.5	-7.5	
14	347.5	-7.5	
14	347.5	-7.5	
14	348.75	-7.5	
14	348.75	-7.5	
14	348.75	-7.5	
14	348.75	-7.5	
14	348.75	-7.5	
14	348.75	-7.5	
14	348.75	-7.5	
14	348.75	-7.5	
14	348.75	-7.5	
14	348.75	-7.5	
14	348.75	-7.5	
14	348.75	-7.5	
14	348.75	-7.5	
14	348.75	-7.5	
14	348.75	-7.5	
14	348.75	-7.5	
15	0	0	
15	0	0	
15	0	0	
15	0	0	
15	0	0	
15	0	0	
15	0	0	
15	0	0	
15	0	0	
15	0	0	
15	0	0	
15	0	0	
15	0	0	
15	0	0	
15	0	0	
15	0	0	
15	0	0	
15	0	0	
15	0	0	
15	0	0	
15	2.5	0	
15	5	0	
15	16.25	0	
15	22.5	0	
15	53.75	1.25	
15	67.5	3.75	
15	82.5	5	
15	97.5	5	
15	132.5	7.5	
15	166.25	8.75	
15	183.75	8.75	
15	216.25	8.75	
15	246.25	8.75	
15	261.25	8.75	
15	297.5	7.5	
15	308.75	5	
15	317.5	5	
15	325	5	
15	337.5	3.75	
15	345	3.75	
15	347.5	1.25	
15	347.5	1.25	
15	347.5	1.25	
15	347.5	1.25	
15	347.5	1.25	
15	347.5	1.25	
15	347.5	1.25	
15	347.5	1.25	
15	347.5	1.25	
15	347.5	1.25	
15	347.5	1.25	
15	347.5	1.25	
15	347.5	1.25	
15	347.5	1.25	
15	347.5	1.25	
15	347.5	1.25	
15	347.5	1.25	
15	347.5	1.25	
15	347.5	1.25	
15	347.5	1.25	
15	347.5	1.25	
15	347.5	1.25	
15	347.5	1.25	
15	347.5	1.25	
15	347.5	1.25	
15	347.5	1.25	
15	347.5	1.25	
15	347.5	1.25	
15	347.5	1.25	
15	347.5	1.25	
15	347.5	1.25	
15	347.5	1.25	
15	347.5	1.25	
15	347.5	1.25	
16	0	0	
16	0	0	
16	0	0	
16	0	0	
16	0	0	
16	0	0	
16	0	0	
16	0	0	
16	0	0	
16	0	0	
16	0	0	
16	0	0	
16	0	0	
16	0	0	
16	0	0	
16	0	0	
16	0	0	
16	0	0	
16	0	0	
16	3.75	2.5	
16	5	2.5	
16	12.5	3.75	
16	17.5	3.75	
16	28.75	6.25	
16	43.75	7.5	
16	62.5	10	
16	72.5	10	
16	83.75	11.25	
16	95	11.25	
16	132.5	11.25	
16	145	11.25	
16	171.25	11.25	
16	185	11.25	
16	210	10	
16	233.75	7.5	
16	255	3.75	
16	265	3.75	
16	273.75	2.5	
16	282.5	0	
16	302.5	-1.25	
16	307.5	-1.25	
16	315	-3.75	
16	317.5	-3.75	
16	320	-3.75	
16	322.5	-3.75	
16	323.75	-3.75	
16	323.75	-3.75	
16	323.75	-3.75	
16	323.75	-3.75	
16	326.25	-3.75	
16	328.75	-1.25	
16	331.25	0	
16	332.5	0	
16	337.5	0	
16	341.25	3.75	
16	342.5	3.75	
16	343.75	3.75	
16	343.75	3.75	
16	345	3.75	
16	345	3.75	
16	345	3.75	
16	345	3.75	
16	346.25	3.75	
16	346.25	3.75	
16	346.25	3.75	
16	346.25	3.75	
16	346.25	3.75	
16	346.25	3.75	
16	346.25	3.75	
16	346.25	3.75	
16	346.25	3.75	
16	346.25	3.75	
16	346.25	3.75	
16	346.25	3.75	
17	0	0	
17	0	0	
17	0	0	
17	0	0	
17	0	0	
17	0	0	
17	0	0	
17	0	0	
17	0	0	
17	0	0	
17	0	0	
17	0	0	
17	0	0	
17	0	0	
17	0	0	
17	0	0	
17	0	0	
17	0	0	
17	0	0	
17	0	0	
17	0	0	
17	1.25	0	
17	3.75	0	
17	5	-1.25	
17	11.25	-3.75	
17	15	-3.75	
17	22.5	-3.75	
17	27.5	-3.75	
17	32.5	-3.75	
17	51.25	-5	
17	60	-7.5	
17	75	-7.5	
17	85	-7.5	
17	95	-8.75	
17	125	-11.25	
17	136.25	-11.25	
17	147.5	-12.5	
17	171.25	-15	
17	183.75	-15	
17	218.75	-16.25	
17	230	-16.25	
17	251.25	-15	
17	261.25	-15	
17	271.25	-15	
17	296.25	-15	
17	303.75	-15	
17	310	-15	
17	321.25	-12.5	
17	325	-12.5	
17	335	-11.25	
17	337.5	-11.25	
17	341.25	-11.25	
17	342.5	-11.25	
17	343.75	-11.25	
17	343.75	-11.25	
17	345	-11.25	
17	345	-11.25	
17	345	-11.25	
17	345	-11.25	
17	345	-11.25	
17	345	-11.25	
17	345	-11.25	
17	345	-11.25	
17	345	-11.25	
17	345	-11.25	
17	345	-11.25	
17	345	-11.25	
17	345	-11.25	
17	345	-11.25	
17	345	-11.25	
17	345	-11.25	
17	346.25	-11.25	
17	346.25	-11.25	
17	346.25	-11.25	
18	0	0	
18	0	0	
18	0	0	
18	0	0	
18	0	0	
18	0	0	
18	0	0	
18	0	0	
18	0	0	
18	0	0	
18	0	0	
18	0	0	
18	0	0	
18	0	0	
18	0	0	
18	0	0	
18	1.25	-2.5	
18	3.75	-2.5	
18	10	-2.5	
18	17.5	-2.5	
18	27.5	-2.5	
18	33.75	-2.5	
18	48.75	-2.5	
18	56.25	-2.5	
18	83.75	-3.75	
18	92.5	-3.75	
18	102.5	-3.75	
18	112.5	-3.75	
18	135	-3.75	
18	157.5	-3.75	
18	178.75	-3.75	
18	190	-3.75	
18	211.25	-3.75	
18	221.25	-3.75	
18	251.25	-3.75	
18	261.25	-2.5	
18	270	-2.5	
18	278.75	-2.5	
18	295	-2.5	
18	310	-2.5	
18	322.5	-2.5	
18	328.75	0	
18	336.25	0	
18	340	0	
18	346.25	0	
18	348.75	-2.5	
18	348.75	-2.5	
18	348.75	-2.5	
18	348.75	-2.5	
18	348.75	-2.5	
18	348.75	-2.5	
18	348.75	-2.5	
18	348.75	-2.5	
18	348.75	-2.5	
18	348.75	-2.5	
18	348.75	-2.5	
18	348.75	-2.5	
18	348.75	-2.5	
18	348.75	-2.5	
18	348.75	-2.5	
18	348.75	-2.5	
18	348.75	-2.5	
18	348.75	-2.5	
18	348.75	-2.5	
18	348.75	-2.5	
18	348.75	-2.5	
18	348.75	-2.5	
18	348.75	-2.5	
18	348.75	-2.5	
18	348.75	-2.5	
18	348.75	-2.5	
18	348.75	-2.5	
18	348.75	-2.5	
18	348.75	-2.5	
19	0	0	
19	0	0	
19	0	0	
19	0	0	
19	0	0	
19	0	0	
19	0	0	
19	0	0	
19	0	0	
19	0	0	
19	0	0	
19	0	0	
19	0	0	
19	0	0	
19	0	0	
19	0	0	
19	0	0	
19	0	0	
19	0	0	
19	0	0	
19	0	0	
19	0	0	
19	1.25	0	
19	3.75	0	
19	8.75	0	
19	12.5	0	
19	21.25	0	
19	27.5	0	
19	33.75	-2.5	
19	58.75	0	
19	78.75	0	
19	90	0	
19	103.75	0	
19	117.5	1.25	
19	145	1.25	
19	171.25	3.75	
19	185	3.75	
19	196.25	5	
19	208.75	5	
19	241.25	5	
19	258.75	7.5	
19	267.5	7.5	
19	276.25	7.5	
19	290	8.75	
19	301.25	8.75	
19	310	8.75	
19	312.5	8.75	
19	315	8.75	
19	317.5	8.75	
19	322.5	8.75	
19	325	8.75	
19	326.25	8.75	
19	327.5	8.75	
19	328.75	7.5	
19	331.25	7.5	
19	332.5	7.5	
19	332.5	7.5	
19	333.75	7.5	
19	335	7.5	
19	336.25	7.5	
19	336.25	7.5	
19	336.25	7.5	
19	336.25	7.5	
19	336.25	7.5	
19	336.25	7.5	
19	336.25	7.5	
19	336.25	7.5	
19	336.25	7.5	
19	336.25	7.5	
19	337.5	7.5	
19	337.5	7.5	
19	337.5	7.5	
19	338.75	5	
19	338.75	5	
20	0	0	
20	0	0	
20	0	0	
20	0	0	
20	0	0	
20	0	0	
20	0	0	
20	0	0	
20	0	0	
20	0	0	
20	0	0	
20	0	0	
20	0	0	
20	0	0	
20	0	0	
20	0	0	
20	0	0	
20	0	0	
20	0	0	
20	1.25	0	
20	3.75	0	
20	7.5	0	
20	11.25	0	
20	20	2.5	
20	33.75	3.75	
20	41.25	3.75	
20	57.5	3.75	
20	67.5	3.75	
20	76.25	3.75	
20	108.75	7.5	
20	132.5	7.5	
20	145	7.5	
20	157.5	10	
20	182.5	10	
20	206.25	11.25	
20	217.5	11.25	
20	238.75	11.25	
20	250	11.25	
20	260	11.25	
20	287.5	11.25	
20	301.25	10	
20	308.75	10	
20	313.75	10	
20	322.5	7.5	
20	328.75	7.5	
20	331.25	7.5	
20	332.5	7.5	
20	333.75	7.5	
20	333.75	7.5	
20	335	7.5	
20	335	7.5	
20	335	7.5	
20	335	7.5	
20	335	7.5	
20	335	7.5	
20	335	7.5	
20	335	7.5	
20	335	7.5	
20	335	7.5	
20	335	7.5	
20	335	7.5	
20	335	7.5	
20	335	7.5	
20	335	7.5	
20	335	7.5	
20	335	7.5	
20	335	7.5	
20	335	7.5	
20	335	7.5	
20	335	7.5	
20	335	7.5	
20	335	7.5	
20	335	7.5	
20	335	7.5	
21	0	0	
21	0	0	
21	0	0	
21	0	0	
21	0	0	
21	0	0	
21	0	0	
21	0	0	
21	0	0	
21	0	0	
21	0	0	
21	0	0	
21	0	0	
21	0	0	
21	0	0	
21	0	0	
21	0	0	
21	0	0	
21	0	0	
21	1.25	-2.5	
21	6.25	-2.5	
21	12.5	-3.75	
21	16.25	-3.75	
21	22.5	-6.25	
21	42.5	-6.25	
21	51.25	-6.25	
21	60	-6.25	
21	80	-6.25	
21	91.25	-6.25	
21	113.75	-6.25	
21	138.75	-6.25	
21	165	-7.5	
21	178.75	-7.5	
21	191.25	-7.5	
21	230	-7.5	
21	242.5	-6.25	
21	255	-6.25	
21	277.5	-7.5	
21	288.75	-6.25	
21	306.25	-6.25	
21	322.5	-6.25	
21	333.75	-6.25	
21	338.75	-6.25	
21	343.75	-6.25	
21	347.5	-6.25	
21	347.5	-6.25	
21	347.5	-6.25	
21	347.5	-6.25	
21	347.5	-6.25	
21	347.5	-6.25	
21	347.5	-6.25	
21	347.5	-6.25	
21	347.5	-6.25	
21	347.5	-6.25	
21	347.5	-6.25	
21	347.5	-6.25	
21	347.5	-6.25	
21	347.5	-6.25	
21	347.5	-6.25	
21	347.5	-6.25	
21	347.5	-6.25	
21	347.5	-6.25	
21	347.5	-6.25	
21	347.5	-6.25	
21	347.5	-6.25	
21	347.5	-6.25	
21	347.5	-6.25	
21	347.5	-6.25	
21	347.5	-6.25	
21	347.5	-6.25	
21	347.5	-6.25	
21	347.5	-6.25	
21	347.5	-6.25	
21	347.5	-6.25	
22	0	0	
22	0	0	
22	0	0	
22	0	0	
22	0	0	
22	0	0	
22	0	0	
22	0	0	
22	0	0	
22	0	0	
22	0	0	
22	0	0	
22	0	0	
22	0	0	
22	0	0	
22	0	0	
22	0	0	
22	0	0	
22	0	0	
22	6.25	0	
22	8.75	0	
22	16.25	0	
22	22.5	0	
22	27.5	0	
22	50	2.5	
22	60	2.5	
22	68.75	2.5	
22	87.5	2.5	
22	98.75	3.75	
22	122.5	3.75	
22	137.5	3.75	
22	137.5	3.75	
22	152.5	3.75	
22	168.75	3.75	
22	200	3.75	
22	213.75	3.75	
22	225	2.5	
22	246.25	2.5	
22	255	2.5	
22	278.75	0	
22	286.25	0	
22	297.5	0	
22	303.75	0	
22	308.75	0	
22	321.25	0	
22	325	0	
22	328.75	0	
22	332.5	-1.25	
22	335	-1.25	
22	340	-1.25	
22	341.25	-1.25	
22	341.25	-1.25	
22	342.5	-1.25	
22	342.5	-1.25	
22	342.5	-1.25	
22	342.5	-1.25	
22	342.5	-1.25	
22	342.5	-1.25	
22	342.5	-1.25	
22	342.5	-1.25	
22	342.5	-1.25	
22	342.5	-1.25	
22	342.5	-1.25	
22	342.5	-1.25	
22	342.5	-1.25	
22	342.5	-1.25	
22	342.5	-1.25	
22	342.5	-1.25	
22	342.5	-1.25	
22	342.5	-1.25	
22	342.5	-1.25	
22	342.5	-1.25	
22	342.5	-1.25	
22	342.5	-1.25	
23	0	0	
23	0	0	
23	0	0	
23	0	0	
23	0	0	
23	0	0	
23	0	0	
23	0	0	
23	0	0	
23	0	0	
23	0	0	
23	0	0	
23	0	0	
23	1.25	0	
23	6.25	-2.5	
23	10	-2.5	
23	12.5	-2.5	
23	16.25	-2.5	
23	26.25	-2.5	
23	43.75	-2.5	
23	51.25	-3.75	
23	60	-3.75	
23	68.75	-6.25	
23	87.5	-7.5	
23	107.5	-10	
23	127.5	-13.75	
23	138.75	-13.75	
23	150	-13.75	
23	160	-15	
23	203.75	-17.5	
23	215	-17.5	
23	225	-17.5	
23	236.25	-15	
23	256.25	-15	
23	275	-13.75	
23	285	-13.75	
23	301.25	-13.75	
23	308.75	-11.25	
23	315	-11.25	
23	335	-10	
23	338.75	-10	
23	342.5	-10	
23	343.75	-10	
23	347.5	-7.5	
23	348.75	-7.5	
23	348.75	-7.5	
23	348.75	-7.5	
23	348.75	-7.5	
23	348.75	-7.5	
23	348.75	-7.5	
23	348.75	-7.5	
23	348.75	-7.5	
23	348.75	-7.5	
23	348.75	-7.5	
23	348.75	-7.5	
23	348.75	-7.5	
23	348.75	-7.5	
23	348.75	-7.5	
23	348.75	-7.5	
23	348.75	-7.5	
23	348.75	-7.5	
23	348.75	-7.5	
23	348.75	-7.5	
23	348.75	-7.5	
23	348.75	-7.5	
23	348.75	-7.5	
23	348.75	-7.5	
23	348.75	-7.5	
23	348.75	-7.5	
23	348.75	-7.5	
23	348.75	-7.5	
23	348.75	-7.5	
23	348.75	-7.5	
23	348.75	-7.5	
24	0	0	
24	0	0	
24	0	0	
24	0	0	
24	0	0	
24	0	0	
24	0	0	
24	0	0	
24	0	0	
24	0	0	
24	0	0	
24	0	0	
24	0	0	
24	0	0	
24	0	0	
24	1.25	1.25	
24	-10	1.25	
24	-5	1.25	
24	3.75	1.25	
24	16.25	1.25	
24	22.5	1.25	
24	28.75	1.25	
24	35	0	
24	50	0	
24	67.5	1.25	
24	86.25	1.25	
24	96.25	0	
24	107.5	0	
24	107.5	0	
24	136.25	-2.5	
24	151.25	-2.5	
24	167.5	-2.5	
24	182.5	-2.5	
24	207.5	-3.75	
24	228.75	-3.75	
24	247.5	-6.25	
24	255	-6.25	
24	262.5	-6.25	
24	268.75	-7.5	
24	290	-10	
24	293.75	-10	
24	297.5	-11.25	
24	300	-11.25	
24	303.75	-13.75	
24	308.75	-13.75	
24	310	-13.75	
24	311.25	-13.75	
24	312.5	-13.75	
24	312.5	-13.75	
24	312.5	-13.75	
24	312.5	-13.75	
24	312.5	-13.75	
24	313.75	-13.75	
24	315	-13.75	
24	316.25	-11.25	
24	316.25	-11.25	
24	318.75	-10	
24	318.75	-10	
24	320	-10	
24	323.75	-7.5	
24	325	-7.5	
24	326.25	-6.25	
24	326.25	-6.25	
24	327.5	-6.25	
24	328.75	-3.75	
24	330	-3.75	
24	330	-3.75	
24	330	-2.5	
24	331.25	-2.5	
24	331.25	-2.5	
24	331.25	-2.5	
24	332.5	-2.5	
24	332.5	-2.5	
24	332.5	-2.5	
25	0	0	
25	0	0	
25	0	0	
25	0	0	
25	0	0	
25	0	0	
25	0	0	
25	0	0	
25	0	0	
25	0	0	
25	0	0	
25	0	0	
25	0	0	
25	0	0	
25	0	0	
25	0	0	
25	0	0	
25	0	0	
25	0	0	
25	0	0	
25	0	0	
25	1.25	0	
25	2.5	0	
25	7.5	0	
25	13.75	0	
25	17.5	0	
25	28.75	0	
25	35	0	
25	41.25	0	
25	65	0	
25	82.5	0	
25	91.25	0	
25	101.25	0	
25	111.25	0	
25	143.75	0	
25	155	0	
25	177.5	0	
25	188.75	0	
25	198.75	0	
25	230	0	
25	250	-2.5	
25	258.75	-2.5	
25	268.75	-2.5	
25	277.5	-2.5	
25	301.25	-2.5	
25	308.75	-2.5	
25	321.25	-2.5	
25	327.5	-2.5	
25	332.5	-2.5	
25	346.25	-2.5	
25	346.25	-2.5	
25	346.25	-2.5	
25	346.25	-2.5	
25	346.25	-2.5	
25	346.25	-2.5	
25	346.25	-2.5	
25	346.25	-2.5	
25	346.25	-2.5	
25	346.25	-2.5	
25	346.25	-2.5	
25	346.25	-2.5	
25	346.25	-2.5	
25	346.25	-2.5	
25	346.25	-2.5	
25	346.25	-2.5	
25	346.25	-2.5	
25	346.25	-2.5	
25	346.25	-2.5	
25	346.25	-2.5	
25	346.25	-2.5	
25	346.25	-2.5	
25	346.25	-2.5	
25	346.25	-2.5	
25	346.25	-2.5	
26	0	0	
26	0	0	
26	0	0	
26	0	0	
26	0	0	
26	0	0	
26	0	0	
26	0	0	
26	0	0	
26	0	0	
26	0	0	
26	0	0	
26	0	0	
26	0	0	
26	0	0	
26	0	0	
26	0	0	
26	0	0	
26	0	0	
26	0	0	
26	0	0	
26	0	0	
26	0	0	
26	0	0	
26	0	0	
26	0	0	
26	0	0	
26	0	0	
26	0	0	
26	0	0	
26	0	0	
26	170	0	
26	181.25	0	
26	191.25	1.25	
26	222.5	1.25	
26	232.5	1.25	
26	242.5	1.25	
26	261.25	1.25	
26	271.25	1.25	
26	296.25	1.25	
26	305	1.25	
26	317.5	1.25	
26	323.75	1.25	
26	330	1.25	
26	345	1.25	
26	347.5	1.25	
26	347.5	1.25	
26	347.5	1.25	
26	347.5	1.25	
26	347.5	1.25	
26	347.5	1.25	
26	347.5	1.25	
26	347.5	1.25	
26	347.5	1.25	
26	347.5	1.25	
26	347.5	1.25	
26	347.5	1.25	
26	347.5	1.25	
26	347.5	1.25	
26	347.5	1.25	
26	347.5	1.25	
26	347.5	1.25	
26	347.5	1.25	
26	347.5	1.25	
26	347.5	1.25	
26	347.5	1.25	
26	347.5	1.25	
26	347.5	1.25	
26	347.5	1.25	
26	347.5	1.25	
26	347.5	1.25	
26	347.5	1.25	
26	347.5	1.25	
26	347.5	1.25	
27	0	0	
27	0	0	
27	0	0	
27	0	0	
27	0	0	
27	0	0	
27	0	0	
27	0	0	
27	0	0	
27	0	0	
27	0	0	
27	0	0	
27	0	0	
27	0	0	
27	0	0	
27	0	0	
27	0	0	
27	0	0	
27	0	0	
27	3.75	0	
27	6.25	0	
27	8.75	0	
27	16.25	0	
27	20	0	
27	37.5	0	
27	43.75	-1.25	
27	51.25	-1.25	
27	58.75	-1.25	
27	75	-1.25	
27	102.5	-3.75	
27	111.25	-3.75	
27	122.5	-3.75	
27	141.25	-3.75	
27	151.25	-3.75	
27	171.25	-3.75	
27	188.75	-3.75	
27	197.5	-3.75	
27	206.25	-3.75	
27	222.5	-3.75	
27	245	-3.75	
27	252.5	-5	
27	258.75	-5	
27	271.25	-5	
27	277.5	-5	
27	288.75	-5	
27	297.5	-5	
27	302.5	-5	
27	306.25	-7.5	
27	313.75	-7.5	
27	313.75	-3.75	
27	316.25	-3.75	
27	320	-5	
27	325	-7.5	
27	326.25	-7.5	
27	328.75	-7.5	
27	331.25	-11.25	
27	331.25	-11.25	
27	332.5	-11.25	
27	332.5	-11.25	
27	333.75	-11.25	
27	333.75	-11.25	
27	333.75	-11.25	
27	333.75	-11.25	
27	333.75	-11.25	
27	333.75	-11.25	
27	333.75	-11.25	
27	333.75	-11.25	
27	333.75	-11.25	
27	333.75	-11.25	
27	333.75	-11.25	
27	333.75	-11.25	
27	333.75	-11.25	
27	333.75	-11.25	
27	333.75	-11.25	
28	0	0	
28	0	0	
28	0	0	
28	0	0	
28	0	0	
28	0	0	
28	0	0	
28	0	0	
28	0	0	
28	0	0	
28	0	0	
28	0	0	
28	0	0	
28	0	0	
28	0	0	
28	0	0	
28	0	0	
28	0	0	
28	0	0	
28	0	0	
28	1.25	-1.25	
28	2.5	0	
28	7.5	-1.25	
28	8.75	-1.25	
28	15	0	
28	22.5	0	
28	27.5	0	
28	31.25	0	
28	36.25	0	
28	56.25	0	
28	63.75	0	
28	72.5	0	
28	81.25	0	
28	92.5	2.5	
28	112.5	3.75	
28	132.5	3.75	
28	142.5	3.75	
28	152.5	3.75	
28	162.5	6.25	
28	201.25	6.25	
28	210	6.25	
28	218.75	6.25	
28	228.75	6.25	
28	247.5	7.5	
28	266.25	6.25	
28	273.75	6.25	
28	283.75	3.75	
28	292.5	3.75	
28	292.5	3.75	
28	292.5	3.75	
28	292.5	3.75	
28	292.5	3.75	
28	292.5	3.75	
28	292.5	3.75	
28	292.5	3.75	
28	292.5	3.75	
28	292.5	3.75	
28	292.5	3.75	
28	292.5	3.75	
28	292.5	3.75	
28	292.5	3.75	
28	292.5	3.75	
28	292.5	3.75	
28	292.5	3.75	
28	292.5	3.75	
28	292.5	3.75	
28	292.5	3.75	
28	292.5	3.75	
28	292.5	3.75	
28	292.5	3.75	
28	292.5	3.75	
28	292.5	3.75	
28	292.5	3.75	
28	292.5	3.75	
29	0	0	
29	0	0	
29	0	0	
29	0	0	
29	0	0	
29	0	0	
29	0	0	
29	0	0	
29	0	0	
29	0	0	
29	0	0	
29	0	0	
29	0	0	
29	0	0	
29	0	0	
29	0	0	
29	0	0	
29	0	0	
29	0	0	
29	2.5	2.5	
29	2.5	2.5	
29	2.5	2.5	
29	2.5	2.5	
29	2.5	2.5	
29	2.5	2.5	
29	2.5	2.5	
29	2.5	2.5	
29	2.5	2.5	
29	65	7.5	
29	81.25	7.5	
29	88.75	7.5	
29	107.5	7.5	
29	116.25	7.5	
29	126.25	10	
29	155	10	
29	166.25	10	
29	176.25	10	
29	197.5	11.25	
29	218.75	11.25	
29	238.75	11.25	
29	248.75	11.25	
29	266.25	11.25	
29	273.75	11.25	
29	282.5	11.25	
29	302.5	11.25	
29	308.75	11.25	
29	313.75	11.25	
29	322.5	11.25	
29	330	11.25	
29	335	11.25	
29	336.25	11.25	
29	340	11.25	
29	340	11.25	
29	341.25	11.25	
29	345	11.25	
29	346.25	11.25	
29	347.5	11.25	
29	347.5	11.25	
29	347.5	11.25	
29	347.5	11.25	
29	347.5	11.25	
29	347.5	11.25	
29	347.5	11.25	
29	347.5	11.25	
29	347.5	11.25	
29	347.5	11.25	
29	347.5	11.25	
29	347.5	11.25	
29	347.5	11.25	
29	347.5	11.25	
29	347.5	11.25	
29	347.5	11.25	
29	347.5	11.25	
29	347.5	11.25	
30	0	0	
30	0	0	
30	0	0	
30	0	0	
30	0	0	
30	0	0	
30	0	0	
30	0	0	
30	0	0	
30	0	0	
30	0	0	
30	0	0	
30	0	0	
30	0	0	
30	0	0	
30	0	0	
30	0	0	
30	0	0	
30	0	0	
30	0	0	
30	0	0	
30	0	0	
30	0	0	
30	0	0	
30	0	0	
30	1.25	0	
30	2.5	0	
30	5	0	
30	10	0	
30	22.5	0	
30	28.75	-1.25	
30	35	-1.25	
30	50	-3.75	
30	60	-3.75	
30	70	-3.75	
30	82.5	-5	
30	96.25	-7.5	
30	111.25	-7.5	
30	138.75	-8.75	
30	162.5	-11.25	
30	173.75	-11.25	
30	195	-12.5	
30	205	-15	
30	213.75	-15	
30	238.75	-15	
30	246.25	-15	
30	252.5	-15	
30	266.25	-15	
30	277.5	-12.5	
30	286.25	-12.5	
30	291.25	-12.5	
30	297.5	-11.25	
30	301.25	-11.25	
30	305	-11.25	
30	311.25	-11.25	
30	312.5	-11.25	
30	315	-11.25	
30	318.75	-11.25	
30	322.5	-11.25	
30	325	-11.25	
30	325	-8.75	
30	327.5	-8.75	
30	328.75	-8.75	
30	328.75	-7.5	
30	332.5	-7.5	
30	333.75	-5	
30	335	-5	
30	336.25	-3.75	
30	337.5	-3.75	
30	338.75	-3.75	
30	338.75	-3.75	
30	340	-3.75	
30	340	-3.75	
30	340	-3.75	
31	0	0	
31	0	0	
31	0	0	
31	0	0	
31	0	0	
31	0	0	
31	0	0	
31	0	0	
31	0	0	
31	0	0	
31	0	0	
31	0	0	
31	0	0	
31	0	0	
31	0	0	
31	0	0	
31	0	0	
31	0	0	
31	0	0	
31	0	0	
31	2.5	0	
31	3.75	0	
31	5	0	
31	11.25	0	
31	18.75	0	
31	23.75	0	
31	33.75	0	
31	40	0	
31	55	1.25	
31	71.25	1.25	
31	87.5	1.25	
31	97.5	3.75	
31	106.25	3.75	
31	115	5	
31	142.5	5	
31	152.5	5	
31	171.25	5	
31	181.25	5	
31	198.75	5	
31	216.25	5	
31	232.5	7.5	
31	241.25	7.5	
31	248.75	7.5	
31	256.25	7.5	
31	277.5	7.5	
31	283.75	7.5	
31	295	5	
31	301.25	5	
31	311.25	5	
31	320	5	
31	327.5	5	
31	331.25	3.75	
31	333.75	3.75	
31	337.5	3.75	
31	345	1.25	
31	347.5	1.25	
31	347.5	1.25	
31	347.5	1.25	
31	347.5	1.25	
31	347.5	1.25	
31	347.5	1.25	
31	347.5	1.25	
31	347.5	1.25	
31	347.5	1.25	
31	347.5	1.25	
31	347.5	1.25	
31	347.5	1.25	
31	347.5	1.25	
31	347.5	1.25	
31	347.5	1.25	
31	347.5	1.25	
31	347.5	1.25	
31	347.5	1.25	
31	347.5	1.25	
32	0	0	
32	0	0	
32	0	0	
32	0	0	
32	0	0	
32	0	0	
32	0	0	
32	0	0	
32	0	0	
32	0	0	
32	0	0	
32	0	0	
32	0	0	
32	0	0	
32	0	0	
32	0	0	
32	0	0	
32	0	0	
32	3.75	0	
32	8.75	-2.5	
32	12.5	0	
32	23.75	1.25	
32	30	1.25	
32	37.5	1.25	
32	66.25	5	
32	76.25	5	
32	88.75	5	
32	102.5	7.5	
32	130	8.75	
32	156.25	12.5	
32	168.75	12.5	
32	192.5	12.5	
32	203.75	15	
32	213.75	15	
32	243.75	16.25	
32	252.5	16.25	
32	261.25	16.25	
32	276.25	18.75	
32	290	18.75	
32	301.25	20	
32	306.25	20	
32	315	20	
32	318.75	20	
32	321.25	20	
32	330	20	
32	331.25	20	
32	333.75	20	
32	336.25	18.75	
32	338.75	18.75	
32	341.25	16.25	
32	341.25	16.25	
32	342.5	16.25	
32	343.75	16.25	
32	343.75	16.25	
32	346.25	15	
32	346.25	15	
32	347.5	15	
32	347.5	15	
32	348.75	15	
32	348.75	15	
32	348.75	15	
32	348.75	15	
32	348.75	15	
32	348.75	15	
32	348.75	15	
32	348.75	15	
32	348.75	15	
32	348.75	15	
32	348.75	15	
32	348.75	15	
32	348.75	15	
32	348.75	15	
32	348.75	15	
32	348.75	15	
33	0	0	
33	0	0	
33	0	0	
33	0	0	
33	0	0	
33	0	0	
33	0	0	
33	0	0	
33	0	0	
33	0	0	
33	0	0	
33	0	0	
33	0	0	
33	0	0	
33	1.25	0	
33	3.75	0	
33	5	0	
33	11.25	1.25	
33	15	1.25	
33	30	1.25	
33	36.25	1.25	
33	43.75	1.25	
33	51.25	1.25	
33	70	1.25	
33	91.25	1.25	
33	101.25	1.25	
33	125	3.75	
33	148.75	5	
33	162.5	5	
33	186.25	5	
33	211.25	8.75	
33	223.75	8.75	
33	237.5	8.75	
33	237.5	8.75	
33	275	11.25	
33	286.25	11.25	
33	295	12.5	
33	311.25	12.5	
33	317.5	12.5	
33	333.75	15	
33	337.5	15	
33	343.75	15	
33	345	15	
33	347.5	15	
33	348.75	16.25	
33	348.75	16.25	
33	348.75	16.25	
33	348.75	16.25	
33	348.75	16.25	
33	348.75	16.25	
33	348.75	16.25	
33	348.75	16.25	
33	348.75	16.25	
33	348.75	16.25	
33	348.75	16.25	
33	348.75	16.25	
33	348.75	16.25	
33	348.75	16.25	
33	348.75	16.25	
33	348.75	16.25	
33	348.75	16.25	
33	348.75	16.25	
33	348.75	16.25	
33	348.75	16.25	
33	340	18.75	
33	333.75	18.75	
33	327.5	20	
33	310	20	
33	298.75	20	
33	257.5	20	
33	241.25	18.75	
33	223.75	18.75	
33	187.5	18.75	
33	168.75	20	
34	0	0	
34	0	0	
34	0	0	
34	0	0	
34	0	0	
34	0	0	
34	0	0	
34	0	0	
34	0	0	
34	0	0	
34	0	0	
34	0	0	
34	0	0	
34	0	0	
34	0	0	
34	0	0	
34	1.25	0	
34	3.75	0	
34	5	0	
34	16.25	3.75	
34	21.25	3.75	
34	27.5	3.75	
34	42.5	6.25	
34	51.25	6.25	
34	70	6.25	
34	90	6.25	
34	101.25	6.25	
34	125	3.75	
34	136.25	3.75	
34	172.5	2.5	
34	185	0	
34	196.25	0	
34	218.75	-1.25	
34	230	-3.75	
34	251.25	-3.75	
34	268.75	-7.5	
34	277.5	-7.5	
34	292.5	-7.5	
34	298.75	-8.75	
34	313.75	-11.25	
34	317.5	-11.25	
34	320	-11.25	
34	322.5	-11.25	
34	325	-11.25	
34	327.5	-11.25	
34	327.5	-11.25	
34	327.5	-11.25	
34	327.5	-11.25	
34	327.5	-11.25	
34	327.5	-11.25	
34	327.5	-11.25	
34	327.5	-11.25	
34	327.5	-11.25	
34	327.5	-11.25	
34	327.5	-11.25	
34	327.5	-11.25	
34	327.5	-11.25	
34	327.5	-11.25	
34	327.5	-11.25	
34	327.5	-11.25	
34	327.5	-11.25	
34	327.5	-11.25	
34	327.5	-11.25	
34	327.5	-11.25	
34	327.5	-11.25	
34	327.5	-11.25	
34	327.5	-11.25	
34	327.5	-11.25	
34	327.5	-11.25	
34	327.5	-11.25	
34	327.5	-11.25	
34	327.5	-11.25	
34	327.5	-11.25	
34	327.5	-11.25	
35	0	0	
35	0	0	
35	0	0	
35	0	0	
35	0	0	
35	0	0	
35	0	0	
35	0	0	
35	0	0	
35	0	0	
35	0	0	
35	0	0	
35	0	0	
35	-1.25	0	
35	-1.25	0	
35	-1.25	0	
35	-1.25	0	
35	-1.25	0	
35	-1.25	0	
35	-1.25	0	
35	-2.5	0	
35	-2.5	0	
35	-2.5	0	
35	-2.5	0	
35	-2.5	0	
35	-2.5	0	
35	-2.5	0	
35	-3.75	0	
35	-2.5	0	
35	0	0	
35	3.75	0	
35	6.25	0	
35	7.5	0	
35	17.5	0	
35	28.75	0	
35	36.25	0	
35	36.25	0	
35	58.75	0	
35	68.75	0	
35	103.75	0	
35	115	0	
35	140	0	
35	152.5	0	
35	165	0	
35	191.25	0	
35	206.25	0	
35	206.25	0	
35	240	2.5	
35	257.5	2.5	
35	275	2.5	
35	302.5	3.75	
35	313.75	3.75	
35	322.5	3.75	
35	328.75	3.75	
35	343.75	6.25	
35	347.5	6.25	
35	348.75	6.25	
35	348.75	6.25	
35	348.75	6.25	
35	348.75	6.25	
35	348.75	6.25	
35	348.75	6.25	
35	348.75	6.25	
35	348.75	6.25	
35	348.75	6.25	
35	348.75	6.25	
35	348.75	6.25	
35	348.75	6.25	
35	348.75	6.25	
35	348.75	6.25	
35	348.75	6.25	
35	348.75	6.25	
35	348.75	6.25	
35	348.75	6.25	
36	0	0	
36	0	0	
36	0	0	
36	0	0	
36	0	0	
36	0	0	
36	0	0	
36	0	0	
36	0	0	
36	0	0	
36	0	0	
36	0	0	
36	0	0	
36	0	0	
36	0	0	
36	0	0	
36	0	0	
36	0	0	
36	0	0	
36	3.75	-1.25	
36	6.25	-1.25	
36	12.5	-1.25	
36	16.25	-1.25	
36	20	-1.25	
36	37.5	-3.75	
36	43.75	-3.75	
36	51.25	-3.75	
36	66.25	-5	
36	75	-5	
36	102.5	-7.5	
36	111.25	-7.5	
36	121.25	-7.5	
36	142.5	-7.5	
36	152.5	-7.5	
36	186.25	-8.75	
36	196.25	-8.75	
36	206.25	-8.75	
36	227.5	-11.25	
36	236.25	-11.25	
36	262.5	-11.25	
36	270	-11.25	
36	278.75	-11.25	
36	291.25	-11.25	
36	297.5	-11.25	
36	312.5	-11.25	
36	315	-11.25	
36	318.75	-11.25	
36	325	-11.25	
36	327.5	-11.25	
36	331.25	-11.25	
36	332.5	-11.25	
36	332.5	-11.25	
36	333.75	-11.25	
36	333.75	-11.25	
36	335	-11.25	
36	336.25	-11.25	
36	336.25	-11.25	
36	337.5	-11.25	
36	338.75	-11.25	
36	341.25	-11.25	
36	342.5	-11.25	
36	342.5	-11.25	
36	343.75	-11.25	
36	345	-11.25	
36	346.25	-11.25	
36	347.5	-11.25	
36	347.5	-11.25	
36	348.75	-11.25	
36	348.75	-11.25	
36	348.75	-11.25	
36	348.75	-11.25	
36	348.75	-11.25	
36	348.75	-11.25	
36	348.75	-11.25	
37	0	0	
37	0	0	
37	0	0	
37	0	0	
37	0	0	
37	0	0	
37	0	0	
37	0	0	
37	0	0	
37	0	0	
37	0	0	
37	0	0	
37	0	0	
37	0	0	
37	0	0	
37	0	0	
37	1.25	0	
37	2.5	0	
37	2.5	-2.5	
37	8.75	-2.5	
37	11.25	-2.5	
37	13.75	-2.5	
37	17.5	-2.5	
37	26.25	-3.75	
37	37.5	-3.75	
37	48.75	-6.25	
37	56.25	-6.25	
37	71.25	-3.75	
37	78.75	-3.75	
37	105	-3.75	
37	115	-3.75	
37	123.75	-3.75	
37	133.75	-2.5	
37	155	-2.5	
37	176.25	-2.5	
37	196.25	-2.5	
37	206.25	-3.75	
37	227.5	-3.75	
37	236.25	-3.75	
37	266.25	-6.25	
37	273.75	-6.25	
37	283.75	-6.25	
37	291.25	-6.25	
37	307.5	-6.25	
37	322.5	-6.25	
37	330	-6.25	
37	341.25	-6.25	
37	341.25	-6.25	
37	341.25	-6.25	
37	341.25	-6.25	
37	341.25	-6.25	
37	341.25	-6.25	
37	341.25	-6.25	
37	341.25	-6.25	
37	341.25	-6.25	
37	341.25	-6.25	
37	341.25	-6.25	
37	341.25	-6.25	
37	341.25	-6.25	
37	341.25	-6.25	
37	341.25	-6.25	
37	341.25	-6.25	
37	341.25	-6.25	
37	341.25	-6.25	
37	341.25	-6.25	
37	341.25	-6.25	
37	341.25	-6.25	
37	341.25	-6.25	
37	341.25	-6.25	
37	341.25	-6.25	
37	341.25	-6.25	
37	341.25	-6.25	
37	341.25	-6.25	
37	341.25	-6.25	
38	0	0	
38	0	0	
38	0	0	
38	0	0	
38	0	0	
38	0	0	
38	0	0	
38	0	0	
38	0	0	
38	0	0	
38	0	0	
38	0	0	
38	0	0	
38	0	0	
38	0	0	
38	0	0	
38	0	0	
38	0	0	
38	0	0	
38	1.25	0	
38	2.5	-1.25	
38	3.75	-1.25	
38	8.75	-3.75	
38	12.5	-3.75	
38	25	-5	
38	31.25	-5	
38	43.75	-5	
38	51.25	-7.5	
38	58.75	-7.5	
38	86.25	-7.5	
38	97.5	-7.5	
38	107.5	-7.5	
38	131.25	-7.5	
38	143.75	-7.5	
38	170	-8.75	
38	196.25	-11.25	
38	223.75	-11.25	
38	237.5	-12.5	
38	251.25	-15	
38	291.25	-15	
38	306.25	-15	
38	320	-16.25	
38	333.75	-16.25	
38	346.25	-18.75	
38	346.25	-18.75	
38	346.25	-18.75	
38	346.25	-18.75	
38	346.25	-18.75	
38	346.25	-18.75	
38	346.25	-18.75	
38	346.25	-18.75	
38	346.25	-18.75	
38	346.25	-18.75	
38	346.25	-18.75	
38	346.25	-18.75	
38	346.25	-18.75	
38	346.25	-18.75	
38	346.25	-18.75	
38	346.25	-18.75	
38	346.25	-18.75	
38	346.25	-18.75	
38	346.25	-18.75	
38	346.25	-18.75	
38	346.25	-18.75	
38	346.25	-18.75	
38	346.25	-18.75	
38	346.25	-18.75	
38	346.25	-18.75	
38	346.25	-18.75	
38	346.25	-18.75	
38	346.25	-18.75	
38	346.25	-18.75	
38	346.25	-18.75	
38	346.25	-18.75	
39	0	0	
39	-1.25	0	
39	-2.5	0	
39	-2.5	0	
39	-3.75	0	
39	-5	0	
39	-6.25	0	
39	-6.25	0	
39	-7.5	0	
39	-7.5	0	
39	-7.5	0	
39	-7.5	0	
39	-7.5	0	
39	-7.5	0	
39	-7.5	0	
39	-7.5	0	
39	-7.5	0	
39	-7.5	0	
39	-6.25	0	
39	3.75	0	
39	8.75	-2.5	
39	15	-2.5	
39	30	-2.5	
39	38.75	-2.5	
39	60	-2.5	
39	83.75	-2.5	
39	112.5	0	
39	126.25	0	
39	141.25	0	
39	177.5	0	
39	193.75	0	
39	193.75	0	
39	228.75	0	
39	228.75	0	
39	262.5	0	
39	288.75	-2.5	
39	310	-2.5	
39	317.5	-2.5	
39	323.75	-2.5	
39	338.75	-2.5	
39	341.25	-2.5	
39	343.75	-3.75	
39	347.5	-3.75	
39	348.75	-3.75	
39	348.75	-3.75	
39	348.75	-3.75	
39	348.75	-3.75	
39	348.75	-3.75	
39	348.75	-3.75	
39	348.75	-3.75	
39	348.75	-3.75	
39	348.75	-3.75	
39	348.75	-3.75	
39	348.75	-3.75	
39	348.75	-3.75	
39	348.75	-3.75	
39	348.75	-3.75	
39	348.75	-3.75	
39	348.75	-3.75	
39	348.75	-3.75	
39	348.75	-3.75	
39	348.75	-3.75	
39	348.75	-3.75	
39	348.75	-3.75	
39	348.75	-3.75	
39	348.75	-3.75	
39	348.75	-3.75	
39	348.75	-3.75	
39	348.75	-3.75	
39	348.75	-3.75	
39	348.75	-3.75	
39	348.75	-3.75	
39	348.75	-3.75	
39	348.75	-3.75	
40	0	0	
40	0	0	
40	0	0	
40	0	0	
40	0	0	
40	0	0	
40	0	0	
40	0	0	
40	0	0	
40	0	0	
40	0	0	
40	0	0	
40	0	0	
40	0	0	
40	0	0	
40	0	0	
40	0	0	
40	0	0	
40	0	0	
40	0	0	
40	0	0	
40	0	0	
40	0	0	
40	0	0	
40	0	0	
40	0	0	
40	0	0	
40	0	0	
40	0	0	
40	0	0	
40	0	0	
40	0	0	
40	0	0	
40	0	0	
40	0	0	
40	0	0	
40	0	0	
40	0	0	
40	0	0	
40	0	0	
40	0	0	
40	0	0	
40	0	0	
40	0	0	
40	0	0	
40	0	0	
40	0	0	
40	0	0	
40	0	0	
40	2.5	0	
40	5	0	
40	8.75	0	
40	12.5	2.5	
40	22.5	3.75	
40	36.25	3.75	
40	52.5	6.25	
40	62.5	6.25	
40	83.75	6.25	
40	95	6.25	
40	121.25	6.25	
40	146.25	3.75	
40	160	3.75	
40	173.75	3.75	
40	201.25	3.75	
40	228.75	2.5	
40	241.25	2.5	
40	266.25	0	
40	290	0	
40	300	0	
40	320	-1.25	
40	338.75	0	
40	346.25	0	
40	346.25	0	
40	346.25	0	
41	0	0	
41	-1.25	0	
41	-1.25	0	
41	-1.25	0	
41	-1.25	0	
41	-1.25	0	
41	-1.25	0	
41	-1.25	0	
41	-1.25	0	
41	-1.25	0	
41	-1.25	0	
41	-1.25	0	
41	-1.25	0	
41	-1.25	0	
41	-1.25	0	
41	-1.25	0	
41	-1.25	0	
41	-1.25	0	
41	-1.25	0	
41	-1.25	0	
41	-1.25	0	
41	-1.25	0	
41	0	0	
41	1.25	1.25	
41	8.75	1.25	
41	17.5	1.25	
41	22.5	1.25	
41	27.5	1.25	
41	41.25	0	
41	57.5	-2.5	
41	65	-2.5	
41	85	-2.5	
41	95	-3.75	
41	106.25	-3.75	
41	141.25	-3.75	
41	165	-3.75	
41	177.5	-3.75	
41	188.75	-3.75	
41	200	-6.25	
41	233.75	-6.25	
41	245	-6.25	
41	256.25	-6.25	
41	267.5	-7.5	
41	276.25	-7.5	
41	301.25	-10	
41	313.75	-11.25	
41	320	-11.25	
41	323.75	-11.25	
41	332.5	-13.75	
41	340	-11.25	
41	346.25	-11.25	
41	346.25	-11.25	
41	346.25	-11.25	
41	346.25	-11.25	
41	346.25	-11.25	
41	346.25	-11.25	
41	346.25	-11.25	
41	346.25	-11.25	
41	346.25	-11.25	
41	346.25	-11.25	
41	346.25	-11.25	
41	346.25	-11.25	
41	346.25	-11.25	
41	346.25	-11.25	
41	346.25	-11.25	
41	346.25	-11.25	
41	346.25	-11.25	
41	346.25	-11.25	
41	346.25	-11.25	
41	346.25	-11.25	
41	346.25	-11.25	
41	346.25	-11.25	
41	346.25	-11.25	
41	346.25	-11.25	
42	0	0	
42	0	0	
42	0	0	
42	0	0	
42	0	0	
42	0	0	
42	0	0	
42	0	0	
42	0	0	
42	0	0	
42	0	0	
42	0	0	
42	0	0	
42	0	0	
42	0	0	
42	0	0	
42	0	0	
42	0	0	
42	0	0	
42	0	0	
42	0	0	
42	1.25	0	
42	3.75	0	
42	6.25	0	
42	17.5	1.25	
42	23.75	1.25	
42	36.25	1.25	
42	43.75	1.25	
42	51.25	1.25	
42	78.75	1.25	
42	88.75	1.25	
42	100	1.25	
42	122.5	1.25	
42	133.75	1.25	
42	170	3.75	
42	181.25	3.75	
42	205	3.75	
42	216.25	5	
42	227.5	5	
42	258.75	5	
42	267.5	5	
42	277.5	5	
42	293.75	5	
42	301.25	5	
42	315	5	
42	325	3.75	
42	335	3.75	
42	338.75	3.75	
42	341.25	1.25	
42	345	1.25	
42	345	1.25	
42	345	1.25	
42	345	1.25	
42	345	1.25	
42	345	1.25	
42	345	1.25	
42	345	1.25	
42	345	1.25	
42	345	1.25	
42	345	1.25	
42	345	1.25	
42	345	1.25	
42	345	1.25	
42	345	1.25	
42	345	1.25	
42	345	1.25	
42	345	1.25	
42	345	1.25	
42	345	1.25	
42	345	1.25	
42	345	1.25	
42	345	1.25	
42	345	1.25	
42	345	1.25	
43	0	0	
43	0	0	
43	0	0	
43	0	0	
43	0	0	
43	0	0	
43	0	0	
43	0	0	
43	0	0	
43	0	0	
43	0	0	
43	0	0	
43	0	0	
43	0	0	
43	0	0	
43	0	0	
43	0	0	
43	0	0	
43	0	0	
43	5	-1.25	
43	7.5	0	
43	15	0	
43	20	0	
43	26.25	0	
43	46.25	0	
43	63.75	2.5	
43	72.5	2.5	
43	82.5	3.75	
43	93.75	3.75	
43	115	3.75	
43	140	6.25	
43	153.75	7.5	
43	166.25	7.5	
43	178.75	7.5	
43	215	11.25	
43	237.5	11.25	
43	247.5	11.25	
43	260	13.75	
43	280	13.75	
43	298.75	13.75	
43	316.25	13.75	
43	322.5	13.75	
43	330	13.75	
43	337.5	13.75	
43	337.5	13.75	
43	337.5	13.75	
43	337.5	13.75	
43	337.5	13.75	
43	337.5	13.75	
43	337.5	13.75	
43	337.5	13.75	
43	337.5	13.75	
43	337.5	13.75	
43	337.5	13.75	
43	337.5	13.75	
43	337.5	13.75	
43	337.5	13.75	
43	337.5	13.75	
43	337.5	13.75	
43	337.5	13.75	
43	337.5	13.75	
43	337.5	13.75	
43	337.5	13.75	
43	337.5	13.75	
43	337.5	13.75	
43	337.5	13.75	
43	337.5	13.75	
43	337.5	13.75	
43	337.5	13.75	
43	337.5	13.75	
43	337.5	13.75	
43	337.5	13.75	
43	337.5	13.75	
43	337.5	13.75	
44	0	0	
44	0	0	
44	0	0	
44	0	0	
44	0	0	
44	0	0	
44	0	0	
44	0	0	
44	0	0	
44	0	0	
44	0	0	
44	0	0	
44	0	0	
44	0	0	
44	0	0	
44	0	0	
44	0	0	
44	0	0	
44	0	0	
44	0	0	
44	0	0	
44	0	0	
44	0	0	
44	0	0	
44	1.25	0	
44	2.5	0	
44	5	3.75	
44	10	5	
44	13.75	5	
44	22.5	5	
44	33.75	8.75	
44	40	8.75	
44	47.5	8.75	
44	63.75	11.25	
44	92.5	12.5	
44	102.5	12.5	
44	113.75	15	
44	135	16.25	
44	146.25	16.25	
44	160	16.25	
44	175	18.75	
44	175	18.75	
44	192.5	18.75	
44	207.5	20	
44	243.75	20	
44	262.5	22.5	
44	270	22.5	
44	277.5	22.5	
44	283.75	23.75	
44	297.5	23.75	
44	302.5	23.75	
44	308.75	23.75	
44	310	23.75	
44	313.75	23.75	
44	320	22.5	
44	323.75	22.5	
44	325	22.5	
44	326.25	22.5	
44	326.25	20	
44	328.75	20	
44	330	20	
44	331.25	20	
44	331.25	20	
44	332.5	20	
44	333.75	18.75	
44	335	16.25	
44	336.25	16.25	
44	336.25	16.25	
44	337.5	16.25	
44	338.75	15	
44	338.75	15	
44	338.75	12.5	
44	338.75	12.5	
44	340	12.5	
45	0	0	
45	0	0	
45	0	0	
45	0	0	
45	0	0	
45	0	0	
45	0	0	
45	0	0	
45	0	0	
45	0	0	
45	0	0	
45	0	0	
45	0	0	
45	0	0	
45	0	0	
45	0	0	
45	0	0	
45	0	0	
45	0	0	
45	0	0	
45	0	0	
45	0	0	
45	1.25	0	
45	6.25	0	
45	21.25	0	
45	27.5	0	
45	45	0	
45	56.25	0	
45	66.25	0	
45	105	3.75	
45	118.75	3.75	
45	133.75	5	
45	147.5	5	
45	176.25	5	
45	217.5	5	
45	228.75	5	
45	241.25	5	
45	262.5	5	
45	271.25	5	
45	295	5	
45	301.25	5	
45	306.25	5	
45	311.25	5	
45	318.75	5	
45	327.5	5	
45	330	5	
45	331.25	5	
45	333.75	5	
45	335	5	
45	338.75	5	
45	338.75	5	
45	341.25	5	
45	341.25	5	
45	342.5	5	
45	346.25	5	
45	347.5	5	
45	347.5	5	
45	348.75	5	
45	348.75	5	
45	348.75	5	
45	348.75	5	
45	348.75	5	
45	348.75	5	
45	348.75	5	
45	348.75	5	
45	348.75	5	
45	348.75	5	
45	348.75	5	
45	348.75	5	
45	348.75	5	
45	348.75	5	
45	348.75	5	
45	348.75	5	
45	348.75	5	
46	0	0	
46	0	0	
46	0	0	
46	0	0	
46	0	0	
46	0	0	
46	0	0	
46	0	0	
46	0	0	
46	0	0	
46	0	0	
46	0	0	
46	0	0	
46	0	0	
46	0	0	
46	0	0	
46	0	0	
46	0	0	
46	0	0	
46	0	0	
46	1.25	-1.25	
46	2.5	-3.75	
46	5	-3.75	
46	11.25	-5	
46	25	-7.5	
46	31.25	-7.5	
46	40	-7.5	
46	56.25	-5	
46	66.25	-5	
46	86.25	-3.75	
46	108.75	-1.25	
46	120	0	
46	131.25	0	
46	143.75	0	
46	185	3.75	
46	197.5	3.75	
46	221.25	3.75	
46	233.75	3.75	
46	243.75	6.25	
46	272.5	6.25	
46	281.25	6.25	
46	290	6.25	
46	297.5	6.25	
46	310	6.25	
46	326.25	3.75	
46	330	3.75	
46	337.5	3.75	
46	340	3.75	
46	342.5	3.75	
46	347.5	3.75	
46	348.75	3.75	
46	348.75	3.75	
46	348.75	3.75	
46	348.75	3.75	
46	348.75	3.75	
46	348.75	3.75	
46	348.75	3.75	
46	348.75	3.75	
46	348.75	3.75	
46	348.75	3.75	
46	348.75	3.75	
46	348.75	3.75	
46	348.75	3.75	
46	348.75	3.75	
46	348.75	3.75	
46	348.75	3.75	
46	348.75	3.75	
46	348.75	3.75	
46	348.75	3.75	
46	348.75	3.75	
46	348.75	3.75	
46	348.75	3.75	
46	348.75	3.75	
46	348.75	3.75	
47	0	0	
47	0	0	
47	0	0	
47	0	0	
47	0	0	
47	0	0	
47	0	0	
47	0	0	
47	0	0	
47	0	0	
47	0	0	
47	0	0	
47	0	0	
47	0	0	
47	0	0	
47	0	0	
47	0	0	
47	0	0	
47	0	0	
47	0	0	
47	0	0	
47	0	0	
47	0	0	
47	0	0	
47	0	0	
47	0	0	
47	0	0	
47	0	0	
47	0	0	
47	0	0	
47	0	0	
47	0	0	
47	0	0	
47	0	0	
47	0	0	
47	0	0	
47	0	0	
47	0	0	
47	0	0	
47	3.75	0	
47	6.25	0	
47	16.25	1.25	
47	23.75	1.25	
47	31.25	3.75	
47	61.25	7.5	
47	72.5	8.75	
47	98.75	11.25	
47	113.75	12.5	
47	127.5	15	
47	171.25	16.25	
47	186.25	20	
47	201.25	21.25	
47	215	21.25	
47	243.75	23.75	
47	281.25	23.75	
47	292.5	23.75	
47	312.5	21.25	
47	321.25	21.25	
47	328.75	21.25	
47	346.25	21.25	
47	346.25	21.25	
47	346.25	21.25	
47	346.25	21.25	
47	346.25	21.25	
47	346.25	21.25	
47	346.25	21.25	
47	346.25	21.25	
47	346.25	21.25	
47	346.25	21.25	
47	346.25	21.25	
47	346.25	21.25	
47	346.25	21.25	
47	346.25	21.25	
47	346.25	21.25	
48	0	0	
48	0	0	
48	0	0	
48	0	0	
48	0	0	
48	0	0	
48	0	0	
48	0	0	
48	0	0	
48	0	0	
48	0	0	
48	0	0	
48	0	0	
48	0	0	
48	0	0	
48	0	0	
48	0	0	
48	0	0	
48	0	0	
48	0	0	
48	0	0	
48	1.25	0	
48	2.5	0	
48	5	0	
48	23.75	0	
48	31.25	0	
48	38.75	0	
48	47.5	0	
48	67.5	0	
48	91.25	5	
48	116.25	5	
48	128.75	7.5	
48	142.5	7.5	
48	156.25	8.75	
48	210	11.25	
48	222.5	12.5	
48	235	12.5	
48	247.5	12.5	
48	270	12.5	
48	291.25	12.5	
48	300	12.5	
48	316.25	12.5	
48	323.75	11.25	
48	330	11.25	
48	345	8.75	
48	345	8.75	
48	345	8.75	
48	345	8.75	
48	345	8.75	
48	345	8.75	
48	345	8.75	
48	345	8.75	
48	345	8.75	
48	345	8.75	
48	345	8.75	
48	345	8.75	
48	345	8.75	
48	345	8.75	
48	345	8.75	
48	345	8.75	
48	345	8.75	
48	345	8.75	
48	345	8.75	
48	345	8.75	
48	345	8.75	
48	345	8.75	
48	345	8.75	
48	345	8.75	
48	345	8.75	
48	345	8.75	
48	345	8.75	
48	345	8.75	
48	345	8.75	
48	345	8.75	
49	0	0	
49	0	0	
49	0	0	
49	0	0	
49	0	0	
49	0	0	
49	0	0	
49	0	0	
49	0	0	
49	0	0	
49	0	0	
49	0	0	
49	0	0	
49	0	0	
49	0	0	
49	2.5	0	
49	6.25	-2.5	
49	10	-2.5	
49	13.75	-2.5	
49	33.75	-3.75	
49	43.75	-7.5	
49	55	-7.5	
49	81.25	-7.5	
49	81.25	-7.5	
49	140	-7.5	
49	160	-7.5	
49	198.75	-3.75	
49	217.5	-2.5	
49	236.25	-2.5	
49	288.75	-2.5	
49	303.75	-2.5	
49	317.5	-2.5	
49	340	-2.5	
49	340	-2.5	
49	340	-2.5	
49	340	-2.5	
49	340	-2.5	
49	340	-2.5	
49	340	-2.5	
49	340	-2.5	
49	340	-2.5	
49	340	-2.5	
49	340	-2.5	
49	340	-2.5	
49	340	-2.5	
49	340	-2.5	
49	340	-2.5	
49	340	-2.5	
49	340	-2.5	
49	340	-2.5	
49	340	-2.5	
49	340	-2.5	
49	340	-2.5	
49	340	-2.5	
49	340	-2.5	
49	340	-2.5	
49	340	-2.5	
49	340	-2.5	
49	340	-2.5	
49	340	-2.5	
49	340	-2.5	
49	340	-2.5	
49	340	-2.5	
49	340	-2.5	
49	340	-2.5	
49	340	-2.5	
49	340	-2.5	
49	340	-2.5	
49	340	-2.5	
49	340	-2.5	
49	340	-2.5	
49	340	-2.5	
49	340	-2.5	
49	340	-2.5	
50	0	0	
50	0	0	
50	0	0	
50	0	0	
50	0	0	
50	0	0	
50	0	0	
50	0	0	
50	0	0	
50	0	0	
50	0	0	
50	0	0	
50	0	0	
50	0	0	
50	0	0	
50	0	0	
50	0	0	
50	0	0	
50	0	0	
50	0	0	
50	0	0	
50	0	0	
50	0	0	
50	0	0	
50	0	0	
50	0	0	
50	0	0	
50	1.25	0	
50	2.5	0	
50	6.25	0	
50	12.5	0	
50	16.25	0	
50	20	0	
50	25	1.25	
50	60	3.75	
50	71.25	5	
50	83.75	5	
50	112.5	10	
50	127.5	10	
50	160	13.75	
50	196.25	13.75	
50	213.75	16.25	
50	232.5	17.5	
50	250	17.5	
50	300	17.5	
50	318.75	16.25	
50	336.25	16.25	
50	336.25	16.25	
50	336.25	16.25	
50	336.25	16.25	
50	336.25	16.25	
50	336.25	16.25	
50	336.25	16.25	
50	336.25	16.25	
50	336.25	16.25	
50	336.25	16.25	
50	336.25	16.25	
50	336.25	16.25	
50	336.25	16.25	
50	336.25	16.25	
50	336.25	16.25	
50	336.25	16.25	
50	336.25	16.25	
50	336.25	16.25	
50	336.25	16.25	
50	336.25	16.25	
50	336.25	16.25	
50	336.25	16.25	
50	336.25	16.25	
50	336.25	16.25	
50	336.25	16.25	
50	336.25	16.25	
50	336.25	16.25	
50	336.25	16.25	
51	0	0	
51	0	0	
51	0	0	
51	0	0	
51	0	0	
51	0	0	
51	0	0	
51	0	0	
51	0	0	
51	0	0	
51	0	0	
51	0	0	
51	0	0	
51	0	0	
51	0	0	
51	0	0	
51	0	0	
51	0	0	
51	0	0	
51	0	0	
51	0	0	
51	0	0	
51	0	0	
51	0	0	
51	0	0	
51	0	0	
51	0	0	
51	0	0	
51	0	0	
51	0	0	
51	0	0	
51	0	0	
51	0	0	
51	0	0	
51	0	0	
51	0	0	
51	0	0	
51	2.5	1.25	
51	3.75	1.25	
51	16.25	1.25	
51	23.75	3.75	
51	41.25	5	
51	52.5	5	
51	65	7.5	
51	93.75	8.75	
51	131.25	8.75	
51	150	8.75	
51	170	8.75	
51	187.5	8.75	
51	241.25	8.75	
51	257.5	8.75	
51	273.75	8.75	
51	291.25	8.75	
51	307.5	8.75	
51	347.5	5	
51	347.5	5	
51	347.5	5	
51	347.5	5	
51	347.5	5	
51	347.5	5	
51	347.5	5	
51	347.5	5	
51	347.5	5	
51	347.5	5	
51	347.5	5	
51	347.5	5	
51	347.5	5	
51	347.5	5	
51	347.5	5	
51	347.5	5	
51	347.5	5	
51	347.5	5	
51	347.5	5	
51	347.5	5	
52	0	0	
52	0	0	
52	0	0	
52	0	0	
52	0	0	
52	0	0	
52	0	0	
52	0	0	
52	0	0	
52	0	0	
52	0	0	
52	0	0	
52	0	0	
52	0	0	
52	0	0	
52	0	0	
52	0	0	
52	0	0	
52	0	0	
52	0	0	
52	0	0	
52	0	0	
52	0	0	
52	0	0	
52	0	0	
52	0	0	
52	0	0	
52	0	0	
52	3.75	0	
52	10	0	
52	18.75	2.5	
52	25	2.5	
52	32.5	3.75	
52	51.25	3.75	
52	87.5	7.5	
52	101.25	7.5	
52	115	7.5	
52	115	7.5	
52	155	10	
52	191.25	10	
52	226.25	10	
52	242.5	10	
52	258.75	10	
52	273.75	10	
52	308.75	7.5	
52	326.25	7.5	
52	326.25	7.5	
52	343.75	7.5	
52	343.75	7.5	
52	343.75	7.5	
52	343.75	7.5	
52	343.75	7.5	
52	343.75	7.5	
52	343.75	7.5	
52	343.75	7.5	
52	343.75	7.5	
52	343.75	7.5	
52	343.75	7.5	
52	343.75	7.5	
52	343.75	7.5	
52	343.75	7.5	
52	343.75	7.5	
52	343.75	7.5	
52	343.75	7.5	
52	343.75	7.5	
52	343.75	7.5	
52	343.75	7.5	
52	343.75	7.5	
52	343.75	7.5	
52	343.75	7.5	
52	343.75	7.5	
52	343.75	7.5	
52	343.75	7.5	
52	343.75	7.5	
53	0	0	
53	0	0	
53	0	0	
53	0	0	
53	0	0	
53	0	0	
53	0	0	
53	0	0	
53	0	0	
53	0	0	
53	0	0	
53	0	0	
53	0	0	
53	0	0	
53	0	0	
53	0	0	
53	0	0	
53	0	0	
53	0	0	
53	0	0	
53	0	0	
53	0	0	
53	0	0	
53	0	0	
53	0	0	
53	0	0	
53	0	0	
53	0	0	
53	0	0	
53	0	0	
53	0	0	
53	0	0	
53	0	0	
53	0	0	
53	2.5	0	
53	8.75	0	
53	13.75	0	
53	18.75	2.5	
53	25	2.5	
53	50	3.75	
53	60	3.75	
53	71.25	3.75	
53	96.25	6.25	
53	123.75	7.5	
53	152.5	7.5	
53	167.5	7.5	
53	185	7.5	
53	202.5	7.5	
53	218.75	7.5	
53	255	7.5	
53	255	7.5	
53	272.5	7.5	
53	301.25	7.5	
53	323.75	7.5	
53	341.25	7.5	
53	348.75	7.5	
53	348.75	7.5	
53	348.75	7.5	
53	348.75	7.5	
53	348.75	7.5	
53	348.75	7.5	
53	348.75	7.5	
53	348.75	7.5	
53	348.75	7.5	
53	348.75	7.5	
53	348.75	7.5	
53	348.75	7.5	
53	348.75	7.5	
53	348.75	7.5	
53	348.75	7.5	
53	348.75	7.5	
53	348.75	7.5	
53	348.75	7.5	
53	348.75	7.5	
54	0	0	
54	0	0	
54	0	0	
54	0	0	
54	0	0	
54	0	0	
54	0	0	
54	0	0	
54	0	0	
54	0	0	
54	0	0	
54	0	0	
54	0	0	
54	0	0	
54	0	0	
54	0	0	
54	0	0	
54	0	0	
54	0	0	
54	0	0	
54	0	0	
54	0	0	
54	0	0	
54	0	0	
54	0	0	
54	0	0	
54	0	0	
54	0	0	
54	0	0	
54	0	0	
54	0	0	
54	0	0	
54	0	0	
54	0	0	
54	0	0	
54	0	0	
54	0	0	
54	0	0	
54	0	0	
54	0	0	
54	0	0	
54	0	0	
54	0	0	
54	0	0	
54	0	0	
54	0	0	
54	0	0	
54	0	0	
54	0	0	
54	0	0	
54	0	0	
54	0	0	
54	0	0	
54	0	0	
54	0	0	
54	0	0	
54	0	0	
54	0	0	
54	1.25	-1.25	
54	3.75	-1.25	
54	10	-1.25	
54	15	-1.25	
54	20	-1.25	
54	35	-3.75	
54	62.5	-3.75	
54	73.75	-3.75	
54	86.25	-3.75	
54	111.25	-3.75	
54	126.25	-3.75	
54	153.75	-3.75	
54	182.5	-3.75	
54	196.25	-3.75	
54	210	-3.75	
54	238.75	-3.75	
55	0	0	
55	0	0	
55	0	0	
55	0	0	
55	0	0	
55	0	0	
55	0	0	
55	0	0	
55	0	0	
55	0	0	
55	0	0	
55	0	0	
55	0	0	
55	0	0	
55	0	0	
55	0	0	
55	0	0	
55	0	0	
55	2.5	0	
55	6.25	-1.25	
55	8.75	-1.25	
55	17.5	0	
55	28.75	0	
55	36.25	0	
55	62.5	0	
55	72.5	0	
55	83.75	0	
55	95	0	
55	120	0	
55	146.25	0	
55	160	-1.25	
55	190	-1.25	
55	218.75	-3.75	
55	233.75	-3.75	
55	262.5	-5	
55	277.5	-7.5	
55	293.75	-7.5	
55	321.25	-8.75	
55	335	-8.75	
55	347.5	-11.25	
55	347.5	-11.25	
55	347.5	-11.25	
55	347.5	-11.25	
55	347.5	-11.25	
55	347.5	-11.25	
55	347.5	-11.25	
55	347.5	-11.25	
55	347.5	-11.25	
55	347.5	-11.25	
55	347.5	-11.25	
55	347.5	-11.25	
55	347.5	-11.25	
55	347.5	-11.25	
55	347.5	-11.25	
55	347.5	-11.25	
55	347.5	-11.25	
55	347.5	-11.25	
55	347.5	-11.25	
55	347.5	-11.25	
55	347.5	-11.25	
55	347.5	-11.25	
55	347.5	-11.25	
55	347.5	-11.25	
55	347.5	-11.25	
55	347.5	-11.25	
55	347.5	-11.25	
55	347.5	-11.25	
55	347.5	-11.25	
55	347.5	-11.25	
55	347.5	-11.25	
55	347.5	-11.25	
55	347.5	-11.25	
55	347.5	-11.25	
55	347.5	-11.25	
56	0	0	
56	0	0	
56	0	0	
56	0	0	
56	0	0	
56	0	0	
56	0	0	
56	0	0	
56	0	0	
56	0	0	
56	0	0	
56	0	0	
56	0	0	
56	0	0	
56	0	0	
56	0	0	
56	3.75	0	
56	7.5	0	
56	12.5	0	
56	32.5	0	
56	42.5	0	
56	52.5	0	
56	77.5	2.5	
56	91.25	2.5	
56	123.75	2.5	
56	143.75	2.5	
56	161.25	0	
56	196.25	0	
56	213.75	0	
56	261.25	-3.75	
56	276.25	-3.75	
56	290	-5	
56	313.75	-7.5	
56	325	-7.5	
56	348.75	-8.75	
56	348.75	-8.75	
56	348.75	-8.75	
56	348.75	-8.75	
56	348.75	-8.75	
56	348.75	-8.75	
56	348.75	-8.75	
56	348.75	-8.75	
56	348.75	-8.75	
56	348.75	-8.75	
56	348.75	-8.75	
56	348.75	-8.75	
56	348.75	-8.75	
56	348.75	-8.75	
56	348.75	-8.75	
56	348.75	-8.75	
56	348.75	-8.75	
56	348.75	-8.75	
56	348.75	-8.75	
56	348.75	-8.75	
56	348.75	-8.75	
56	348.75	-8.75	
56	348.75	-8.75	
56	348.75	-8.75	
56	348.75	-8.75	
56	348.75	-8.75	
56	348.75	-8.75	
56	348.75	-8.75	
56	348.75	-8.75	
56	348.75	-8.75	
56	348.75	-8.75	
56	348.75	-8.75	
56	348.75	-8.75	
56	348.75	-8.75	
56	348.75	-8.75	
56	348.75	-8.75	
56	348.75	-8.75	
56	348.75	-8.75	
56	348.75	-8.75	
56	348.75	-8.75	
57	0	0	
57	0	0	
57	0	0	
57	0	0	
57	0	0	
57	0	0	
57	0	0	
57	0	0	
57	0	0	
57	0	0	
57	0	0	
57	0	0	
57	0	0	
57	0	0	
57	0	0	
57	0	0	
57	0	0	
57	0	0	
57	0	0	
57	0	0	
57	0	0	
57	0	0	
57	0	0	
57	0	0	
57	0	0	
57	1.25	0	
57	2.5	0	
57	10	1.25	
57	15	1.25	
57	28.75	1.25	
57	46.25	3.75	
57	57.5	3.75	
57	81.25	3.75	
57	95	3.75	
57	137.5	1.25	
57	153.75	1.25	
57	168.75	0	
57	182.5	-2.5	
57	213.75	-3.75	
57	242.5	-6.25	
57	268.75	-10	
57	281.25	-10	
57	302.5	-11.25	
57	311.25	-13.75	
57	332.5	-13.75	
57	337.5	-13.75	
57	342.5	-13.75	
57	345	-13.75	
57	345	-13.75	
57	345	-13.75	
57	345	-13.75	
57	345	-13.75	
57	345	-13.75	
57	345	-13.75	
57	345	-13.75	
57	345	-13.75	
57	345	-13.75	
57	345	-13.75	
57	345	-13.75	
57	345	-13.75	
57	345	-13.75	
57	345	-13.75	
57	345	-13.75	
57	345	-13.75	
57	345	-13.75	
57	345	-13.75	
57	345	-13.75	
57	345	-13.75	
57	345	-13.75	
57	345	-13.75	
57	345	-13.75	
57	345	-13.75	
57	345	-13.75	
57	345	-13.75	
58	0	0	
58	0	0	
58	0	0	
58	0	0	
58	0	0	
58	0	0	
58	0	0	
58	0	0	
58	0	0	
58	0	0	
58	0	0	
58	0	0	
58	0	0	
58	0	0	
58	0	0	
58	0	0	
58	0	0	
58	0	0	
58	0	0	
58	1.25	-1.25	
58	3.75	-1.25	
58	10	-3.75	
58	18.75	-3.75	
58	26.25	-3.75	
58	42.5	-3.75	
58	62.5	-3.75	
58	73.75	-3.75	
58	86.25	-3.75	
58	98.75	-3.75	
58	140	-3.75	
58	155	-3.75	
58	182.5	-3.75	
58	196.25	-5	
58	223.75	-5	
58	248.75	-7.5	
58	271.25	-7.5	
58	282.5	-7.5	
58	292.5	-7.5	
58	302.5	-7.5	
58	325	-7.5	
58	331.25	-7.5	
58	341.25	-7.5	
58	343.75	-7.5	
58	348.75	-7.5	
58	348.75	-7.5	
58	348.75	-7.5	
58	348.75	-7.5	
58	348.75	-7.5	
58	348.75	-7.5	
58	348.75	-7.5	
58	348.75	-7.5	
58	348.75	-7.5	
58	348.75	-7.5	
58	348.75	-7.5	
58	348.75	-7.5	
58	348.75	-7.5	
58	348.75	-7.5	
58	348.75	-7.5	
58	348.75	-7.5	
58	348.75	-7.5	
58	348.75	-7.5	
58	348.75	-7.5	
58	348.75	-7.5	
58	348.75	-7.5	
58	348.75	-7.5	
58	348.75	-7.5	
58	348.75	-7.5	
58	348.75	-7.5	
58	348.75	-7.5	
58	348.75	-7.5	
58	348.75	-7.5	
58	348.75	-7.5	
58	348.75	-7.5	
58	348.75	-7.5	
59	0	0	
59	0	0	
59	0	0	
59	0	0	
59	0	0	
59	0	0	
59	0	0	
59	0	0	
59	0	0	
59	0	0	
59	0	0	
59	0	0	
59	0	0	
59	0	0	
59	0	0	
59	0	0	
59	0	0	
59	0	0	
59	0	0	
59	0	0	
59	0	0	
59	0	0	
59	0	0	
59	1.25	0	
59	8.75	3.75	
59	12.5	3.75	
59	17.5	6.25	
59	28.75	7.5	
59	36.25	7.5	
59	62.5	11.25	
59	72.5	11.25	
59	95	11.25	
59	107.5	13.75	
59	120	13.75	
59	158.75	15	
59	171.25	15	
59	183.75	15	
59	210	15	
59	222.5	15	
59	257.5	13.75	
59	267.5	11.25	
59	286.25	11.25	
59	295	11.25	
59	302.5	10	
59	322.5	7.5	
59	328.75	7.5	
59	333.75	7.5	
59	342.5	7.5	
59	345	6.25	
59	348.75	6.25	
59	348.75	6.25	
59	348.75	6.25	
59	348.75	6.25	
59	348.75	6.25	
59	348.75	6.25	
59	348.75	6.25	
59	348.75	6.25	
59	348.75	6.25	
59	348.75	6.25	
59	348.75	6.25	
59	348.75	6.25	
59	348.75	6.25	
59	348.75	6.25	
59	348.75	6.25	
59	348.75	6.25	
59	348.75	6.25	
59	348.75	6.25	
59	348.75	6.25	
59	348.75	6.25	
59	348.75	6.25	
59	348.75	6.25	
59	348.75	6.25	
59	348.75	6.25	
59	348.75	6.25	
60	0	0	
60	0	0	
60	0	0	
60	0	0	
60	0	0	
60	0	0	
60	0	0	
60	0	0	
60	0	0	
60	0	0	
60	0	0	
60	0	0	
60	0	0	
60	0	0	
60	0	0	
60	0	0	
60	0	0	
60	0	0	
60	0	0	
60	0	0	
60	0	0	
60	0	0	
60	0	0	
60	0	0	
60	0	0	
60	0	0	
60	0	0	
60	0	0	
60	0	0	
60	0	0	
60	0	0	
60	0	0	
60	0	0	
60	0	0	
60	0	0	
60	0	0	
60	0	0	
60	0	0	
60	0	0	
60	0	0	
60	0	0	
60	0	0	
60	0	0	
60	0	0	
60	0	0	
60	0	0	
60	0	0	
60	0	0	
60	0	0	
60	2.5	0	
60	3.75	0	
60	7.5	0	
60	13.75	0	
60	13.75	0	
60	43.75	0	
60	55	0	
60	67.5	-1.25	
60	97.5	-3.75	
60	112.5	-3.75	
60	163.75	-7.5	
60	181.25	-8.75	
60	215	-11.25	
60	232.5	-12.5	
60	248.75	-15	
60	292.5	-15	
60	306.25	-15	
60	317.5	-15	
60	337.5	-15	
60	346.25	-15	
60	346.25	-15	
60	346.25	-15	
60	346.25	-15	
60	346.25	-15	
60	346.25	-15	
61	0	0	
61	0	0	
61	0	0	
61	0	0	
61	0	0	
61	0	0	
61	0	0	
61	0	0	
61	0	0	
61	0	0	
61	0	0	
61	0	0	
61	0	0	
61	0	0	
61	0	0	
61	0	0	
61	0	0	
61	0	0	
61	0	0	
61	2.5	-2.5	
61	3.75	-2.5	
61	11.25	-2.5	
61	21.25	-2.5	
61	27.5	-2.5	
61	53.75	-2.5	
61	63.75	-2.5	
61	75	-2.5	
61	87.5	-2.5	
61	113.75	-3.75	
61	140	-3.75	
61	153.75	-3.75	
61	182.5	-6.25	
61	210	-6.25	
61	223.75	-3.75	
61	251.25	-3.75	
61	273.75	-3.75	
61	285	-3.75	
61	295	-3.75	
61	312.5	-3.75	
61	327.5	-3.75	
61	332.5	-3.75	
61	342.5	-3.75	
61	348.75	-3.75	
61	348.75	-3.75	
61	348.75	-3.75	
61	348.75	-3.75	
61	348.75	-3.75	
61	348.75	-3.75	
61	348.75	-3.75	
61	348.75	-3.75	
61	348.75	-3.75	
61	348.75	-3.75	
61	348.75	-3.75	
61	348.75	-3.75	
61	348.75	-3.75	
61	348.75	-3.75	
61	348.75	-3.75	
61	348.75	-3.75	
61	348.75	-3.75	
61	348.75	-3.75	
61	348.75	-3.75	
61	348.75	-3.75	
61	348.75	-3.75	
61	348.75	-3.75	
61	348.75	-3.75	
61	348.75	-3.75	
61	348.75	-3.75	
61	348.75	-3.75	
61	348.75	-3.75	
61	348.75	-3.75	
61	348.75	-3.75	
61	348.75	-3.75	
61	348.75	-3.75	
61	348.75	-3.75	
62	0	0	
62	0	0	
62	0	0	
62	0	0	
62	0	0	
62	0	0	
62	0	0	
62	0	0	
62	0	0	
62	0	0	
62	0	0	
62	0	0	
62	0	0	
62	0	0	
62	0	0	
62	0	0	
62	0	0	
62	0	0	
62	0	0	
62	0	0	
62	0	0	
62	0	0	
62	0	0	
62	2.5	-2.5	
62	8.75	-2.5	
62	13.75	-2.5	
62	26.25	0	
62	35	0	
62	42.5	1.25	
62	75	1.25	
62	87.5	1.25	
62	113.75	1.25	
62	126.25	1.25	
62	140	1.25	
62	180	1.25	
62	192.5	1.25	
62	217.5	3.75	
62	228.75	3.75	
62	240	3.75	
62	270	5	
62	278.75	5	
62	293.75	7.5	
62	301.25	7.5	
62	306.25	7.5	
62	320	8.75	
62	323.75	8.75	
62	328.75	8.75	
62	330	8.75	
62	332.5	8.75	
62	336.25	8.75	
62	336.25	8.75	
62	338.75	8.75	
62	340	8.75	
62	340	8.75	
62	343.75	8.75	
62	345	8.75	
62	346.25	8.75	
62	347.5	8.75	
62	347.5	8.75	
62	348.75	8.75	
62	348.75	8.75	
62	348.75	8.75	
62	348.75	8.75	
62	348.75	8.75	
62	348.75	8.75	
62	348.75	8.75	
62	348.75	8.75	
62	348.75	8.75	
62	348.75	8.75	
62	348.75	8.75	
62	348.75	8.75	
62	348.75	8.75	
62	348.75	8.75	
62	348.75	8.75	
63	0	0	
63	0	0	
63	0	0	
63	0	0	
63	0	0	
63	0	0	
63	0	0	
63	0	0	
63	0	0	
63	0	0	
63	0	0	
63	0	0	
63	0	0	
63	0	0	
63	0	0	
63	0	0	
63	0	0	
63	0	0	
63	2.5	0	
63	12.5	2.5	
63	23.75	3.75	
63	31.25	3.75	
63	38.75	3.75	
63	58.75	3.75	
63	81.25	3.75	
63	93.75	6.25	
63	120	6.25	
63	133.75	3.75	
63	147.5	3.75	
63	188.75	2.5	
63	215	0	
63	228.75	-1.25	
63	241.25	-3.75	
63	265	-5	
63	286.25	-5	
63	296.25	-7.5	
63	313.75	-7.5	
63	322.5	-7.5	
63	327.5	-5	
63	340	-5	
63	343.75	-5	
63	345	-5	
63	346.25	-5	
63	346.25	-5	
63	347.5	-5	
63	347.5	-5	
63	347.5	-5	
63	347.5	-5	
63	347.5	-5	
63	347.5	-5	
63	347.5	-5	
63	347.5	-5	
63	347.5	-5	
63	347.5	-5	
63	347.5	-5	
63	347.5	-5	
63	347.5	-5	
63	347.5	-5	
63	347.5	-5	
63	347.5	-5	
63	347.5	-5	
63	347.5	-5	
63	347.5	-5	
63	347.5	-5	
63	347.5	-5	
63	347.5	-5	
63	347.5	-5	
63	347.5	-5	
63	347.5	-5	
63	347.5	-5	
63	347.5	-5	
63	347.5	-5	
63	347.5	-5	
63	347.5	-5	
64	0	0	
64	0	0	
64	0	0	
64	0	0	
64	0	0	
64	0	0	
64	0	0	
64	0	0	
64	0	0	
64	0	0	
64	0	0	
64	0	0	
64	0	0	
64	0	0	
64	0	0	
64	0	0	
64	0	0	
64	0	0	
64	0	0	
64	0	0	
64	1.25	0	
64	2.5	-1.25	
64	6.25	-1.25	
64	10	0	
64	25	0	
64	41.25	3.75	
64	51.25	3.75	
64	62.5	6.25	
64	73.75	7.5	
64	107.5	7.5	
64	132.5	7.5	
64	145	7.5	
64	157.5	6.25	
64	182.5	3.75	
64	206.25	2.5	
64	206.25	2.5	
64	235	0	
64	247.5	-1.25	
64	258.75	-1.25	
64	290	-3.75	
64	306.25	-3.75	
64	315	-3.75	
64	321.25	-3.75	
64	332.5	-3.75	
64	342.5	-3.75	
64	346.25	-3.75	
64	346.25	-3.75	
64	346.25	-3.75	
64	346.25	-3.75	
64	346.25	-3.75	
64	346.25	-3.75	
64	346.25	-3.75	
64	346.25	-3.75	
64	346.25	-3.75	
64	346.25	-3.75	
64	346.25	-3.75	
64	346.25	-3.75	
64	346.25	-3.75	
64	346.25	-3.75	
64	346.25	-3.75	
64	346.25	-3.75	
64	346.25	-3.75	
64	346.25	-3.75	
64	346.25	-3.75	
64	346.25	-3.75	
64	346.25	-3.75	
64	346.25	-3.75	
64	346.25	-3.75	
64	346.25	-3.75	
64	346.25	-3.75	
64	346.25	-3.75	
64	346.25	-3.75	
64	346.25	-3.75	
64	346.25	-3.75	
65	0	0	
65	0	0	
65	0	0	
65	0	0	
65	1.25	0	
65	1.25	0	
65	1.25	0	
65	1.25	0	
65	1.25	0	
65	1.25	0	
65	1.25	0	
65	1.25	0	
65	1.25	0	
65	1.25	0	
65	1.25	0	
65	1.25	0	
65	1.25	0	
65	1.25	0	
65	1.25	0	
65	1.25	0	
65	2.5	0	
65	2.5	0	
65	2.5	0	
65	2.5	0	
65	2.5	0	
65	2.5	0	
65	2.5	0	
65	2.5	0	
65	2.5	0	
65	2.5	0	
65	3.75	-2.5	
65	3.75	-2.5	
65	3.75	-2.5	
65	3.75	-2.5	
65	3.75	-2.5	
65	3.75	-2.5	
65	3.75	-2.5	
65	3.75	-2.5	
65	3.75	-2.5	
65	3.75	-2.5	
65	3.75	-2.5	
65	3.75	-2.5	
65	3.75	-2.5	
65	3.75	-2.5	
65	3.75	-2.5	
65	3.75	-2.5	
65	3.75	-2.5	
65	3.75	-2.5	
65	3.75	-2.5	
65	3.75	-2.5	
65	7.5	-2.5	
65	15	-2.5	
65	21.25	-2.5	
65	27.5	0	
65	56.25	1.25	
65	67.5	1.25	
65	80	3.75	
65	93.75	3.75	
65	107.5	5	
65	107.5	5	
65	165	5	
65	190	7.5	
65	213.75	7.5	
65	235	7.5	
65	277.5	8.75	
65	297.5	8.75	
65	317.5	7.5	
65	347.5	7.5	
65	347.5	7.5	
65	347.5	7.5	
65	347.5	7.5	
65	347.5	7.5	
65	347.5	7.5	
65	347.5	7.5	
66	0	0	
66	0	0	
66	0	0	
66	0	0	
66	0	0	
66	0	0	
66	0	0	
66	0	0	
66	0	0	
66	0	0	
66	0	0	
66	0	0	
66	0	0	
66	0	0	
66	0	0	
66	0	0	
66	0	0	
66	0	0	
66	0	0	
66	0	0	
66	0	0	
66	0	0	
66	0	0	
66	0	0	
66	0	0	
66	0	0	
66	0	0	
66	0	0	
66	0	0	
66	0	0	
66	0	0	
66	0	0	
66	0	0	
66	0	0	
66	0	0	
66	0	0	
66	0	0	
66	1.25	0	
66	6.25	0	
66	12.5	2.5	
66	23.75	3.75	
66	30	3.75	
66	45	6.25	
66	53.75	6.25	
66	73.75	7.5	
66	95	7.5	
66	107.5	7.5	
66	118.75	7.5	
66	146.25	7.5	
66	172.5	7.5	
66	201.25	7.5	
66	216.25	7.5	
66	245	6.25	
66	260	6.25	
66	287.5	3.75	
66	312.5	3.75	
66	326.25	2.5	
66	337.5	2.5	
66	337.5	2.5	
66	337.5	2.5	
66	337.5	2.5	
66	337.5	2.5	
66	337.5	2.5	
66	337.5	2.5	
66	337.5	2.5	
66	337.5	2.5	
66	337.5	2.5	
66	337.5	2.5	
66	337.5	2.5	
66	337.5	2.5	
66	337.5	2.5	
66	337.5	2.5	
66	337.5	2.5	
66	337.5	2.5	
67	0	0	
67	0	0	
67	0	0	
67	0	0	
67	0	0	
67	0	0	
67	0	0	
67	0	0	
67	0	0	
67	0	0	
67	0	0	
67	0	0	
67	1.25	0	
67	5	0	
67	11.25	2.5	
67	16.25	2.5	
67	31.25	3.75	
67	40	3.75	
67	50	6.25	
67	87.5	7.5	
67	117.5	7.5	
67	135	7.5	
67	152.5	7.5	
67	187.5	7.5	
67	223.75	3.75	
67	240	3.75	
67	273.75	0	
67	290	0	
67	305	-1.25	
67	342.5	-5	
67	342.5	-5	
67	342.5	-5	
67	342.5	-5	
67	342.5	-5	
67	342.5	-5	
67	342.5	-5	
67	342.5	-5	
67	342.5	-5	
67	342.5	-5	
67	342.5	-5	
67	342.5	-5	
67	342.5	-5	
67	342.5	-5	
67	342.5	-5	
67	342.5	-5	
67	342.5	-5	
67	342.5	-5	
67	342.5	-5	
67	342.5	-5	
67	342.5	-5	
67	342.5	-5	
67	342.5	-5	
67	342.5	-5	
67	342.5	-5	
67	342.5	-5	
67	342.5	-5	
67	342.5	-5	
67	342.5	-5	
67	342.5	-5	
67	342.5	-5	
67	342.5	-5	
67	342.5	-5	
67	342.5	-5	
67	342.5	-5	
67	342.5	-5	
67	342.5	-5	
67	342.5	-5	
67	342.5	-5	
67	342.5	-5	
67	342.5	-5	
67	342.5	-5	
67	342.5	-5	
67	342.5	-5	
67	342.5	-5	
68	0	0	
68	0	0	
68	0	0	
68	0	0	
68	0	0	
68	0	0	
68	0	0	
68	0	0	
68	0	0	
68	0	0	
68	0	0	
68	0	0	
68	0	0	
68	0	0	
68	1.25	0	
68	6.25	0	
68	10	0	
68	16.25	2.5	
68	22.5	2.5	
68	58.75	3.75	
68	68.75	3.75	
68	80	3.75	
68	92.5	3.75	
68	117.5	3.75	
68	142.5	3.75	
68	168.75	3.75	
68	181.25	3.75	
68	193.75	3.75	
68	205	3.75	
68	247.5	0	
68	257.5	0	
68	266.25	-1.25	
68	275	-3.75	
68	292.5	-3.75	
68	306.25	-3.75	
68	313.75	-3.75	
68	325	-3.75	
68	330	-3.75	
68	333.75	-5	
68	345	-3.75	
68	345	-3.75	
68	345	-3.75	
68	345	-3.75	
68	345	-3.75	
68	345	-3.75	
68	345	-3.75	
68	345	-3.75	
68	345	-3.75	
68	345	-3.75	
68	345	-3.75	
68	345	-3.75	
68	345	-3.75	
68	345	-3.75	
68	345	-3.75	
68	345	-3.75	
68	345	-3.75	
68	345	-3.75	
68	345	-3.75	
68	345	-3.75	
68	345	-3.75	
68	345	-3.75	
68	345	-3.75	
68	345	-3.75	
68	345	-3.75	
68	345	-3.75	
68	345	-3.75	
68	345	-3.75	
68	345	-3.75	
68	345	-3.75	
68	345	-3.75	
68	345	-3.75	
68	345	-3.75	
68	345	-3.75	
68	345	-3.75	
69	0	0	
69	0	0	
69	0	0	
69	0	0	
69	0	0	
69	0	0	
69	0	0	
69	0	0	
69	0	0	
69	0	0	
69	0	0	
69	0	0	
69	0	0	
69	0	0	
69	0	0	
69	0	0	
69	0	0	
69	0	0	
69	0	0	
69	2.5	0	
69	3.75	0	
69	6.25	0	
69	11.25	0	
69	13.75	0	
69	22.5	0	
69	33.75	0	
69	40	0	
69	46.25	0	
69	61.25	0	
69	87.5	-2.5	
69	97.5	-2.5	
69	107.5	-2.5	
69	128.75	-3.75	
69	141.25	-6.25	
69	165	-6.25	
69	188.75	-7.5	
69	201.25	-7.5	
69	212.5	-10	
69	235	-10	
69	268.75	-11.25	
69	278.75	-13.75	
69	288.75	-13.75	
69	305	-13.75	
69	312.5	-13.75	
69	325	-13.75	
69	333.75	-13.75	
69	337.5	-13.75	
69	341.25	-13.75	
69	343.75	-13.75	
69	348.75	-15	
69	348.75	-15	
69	348.75	-15	
69	348.75	-15	
69	348.75	-15	
69	348.75	-15	
69	348.75	-15	
69	348.75	-15	
69	348.75	-15	
69	348.75	-15	
69	348.75	-15	
69	348.75	-15	
69	348.75	-15	
69	348.75	-15	
69	348.75	-15	
69	348.75	-15	
69	348.75	-15	
69	348.75	-15	
69	348.75	-15	
69	348.75	-15	
69	348.75	-15	
69	348.75	-15	
69	348.75	-15	
69	348.75	-15	
69	348.75	-15	
70	0	0	
70	0	0	
70	0	0	
70	0	0	
70	0	0	
70	0	0	
70	0	0	
70	0	0	
70	0	0	
70	0	0	
70	0	0	
70	0	0	
70	0	0	
70	0	0	
70	0	0	
70	1.25	0	
70	1.25	0	
70	3.75	0	
70	7.5	0	
70	17.5	0	
70	23.75	0	
70	35	0	
70	42.5	0	
70	51.25	0	
70	80	-1.25	
70	91.25	-1.25	
70	102.5	-3.75	
70	115	-3.75	
70	140	-3.75	
70	178.75	-7.5	
70	191.25	-7.5	
70	205	-7.5	
70	230	-7.5	
70	242.5	-7.5	
70	277.5	-7.5	
70	288.75	-7.5	
70	300	-7.5	
70	310	-7.5	
70	330	-7.5	
70	347.5	-7.5	
70	347.5	-7.5	
70	347.5	-7.5	
70	347.5	-7.5	
70	347.5	-7.5	
70	347.5	-7.5	
70	347.5	-7.5	
70	347.5	-7.5	
70	347.5	-7.5	
70	347.5	-7.5	
70	347.5	-7.5	
70	347.5	-7.5	
70	347.5	-7.5	
70	347.5	-7.5	
70	347.5	-7.5	
70	347.5	-7.5	
70	347.5	-7.5	
70	347.5	-7.5	
70	347.5	-7.5	
70	347.5	-7.5	
70	347.5	-7.5	
70	347.5	-7.5	
70	347.5	-7.5	
70	347.5	-7.5	
70	347.5	-7.5	
70	347.5	-7.5	
70	347.5	-7.5	
70	347.5	-7.5	
70	347.5	-7.5	
70	347.5	-7.5	
70	347.5	-7.5	
70	347.5	-7.5	
70	347.5	-7.5	
70	347.5	-7.5	
70	347.5	-7.5	
71	0	0	
71	0	0	
71	0	0	
71	0	0	
71	0	0	
71	0	0	
71	0	0	
71	0	0	
71	0	0	
71	0	0	
71	0	0	
71	0	0	
71	0	0	
71	0	0	
71	2.5	2.5	
71	5	2.5	
71	8.75	3.75	
71	11.25	3.75	
71	15	3.75	
71	27.5	6.25	
71	38.75	6.25	
71	43.75	6.25	
71	51.25	7.5	
71	66.25	7.5	
71	83.75	7.5	
71	93.75	7.5	
71	103.75	7.5	
71	122.5	7.5	
71	133.75	11.25	
71	167.5	10	
71	178.75	10	
71	202.5	10	
71	212.5	7.5	
71	225	10	
71	258.75	7.5	
71	270	7.5	
71	281.25	7.5	
71	301.25	7.5	
71	311.25	7.5	
71	337.5	7.5	
71	346.25	7.5	
71	346.25	7.5	
71	346.25	7.5	
71	346.25	7.5	
71	346.25	7.5	
71	346.25	7.5	
71	346.25	7.5	
71	346.25	7.5	
71	346.25	7.5	
71	346.25	7.5	
71	346.25	7.5	
71	346.25	7.5	
71	346.25	7.5	
71	346.25	7.5	
71	346.25	7.5	
71	346.25	7.5	
71	346.25	7.5	
71	346.25	7.5	
71	346.25	7.5	
71	346.25	7.5	
71	346.25	7.5	
71	346.25	7.5	
71	346.25	7.5	
71	346.25	7.5	
71	346.25	7.5	
71	346.25	7.5	
71	346.25	7.5	
71	346.25	7.5	
71	346.25	7.5	
71	346.25	7.5	
71	346.25	7.5	
71	346.25	7.5	
71	346.25	7.5	
71	346.25	7.5	
72	0	0	
72	0	0	
72	0	0	
72	0	0	
72	0	0	
72	0	0	
72	0	0	
72	0	0	
72	0	0	
72	0	0	
72	0	0	
72	0	0	
72	0	0	
72	0	0	
72	0	0	
72	0	0	
72	0	0	
72	1.25	0	
72	3.75	0	
72	13.75	2.5	
72	18.75	2.5	
72	25	2.5	
72	38.75	0	
72	47.5	0	
72	66.25	0	
72	88.75	0	
72	100	0	
72	112.5	-1.25	
72	138.75	-1.25	
72	180	-1.25	
72	193.75	-1.25	
72	207.5	-1.25	
72	235	-1.25	
72	247.5	-1.25	
72	273.75	-1.25	
72	297.5	-1.25	
72	308.75	-1.25	
72	320	-1.25	
72	338.75	-1.25	
72	347.5	-1.25	
72	347.5	-1.25	
72	347.5	-1.25	
72	347.5	-1.25	
72	347.5	-1.25	
72	347.5	-1.25	
72	347.5	-1.25	
72	347.5	-1.25	
72	347.5	-1.25	
72	347.5	-1.25	
72	347.5	-1.25	
72	347.5	-1.25	
72	347.5	-1.25	
72	347.5	-1.25	
72	347.5	-1.25	
72	347.5	-1.25	
72	347.5	-1.25	
72	347.5	-1.25	
72	347.5	-1.25	
72	347.5	-1.25	
72	347.5	-1.25	
72	347.5	-1.25	
72	347.5	-1.25	
72	347.5	-1.25	
72	347.5	-1.25	
72	347.5	-1.25	
72	347.5	-1.25	
72	347.5	-1.25	
72	347.5	-1.25	
72	347.5	-1.25	
72	347.5	-1.25	
72	347.5	-1.25	
72	347.5	-1.25	
72	347.5	-1.25	
72	347.5	-1.25	
73	0	0	
73	0	0	
73	0	0	
73	0	0	
73	0	0	
73	0	0	
73	0	0	
73	0	0	
73	0	0	
73	0	0	
73	0	0	
73	0	0	
73	0	0	
73	0	0	
73	0	0	
73	0	0	
73	0	0	
73	0	0	
73	0	0	
73	0	0	
73	0	0	
73	0	0	
73	0	0	
73	0	0	
73	0	0	
73	0	0	
73	0	0	
73	0	0	
73	0	0	
73	0	0	
73	0	0	
73	0	0	
73	0	0	
73	0	0	
73	0	0	
73	0	0	
73	0	0	
73	0	0	
73	0	0	
73	0	0	
73	1.25	0	
73	2.5	0	
73	3.75	0	
73	7.5	0	
73	22.5	2.5	
73	31.25	3.75	
73	41.25	3.75	
73	65	3.75	
73	65	3.75	
73	126.25	3.75	
73	147.5	3.75	
73	188.75	2.5	
73	210	0	
73	231.25	0	
73	286.25	-3.75	
73	301.25	-3.75	
73	315	-5	
73	338.75	-7.5	
73	348.75	-7.5	
73	348.75	-7.5	
73	348.75	-7.5	
73	348.75	-7.5	
73	348.75	-7.5	
73	348.75	-7.5	
73	348.75	-7.5	
73	348.75	-7.5	
73	348.75	-7.5	
73	348.75	-7.5	
73	348.75	-7.5	
73	348.75	-7.5	
73	348.75	-7.5	
73	348.75	-7.5	
73	348.75	-7.5	
73	348.75	-7.5	
74	0	0	
74	0	0	
74	0	0	
74	0	0	
74	0	0	
74	0	0	
74	0	0	
74	0	0	
74	0	0	
74	0	0	
74	0	0	
74	0	0	
74	0	0	
74	0	0	
74	0	0	
74	0	0	
74	0	0	
74	0	0	
74	0	0	
74	0	0	
74	0	0	
74	0	0	
74	0	0	
74	0	0	
74	0	0	
74	0	0	
74	0	0	
74	0	0	
74	0	0	
74	0	0	
74	0	0	
74	0	0	
74	0	0	
74	0	0	
74	1.25	0	
74	1.25	1.25	
74	2.5	1.25	
74	8.75	3.75	
74	17.5	5	
74	27.5	7.5	
74	35	7.5	
74	50	8.75	
74	58.75	8.75	
74	68.75	8.75	
74	91.25	11.25	
74	105	11.25	
74	105	11.25	
74	142.5	12.5	
74	177.5	15	
74	210	15	
74	225	15	
74	242.5	15	
74	260	12.5	
74	276.25	12.5	
74	315	8.75	
74	326.25	7.5	
74	335	5	
74	343.75	5	
74	343.75	5	
74	343.75	5	
74	343.75	5	
74	343.75	5	
74	343.75	5	
74	343.75	5	
74	343.75	5	
74	343.75	5	
74	343.75	5	
74	343.75	5	
74	343.75	5	
74	343.75	5	
74	343.75	5	
74	343.75	5	
74	343.75	5	
74	343.75	5	
75	0	0	
75	0	0	
75	0	0	
75	0	0	
75	0	0	
75	0	0	
75	0	0	
75	0	0	
75	0	0	
75	0	0	
75	0	0	
75	0	0	
75	0	0	
75	0	0	
75	0	0	
75	0	0	
75	0	0	
75	0	0	
75	0	0	
75	3.75	0	
75	5	0	
75	7.5	0	
75	13.75	-2.5	
75	17.5	-2.5	
75	28.75	-2.5	
75	41.25	-2.5	
75	48.75	-2.5	
75	56.25	-2.5	
75	72.5	-2.5	
75	101.25	-2.5	
75	111.25	-2.5	
75	122.5	-2.5	
75	145	-2.5	
75	157.5	-2.5	
75	182.5	-2.5	
75	207.5	-2.5	
75	221.25	-2.5	
75	235	-2.5	
75	261.25	-2.5	
75	296.25	-2.5	
75	307.5	-2.5	
75	317.5	-2.5	
75	328.75	-3.75	
75	346.25	-6.25	
75	346.25	-6.25	
75	346.25	-6.25	
75	346.25	-6.25	
75	346.25	-6.25	
75	346.25	-6.25	
75	346.25	-6.25	
75	346.25	-6.25	
75	346.25	-6.25	
75	346.25	-6.25	
75	346.25	-6.25	
75	346.25	-6.25	
75	346.25	-6.25	
75	346.25	-6.25	
75	346.25	-6.25	
75	346.25	-6.25	
75	346.25	-6.25	
75	346.25	-6.25	
75	346.25	-6.25	
75	346.25	-6.25	
75	346.25	-6.25	
75	346.25	-6.25	
75	346.25	-6.25	
75	346.25	-6.25	
75	346.25	-6.25	
75	346.25	-6.25	
75	346.25	-6.25	
75	346.25	-6.25	
75	346.25	-6.25	
75	346.25	-6.25	
75	346.25	-6.25	
76	0	0	
76	0	0	
76	0	0	
76	0	0	
76	0	0	
76	0	0	
76	0	0	
76	0	0	
76	0	0	
76	0	0	
76	0	0	
76	0	0	
76	0	0	
76	0	0	
76	0	0	
76	0	0	
76	0	0	
76	0	0	
76	0	0	
76	-13.75	0	
76	-13.75	0	
76	-13.75	0	
76	-13.75	0	
76	-13.75	0	
76	-13.75	0	
76	-13.75	0	
76	-13.75	0	
76	-13.75	0	
76	46.25	3.75	
76	73.75	3.75	
76	83.75	6.25	
76	93.75	6.25	
76	113.75	6.25	
76	123.75	6.25	
76	153.75	6.25	
76	163.75	6.25	
76	175	6.25	
76	185	6.25	
76	205	6.25	
76	232.5	6.25	
76	241.25	7.5	
76	248.75	7.5	
76	263.75	7.5	
76	271.25	7.5	
76	292.5	7.5	
76	297.5	7.5	
76	303.75	7.5	
76	308.75	7.5	
76	316.25	7.5	
76	327.5	7.5	
76	331.25	7.5	
76	333.75	7.5	
76	337.5	7.5	
76	340	7.5	
76	343.75	7.5	
76	347.5	6.25	
76	348.75	6.25	
76	348.75	6.25	
76	348.75	6.25	
76	348.75	6.25	
76	348.75	6.25	
76	348.75	6.25	
76	348.75	6.25	
76	348.75	6.25	
76	348.75	6.25	
76	348.75	6.25	
76	348.75	6.25	
76	348.75	6.25	
76	348.75	6.25	
76	348.75	6.25	
76	348.75	6.25	
76	348.75	6.25	
76	348.75	6.25	
76	348.75	6.25	
77	0	0	
77	0	0	
77	0	0	
77	0	0	
77	0	0	
77	0	0	
77	0	0	
77	0	0	
77	0	0	
77	0	0	
77	0	0	
77	0	0	
77	0	0	
77	0	0	
77	0	0	
77	0	0	
77	0	0	
77	0	0	
77	0	0	
77	0	0	
77	0	0	
77	0	0	
77	1.25	0	
77	3.75	0	
77	10	1.25	
77	13.75	1.25	
77	23.75	1.25	
77	30	1.25	
77	45	3.75	
77	63.75	3.75	
77	82.5	5	
77	93.75	5	
77	105	5	
77	127.5	5	
77	151.25	5	
77	165	5	
77	187.5	5	
77	198.75	3.75	
77	220	1.25	
77	238.75	0	
77	256.25	-2.5	
77	265	-2.5	
77	271.25	-3.75	
77	283.75	-6.25	
77	295	-6.25	
77	300	-6.25	
77	307.5	-7.5	
77	311.25	-7.5	
77	317.5	-10	
77	322.5	-7.5	
77	326.25	-10	
77	328.75	-10	
77	330	-10	
77	332.5	-10	
77	336.25	-10	
77	336.25	-10	
77	338.75	-10	
77	340	-10	
77	343.75	-7.5	
77	346.25	-7.5	
77	346.25	-7.5	
77	346.25	-7.5	
77	346.25	-7.5	
77	346.25	-7.5	
77	346.25	-7.5	
77	346.25	-7.5	
77	346.25	-7.5	
77	346.25	-7.5	
77	346.25	-7.5	
77	346.25	-7.5	
77	346.25	-7.5	
77	346.25	-7.5	
77	346.25	-7.5	
77	346.25	-7.5	
78	0	0	
78	0	0	
78	0	0	
78	0	0	
78	0	0	
78	0	0	
78	0	0	
78	0	0	
78	0	0	
78	0	0	
78	0	0	
78	0	0	
78	0	0	
78	0	0	
78	0	0	
78	0	0	
78	0	0	
78	0	0	
78	0	0	
78	1.25	-2.5	
78	3.75	-2.5	
78	8.75	-2.5	
78	12.5	-2.5	
78	15	-2.5	
78	31.25	0	
78	36.25	0	
78	43.75	0	
78	58.75	1.25	
78	76.25	1.25	
78	93.75	1.25	
78	102.5	3.75	
78	116.25	5	
78	116.25	5	
78	145	7.5	
78	170	7.5	
78	182.5	8.75	
78	206.25	8.75	
78	227.5	11.25	
78	237.5	11.25	
78	256.25	11.25	
78	272.5	12.5	
78	281.25	12.5	
78	288.75	12.5	
78	302.5	12.5	
78	315	11.25	
78	318.75	11.25	
78	327.5	11.25	
78	333.75	11.25	
78	336.25	11.25	
78	340	11.25	
78	343.75	11.25	
78	343.75	11.25	
78	345	11.25	
78	346.25	11.25	
78	346.25	11.25	
78	346.25	11.25	
78	346.25	11.25	
78	346.25	11.25	
78	346.25	11.25	
78	346.25	11.25	
78	346.25	11.25	
78	346.25	11.25	
78	346.25	11.25	
78	346.25	11.25	
78	346.25	11.25	
78	346.25	11.25	
78	346.25	11.25	
78	346.25	11.25	
78	346.25	11.25	
78	347.5	11.25	
78	347.5	11.25	
78	347.5	11.25	
78	347.5	11.25	
78	347.5	11.25	
79	0	0	
79	0	0	
79	0	0	
79	0	0	
79	0	0	
79	0	0	
79	0	0	
79	0	0	
79	0	0	
79	0	0	
79	0	0	
79	0	0	
79	0	0	
79	0	0	
79	0	0	
79	0	0	
79	0	0	
79	0	0	
79	0	0	
79	0	0	
79	0	0	
79	0	-2.5	
79	0	-2.5	
79	1.25	-2.5	
79	5	-2.5	
79	11.25	-2.5	
79	16.25	-2.5	
79	30	-2.5	
79	40	-2.5	
79	75	1.25	
79	90	1.25	
79	90	1.25	
79	110	1.25	
79	147.5	5	
79	185	5	
79	202.5	7.5	
79	217.5	7.5	
79	243.75	8.75	
79	266.25	8.75	
79	283.75	8.75	
79	291.25	8.75	
79	303.75	8.75	
79	308.75	8.75	
79	312.5	8.75	
79	322.5	11.25	
79	325	8.75	
79	326.25	8.75	
79	328.75	8.75	
79	330	8.75	
79	331.25	8.75	
79	331.25	8.75	
79	332.5	8.75	
79	332.5	8.75	
79	332.5	8.75	
79	335	8.75	
79	336.25	8.75	
79	336.25	8.75	
79	337.5	8.75	
79	337.5	8.75	
79	337.5	8.75	
79	337.5	8.75	
79	338.75	8.75	
79	338.75	8.75	
79	338.75	8.75	
79	338.75	8.75	
79	338.75	8.75	
79	338.75	8.75	
79	338.75	8.75	
79	338.75	8.75	
79	338.75	8.75	
79	338.75	8.75	
79	338.75	8.75	
79	338.75	8.75	
79	338.75	8.75	
80	0	0	
80	0	0	
80	0	0	
80	0	0	
80	0	0	
80	0	0	
80	0	0	
80	0	0	
80	0	0	
80	0	0	
80	0	0	
80	0	0	
80	0	0	
80	0	0	
80	0	0	
80	0	0	
80	0	0	
80	0	0	
80	0	0	
80	12.5	2.5	
80	22.5	2.5	
80	22.5	2.5	
80	33.75	2.5	
80	58.75	6.25	
80	86.25	8.75	
80	101.25	10	
80	131.25	10	
80	163.75	12.5	
80	180	13.75	
80	228.75	13.75	
80	245	13.75	
80	260	13.75	
80	273.75	12.5	
80	300	12.5	
80	322.5	10	
80	332.5	10	
80	332.5	10	
80	332.5	10	
80	332.5	10	
80	332.5	10	
80	332.5	10	
80	332.5	10	
80	332.5	10	
80	332.5	10	
80	332.5	10	
80	332.5	10	
80	332.5	10	
80	332.5	10	
80	332.5	10	
80	332.5	10	
80	332.5	10	
80	332.5	10	
80	332.5	10	
80	332.5	10	
80	332.5	10	
80	332.5	10	
80	332.5	10	
80	332.5	10	
80	332.5	10	
80	332.5	10	
80	332.5	10	
80	332.5	10	
80	332.5	10	
80	332.5	10	
80	332.5	10	
80	332.5	10	
80	332.5	10	
80	332.5	10	
80	332.5	10	
80	332.5	10	
80	332.5	10	
80	332.5	10	
80	332.5	10	
80	332.5	10	
81	0	0	
81	0	0	
81	0	0	
81	0	0	
81	0	0	
81	0	0	
81	0	0	
81	0	0	
81	0	0	
81	0	0	
81	0	0	
81	0	0	
81	0	0	
81	0	0	
81	0	0	
81	0	0	
81	0	0	
81	0	0	
81	5	2.5	
81	15	3.75	
81	22.5	6.25	
81	41.25	7.5	
81	52.5	11.25	
81	65	11.25	
81	110	15	
81	126.25	15	
81	143.75	15	
81	177.5	15	
81	212.5	15	
81	245	15	
81	261.25	13.75	
81	291.25	11.25	
81	305	11.25	
81	317.5	10	
81	328.75	7.5	
81	328.75	7.5	
81	328.75	7.5	
81	328.75	7.5	
81	328.75	7.5	
81	328.75	7.5	
81	328.75	7.5	
81	328.75	7.5	
81	328.75	7.5	
81	328.75	7.5	
81	328.75	7.5	
81	328.75	7.5	
81	328.75	7.5	
81	328.75	7.5	
81	328.75	7.5	
81	328.75	7.5	
81	328.75	7.5	
81	328.75	7.5	
81	328.75	7.5	
81	328.75	7.5	
81	328.75	7.5	
81	328.75	7.5	
81	328.75	7.5	
81	328.75	7.5	
81	328.75	7.5	
81	328.75	7.5	
81	328.75	7.5	
81	328.75	7.5	
81	328.75	7.5	
81	328.75	7.5	
81	328.75	7.5	
81	328.75	7.5	
81	328.75	7.5	
81	328.75	7.5	
81	328.75	7.5	
81	328.75	7.5	
81	328.75	7.5	
81	328.75	7.5	
81	328.75	7.5	
81	328.75	7.5	
82	0	0	
82	0	0	
82	0	0	
82	0	0	
82	0	0	
82	0	0	
82	0	0	
82	0	0	
82	0	0	
82	0	0	
82	0	0	
82	0	0	
82	0	0	
82	0	0	
82	0	0	
82	0	0	
82	0	0	
82	0	0	
82	2.5	1.25	
82	13.75	3.75	
82	21.25	5	
82	28.75	5	
82	48.75	7.5	
82	61.25	8.75	
82	87.5	8.75	
82	101.25	8.75	
82	140	8.75	
82	157.5	8.75	
82	175	8.75	
82	225	7.5	
82	241.25	5	
82	256.25	5	
82	283.75	5	
82	296.25	3.75	
82	320	1.25	
82	341.25	1.25	
82	341.25	1.25	
82	341.25	1.25	
82	341.25	1.25	
82	341.25	1.25	
82	341.25	1.25	
82	341.25	1.25	
82	341.25	1.25	
82	341.25	1.25	
82	341.25	1.25	
82	341.25	1.25	
82	341.25	1.25	
82	341.25	1.25	
82	341.25	1.25	
82	341.25	1.25	
82	341.25	1.25	
82	341.25	1.25	
82	341.25	1.25	
82	341.25	1.25	
82	341.25	1.25	
82	341.25	1.25	
82	341.25	1.25	
82	341.25	1.25	
82	341.25	1.25	
82	341.25	1.25	
82	341.25	1.25	
82	341.25	1.25	
82	341.25	1.25	
82	341.25	1.25	
82	341.25	1.25	
82	341.25	1.25	
82	341.25	1.25	
82	341.25	1.25	
82	341.25	1.25	
82	341.25	1.25	
82	341.25	1.25	
82	341.25	1.25	
82	341.25	1.25	
82	341.25	1.25	
83	0	0	
83	0	0	
83	0	0	
83	0	0	
83	0	0	
83	0	0	
83	0	0	
83	0	0	
83	0	0	
83	0	0	
83	0	0	
83	0	0	
83	0	0	
83	0	0	
83	0	0	
83	0	0	
83	0	0	
83	0	0	
83	0	0	
83	3.75	0	
83	6.25	0	
83	10	0	
83	21.25	0	
83	27.5	0	
83	58.75	0	
83	71.25	0	
83	86.25	0	
83	106.25	0	
83	126.25	0	
83	187.5	-3.75	
83	206.25	-3.75	
83	225	-3.75	
83	262.5	-7.5	
83	278.75	-7.5	
83	310	-11.25	
83	336.25	-11.25	
83	336.25	-11.25	
83	336.25	-11.25	
83	336.25	-11.25	
83	336.25	-11.25	
83	336.25	-11.25	
83	336.25	-11.25	
83	336.25	-11.25	
83	336.25	-11.25	
83	336.25	-11.25	
83	336.25	-11.25	
83	336.25	-11.25	
83	336.25	-11.25	
83	336.25	-11.25	
83	336.25	-11.25	
83	336.25	-11.25	
83	336.25	-11.25	
83	336.25	-11.25	
83	336.25	-11.25	
83	336.25	-11.25	
83	336.25	-11.25	
83	336.25	-11.25	
83	336.25	-11.25	
83	336.25	-11.25	
83	336.25	-11.25	
83	336.25	-11.25	
83	336.25	-11.25	
83	336.25	-11.25	
83	336.25	-11.25	
83	336.25	-11.25	
83	336.25	-11.25	
83	336.25	-11.25	
83	336.25	-11.25	
83	336.25	-11.25	
83	336.25	-11.25	
83	336.25	-11.25	
83	336.25	-11.25	
83	336.25	-11.25	
83	336.25	-11.25	
84	0	0	
84	-1.25	0	
84	-3.75	0	
84	-7.5	0	
84	-11.25	0	
84	-15	0	
84	-16.25	0	
84	-18.75	0	
84	-20	0	
84	-23.75	0	
84	-23.75	0	
84	-23.75	0	
84	-23.75	0	
84	-25	0	
84	-25	0	
84	-25	0	
84	-25	0	
84	-25	0	
84	-25	0	
84	-25	0	
84	-25	0	
84	-25	0	
84	-25	0	
84	-25	0	
84	-25	0	
84	-25	0	
84	-25	0	
84	-25	0	
84	-25	0	
84	-25	0	
84	-25	0	
84	-25	0	
84	-25	0	
84	-25	0	
84	-25	0	
84	-25	0	
84	-25	0	
84	-25	0	
84	-25	0	
84	-25	0	
84	-25	0	
84	-25	0	
84	-25	0	
84	-25	0	
84	-25	0	
84	-25	0	
84	-25	0	
84	-25	0	
84	-25	0	
84	-25	0	
84	-25	0	
84	-25	0	
84	-25	0	
84	-25	0	
84	-25	0	
84	-25	0	
84	-25	0	
84	-25	0	
84	-25	0	
84	-25	0	
84	-25	0	
84	-25	0	
84	-25	0	
84	-25	0	
84	-25	0	
84	-25	0	
84	-25	0	
84	-25	0	
84	-25	0	
84	-25	0	
84	-25	0	
84	-25	0	
84	-25	0	
84	-25	0	
85	0	0	
85	0	0	
85	0	0	
85	0	0	
85	0	0	
85	0	0	
85	0	0	
85	0	0	
85	0	0	
85	0	0	
85	0	0	
85	0	0	
85	0	0	
85	0	0	
85	0	0	
85	0	0	
85	0	0	
85	0	0	
85	0	0	
85	0	0	
85	0	0	
85	0	0	
85	0	0	
85	0	0	
85	0	0	
85	0	0	
85	0	0	
85	0	0	
85	0	0	
85	0	0	
85	0	0	
85	0	0	
85	1.25	0	
85	2.5	0	
85	5	0	
85	12.5	0	
85	21.25	0	
85	28.75	0	
85	36.25	0	
85	67.5	0	
85	80	0	
85	92.5	0	
85	120	1.25	
85	135	1.25	
85	155	1.25	
85	191.25	0	
85	225	0	
85	241.25	0	
85	241.25	0	
85	292.5	-2.5	
85	306.25	-2.5	
85	320	-2.5	
85	341.25	-3.75	
85	341.25	-3.75	
85	341.25	-3.75	
85	341.25	-3.75	
85	341.25	-3.75	
85	341.25	-3.75	
85	341.25	-3.75	
85	341.25	-3.75	
85	341.25	-3.75	
85	341.25	-3.75	
85	341.25	-3.75	
85	341.25	-3.75	
85	341.25	-3.75	
85	341.25	-3.75	
85	341.25	-3.75	
85	341.25	-3.75	
85	341.25	-3.75	
85	341.25	-3.75	
85	341.25	-3.75	
85	341.25	-3.75	
85	341.25	-3.75	
85	341.25	-3.75	
86	0	0	
86	0	0	
86	0	0	
86	0	0	
86	0	0	
86	0	0	
86	0	0	
86	0	0	
86	0	0	
86	0	0	
86	0	0	
86	0	0	
86	0	0	
86	0	0	
86	0	0	
86	0	0	
86	0	0	
86	0	0	
86	0	0	
86	0	0	
86	1.25	0	
86	3.75	0	
86	7.5	-1.25	
86	17.5	-1.25	
86	32.5	0	
86	52.5	0	
86	63.75	0	
86	90	-1.25	
86	105	-1.25	
86	151.25	-3.75	
86	167.5	-5	
86	183.75	-7.5	
86	200	-8.75	
86	231.25	-12.5	
86	260	-16.25	
86	287.5	-20	
86	300	-22.5	
86	323.75	-23.75	
86	335	-26.25	
86	343.75	-26.25	
86	343.75	-26.25	
86	343.75	-26.25	
86	343.75	-26.25	
86	343.75	-26.25	
86	343.75	-26.25	
86	343.75	-26.25	
86	343.75	-26.25	
86	343.75	-26.25	
86	343.75	-26.25	
86	343.75	-26.25	
86	343.75	-26.25	
86	343.75	-26.25	
86	343.75	-26.25	
86	343.75	-26.25	
86	343.75	-26.25	
86	343.75	-26.25	
86	343.75	-26.25	
86	343.75	-26.25	
86	343.75	-26.25	
86	343.75	-26.25	
86	343.75	-26.25	
86	343.75	-26.25	
86	343.75	-26.25	
86	343.75	-26.25	
86	343.75	-26.25	
86	343.75	-26.25	
86	343.75	-26.25	
86	343.75	-26.25	
86	343.75	-26.25	
86	343.75	-26.25	
86	343.75	-26.25	
86	343.75	-26.25	
86	343.75	-26.25	
86	343.75	-26.25	
87	0	0	
87	0	0	
87	0	0	
87	0	0	
87	0	0	
87	0	0	
87	0	0	
87	0	0	
87	0	0	
87	0	0	
87	0	0	
87	0	0	
87	0	0	
87	0	0	
87	0	0	
87	0	0	
87	0	0	
87	0	0	
87	1.25	0	
87	3.75	0	
87	6.25	0	
87	11.25	-2.5	
87	13.75	-2.5	
87	17.5	-2.5	
87	30	-2.5	
87	36.25	-2.5	
87	43.75	-2.5	
87	50	-2.5	
87	58.75	-2.5	
87	76.25	-3.75	
87	85	-3.75	
87	95	-3.75	
87	103.75	-3.75	
87	113.75	-2.5	
87	140	-2.5	
87	158.75	-2.5	
87	168.75	-2.5	
87	178.75	-2.5	
87	197.5	-2.5	
87	217.5	-2.5	
87	236.25	-2.5	
87	246.25	-2.5	
87	255	-2.5	
87	263.75	-2.5	
87	290	-2.5	
87	306.25	-2.5	
87	313.75	-2.5	
87	321.25	-2.5	
87	336.25	-2.5	
87	348.75	-2.5	
87	348.75	-2.5	
87	348.75	-2.5	
87	348.75	-2.5	
87	348.75	-2.5	
87	348.75	-2.5	
87	348.75	-2.5	
87	348.75	-2.5	
87	348.75	-2.5	
87	348.75	-2.5	
87	348.75	-2.5	
87	348.75	-2.5	
87	348.75	-2.5	
87	348.75	-2.5	
87	348.75	-2.5	
87	348.75	-2.5	
87	348.75	-2.5	
87	348.75	-2.5	
87	348.75	-2.5	
87	348.75	-2.5	
87	348.75	-2.5	
87	348.75	-2.5	
87	348.75	-2.5	
87	348.75	-2.5	
87	348.75	-2.5	
88	0	0	
88	0	0	
88	0	0	
88	0	0	
88	0	0	
88	0	0	
88	0	0	
88	0	0	
88	0	0	
88	0	0	
88	0	0	
88	0	0	
88	0	0	
88	0	0	
88	0	0	
88	0	0	
88	0	0	
88	0	0	
88	0	0	
88	0	0	
88	0	0	
88	2.5	0	
88	3.75	0	
88	6.25	0	
88	12.5	0	
88	20	2.5	
88	23.75	2.5	
88	28.75	3.75	
88	33.75	3.75	
88	50	3.75	
88	56.25	3.75	
88	70	3.75	
88	77.5	3.75	
88	85	3.75	
88	110	3.75	
88	128.75	3.75	
88	137.5	3.75	
88	146.25	3.75	
88	156.25	3.75	
88	185	3.75	
88	195	3.75	
88	213.75	3.75	
88	225	3.75	
88	235	6.25	
88	263.75	3.75	
88	283.75	3.75	
88	292.5	3.75	
88	302.5	3.75	
88	311.25	3.75	
88	336.25	2.5	
88	345	2.5	
88	345	2.5	
88	345	2.5	
88	345	2.5	
88	345	2.5	
88	345	2.5	
88	345	2.5	
88	345	2.5	
88	345	2.5	
88	345	2.5	
88	345	2.5	
88	345	2.5	
88	345	2.5	
88	345	2.5	
88	345	2.5	
88	345	2.5	
88	345	2.5	
88	345	2.5	
88	345	2.5	
88	345	2.5	
88	345	2.5	
88	345	2.5	
88	345	2.5	
88	345	2.5	
89	0	0	
89	1.25	-6.25	
89	3.75	-10	
89	5	-13.75	
89	6.25	-17.5	
89	6.25	-18.75	
89	7.5	-22.5	
89	7.5	-22.5	
89	7.5	-22.5	
89	7.5	-22.5	
89	7.5	-22.5	
89	7.5	-22.5	
89	7.5	-22.5	
89	7.5	-22.5	
89	7.5	-22.5	
89	7.5	-22.5	
89	7.5	-22.5	
89	7.5	-18.75	
89	7.5	-18.75	
89	6.25	-17.5	
89	6.25	-17.5	
89	6.25	-17.5	
89	6.25	-15	
89	10	-10	
89	16.25	-6.25	
89	21.25	-2.5	
89	32.5	5	
89	40	7.5	
89	48.75	8.75	
89	77.5	15	
89	90	16.25	
89	103.75	18.75	
89	103.75	18.75	
89	121.25	18.75	
89	151.25	16.25	
89	173.75	12.5	
89	183.75	12.5	
89	193.75	11.25	
89	202.5	8.75	
89	232.5	7.5	
89	238.75	7.5	
89	245	5	
89	251.25	5	
89	262.5	5	
89	273.75	3.75	
89	283.75	3.75	
89	287.5	3.75	
89	291.25	1.25	
89	295	1.25	
89	310	1.25	
89	312.5	1.25	
89	315	1.25	
89	317.5	1.25	
89	322.5	1.25	
89	327.5	3.75	
89	331.25	3.75	
89	332.5	5	
89	335	5	
89	336.25	5	
89	338.75	5	
89	338.75	5	
89	340	5	
89	340	5	
89	340	5	
89	341.25	5	
89	341.25	5	
89	341.25	5	
89	341.25	5	
89	341.25	5	
89	341.25	5	
89	341.25	5	
89	341.25	5	
89	341.25	5	
89	341.25	5	
90	0	0	
90	0	0	
90	0	0	
90	0	0	
90	0	0	
90	0	0	
90	0	0	
90	0	0	
90	0	0	
90	0	0	
90	0	0	
90	0	0	
90	0	0	
90	0	0	
90	0	0	
90	0	0	
90	0	0	
90	0	0	
90	0	0	
90	0	0	
90	0	0	
90	0	0	
90	0	0	
90	1.25	0	
90	8.75	3.75	
90	12.5	3.75	
90	22.5	7.5	
90	28.75	7.5	
90	36.25	10	
90	47.5	11.25	
90	61.25	11.25	
90	75	11.25	
90	90	11.25	
90	105	11.25	
90	143.75	10	
90	156.25	7.5	
90	167.5	7.5	
90	178.75	7.5	
90	198.75	6.25	
90	227.5	2.5	
90	236.25	0	
90	243.75	0	
90	258.75	0	
90	266.25	-1.25	
90	283.75	-3.75	
90	288.75	-3.75	
90	295	-3.75	
90	298.75	-3.75	
90	307.5	-5	
90	316.25	-5	
90	320	-5	
90	322.5	-5	
90	326.25	-7.5	
90	327.5	-5	
90	332.5	-5	
90	332.5	-5	
90	333.75	-5	
90	335	-5	
90	337.5	-5	
90	338.75	-5	
90	340	-5	
90	340	-5	
90	340	-5	
90	341.25	-5	
90	341.25	-5	
90	341.25	-5	
90	341.25	-5	
90	341.25	-5	
90	341.25	-5	
90	341.25	-5	
90	341.25	-5	
90	341.25	-5	
90	341.25	-5	
90	341.25	-5	
91	0	0	
91	0	0	
91	0	0	
91	0	0	
91	0	0	
91	0	0	
91	0	0	
91	0	0	
91	0	0	
91	0	0	
91	0	0	
91	0	0	
91	0	0	
91	0	0	
91	2.5	1.25	
91	3.75	1.25	
91	7.5	1.25	
91	11.25	1.25	
91	16.25	0	
91	31.25	0	
91	40	0	
91	51.25	0	
91	51.25	0	
91	65	0	
91	95	1.25	
91	111.25	1.25	
91	128.75	1.25	
91	128.75	1.25	
91	163.75	1.25	
91	197.5	1.25	
91	197.5	1.25	
91	231.25	3.75	
91	246.25	3.75	
91	260	5	
91	292.5	5	
91	301.25	5	
91	310	5	
91	323.75	5	
91	333.75	7.5	
91	340	7.5	
91	342.5	7.5	
91	346.25	7.5	
91	347.5	7.5	
91	347.5	7.5	
91	348.75	7.5	
91	348.75	7.5	
91	348.75	7.5	
91	348.75	7.5	
91	348.75	7.5	
91	348.75	7.5	
91	348.75	7.5	
91	348.75	7.5	
91	348.75	7.5	
91	348.75	7.5	
91	348.75	7.5	
91	348.75	7.5	
91	348.75	7.5	
91	348.75	7.5	
91	348.75	7.5	
91	348.75	7.5	
91	348.75	7.5	
91	348.75	7.5	
91	348.75	7.5	
91	348.75	7.5	
91	348.75	7.5	
91	348.75	7.5	
91	348.75	7.5	
91	348.75	7.5	
91	348.75	7.5	
91	348.75	7.5	
91	348.75	7.5	
91	348.75	7.5	
91	348.75	7.5	
91	348.75	7.5	
92	0	0	
92	0	0	
92	0	0	
92	0	0	
92	0	0	
92	0	0	
92	0	0	
92	0	0	
92	0	0	
92	0	0	
92	0	0	
92	0	0	
92	0	0	
92	0	0	
92	0	0	
92	1.25	0	
92	2.5	0	
92	5	2.5	
92	12.5	3.75	
92	28.75	3.75	
92	35	3.75	
92	42.5	3.75	
92	62.5	3.75	
92	73.75	3.75	
92	97.5	2.5	
92	123.75	0	
92	136.25	0	
92	150	0	
92	177.5	-3.75	
92	216.25	-5	
92	227.5	-7.5	
92	241.25	-7.5	
92	241.25	-7.5	
92	255	-8.75	
92	280	-11.25	
92	288.75	-11.25	
92	297.5	-11.25	
92	303.75	-11.25	
92	315	-11.25	
92	322.5	-11.25	
92	323.75	-11.25	
92	325	-11.25	
92	326.25	-11.25	
92	326.25	-11.25	
92	326.25	-11.25	
92	326.25	-11.25	
92	326.25	-11.25	
92	327.5	-11.25	
92	327.5	-11.25	
92	327.5	-11.25	
92	327.5	-11.25	
92	327.5	-11.25	
92	328.75	-11.25	
92	328.75	-11.25	
92	328.75	-11.25	
92	330	-11.25	
92	330	-11.25	
92	330	-11.25	
92	331.25	-8.75	
92	331.25	-8.75	
92	331.25	-8.75	
92	331.25	-8.75	
92	331.25	-8.75	
92	331.25	-8.75	
92	331.25	-8.75	
92	331.25	-8.75	
92	331.25	-8.75	
92	331.25	-8.75	
92	331.25	-8.75	
92	331.25	-8.75	
92	331.25	-8.75	
92	331.25	-8.75	
92	331.25	-8.75	
92	331.25	-8.75	
93	0	0	
93	0	0	
93	0	0	
93	0	0	
93	0	0	
93	0	0	
93	0	0	
93	0	0	
93	0	0	
93	0	0	
93	0	0	
93	0	0	
93	0	0	
93	0	0	
93	0	0	
93	0	0	
93	0	0	
93	0	0	
93	0	0	
93	0	0	
93	0	0	
93	0	0	
93	1.25	0	
93	2.5	-2.5	
93	6.25	-2.5	
93	7.5	-2.5	
93	8.75	-2.5	
93	11.25	-2.5	
93	16.25	-2.5	
93	20	-3.75	
93	20	-3.75	
93	20	-3.75	
93	20	-3.75	
93	20	-3.75	
93	20	-3.75	
93	20	-3.75	
93	20	-3.75	
93	20	-3.75	
93	20	-3.75	
93	97.5	-3.75	
93	105	-2.5	
93	112.5	-2.5	
93	126.25	0	
93	133.75	0	
93	153.75	1.25	
93	160	1.25	
93	166.25	1.25	
93	172.5	3.75	
93	185	5	
93	201.25	5	
93	206.25	5	
93	211.25	5	
93	221.25	5	
93	225	5	
93	232.5	5	
93	240	3.75	
93	243.75	1.25	
93	246.25	1.25	
93	253.75	1.25	
93	262.5	1.25	
93	266.25	1.25	
93	268.75	0	
93	273.75	0	
93	276.25	0	
93	281.25	0	
93	286.25	0	
93	288.75	0	
93	291.25	0	
93	296.25	0	
93	303.75	0	
93	306.25	0	
93	308.75	0	
93	313.75	0	
93	316.25	0	
94	0	0	
94	0	0	
94	0	0	
94	0	0	
94	0	0	
94	0	0	
94	0	0	
94	0	0	
94	0	0	
94	0	0	
94	0	0	
94	0	0	
94	0	0	
94	0	0	
94	0	0	
94	0	0	
94	1.25	0	
94	2.5	0	
94	5	0	
94	16.25	0	
94	20	0	
94	25	0	
94	37.5	0	
94	43.75	2.5	
94	57.5	3.75	
94	73.75	3.75	
94	81.25	3.75	
94	90	3.75	
94	106.25	6.25	
94	131.25	7.5	
94	140	7.5	
94	148.75	7.5	
94	166.25	10	
94	173.75	10	
94	190	10	
94	203.75	10	
94	211.25	10	
94	218.75	11.25	
94	231.25	10	
94	248.75	10	
94	253.75	7.5	
94	260	7.5	
94	271.25	7.5	
94	276.25	6.25	
94	287.5	3.75	
94	297.5	3.75	
94	302.5	3.75	
94	307.5	2.5	
94	318.75	0	
94	327.5	0	
94	333.75	0	
94	338.75	-1.25	
94	343.75	-1.25	
94	343.75	-1.25	
94	343.75	-1.25	
94	343.75	-1.25	
94	343.75	-1.25	
94	343.75	-1.25	
94	343.75	-1.25	
94	343.75	-1.25	
94	343.75	-1.25	
94	343.75	-1.25	
94	343.75	-1.25	
94	343.75	-1.25	
94	343.75	-1.25	
94	343.75	-1.25	
94	343.75	-1.25	
94	343.75	-1.25	
94	343.75	-1.25	
94	343.75	-1.25	
94	343.75	-1.25	
94	343.75	-1.25	
94	343.75	-1.25	
94	343.75	-1.25	
95	0	0	
95	0	0	
95	0	0	
95	0	0	
95	0	0	
95	0	0	
95	0	0	
95	0	0	
95	0	0	
95	0	0	
95	0	0	
95	0	0	
95	0	0	
95	0	0	
95	0	0	
95	2.5	0	
95	3.75	0	
95	7.5	0	
95	8.75	-2.5	
95	18.75	-2.5	
95	23.75	-2.5	
95	27.5	-2.5	
95	37.5	-2.5	
95	43.75	-2.5	
95	56.25	-2.5	
95	71.25	-2.5	
95	78.75	-2.5	
95	95	-2.5	
95	103.75	-2.5	
95	131.25	-2.5	
95	141.25	0	
95	150	0	
95	160	0	
95	180	0	
95	200	1.25	
95	218.75	1.25	
95	228.75	1.25	
95	248.75	1.25	
95	256.25	1.25	
95	282.5	3.75	
95	290	3.75	
95	297.5	3.75	
95	305	3.75	
95	318.75	1.25	
95	331.25	1.25	
95	341.25	1.25	
95	345	0	
95	345	0	
95	345	0	
95	345	0	
95	345	0	
95	345	0	
95	345	0	
95	345	0	
95	345	0	
95	345	0	
95	345	0	
95	345	0	
95	345	0	
95	345	0	
95	345	0	
95	345	0	
95	345	0	
95	345	0	
95	345	0	
95	345	0	
95	345	0	
95	345	0	
95	345	0	
95	345	0	
95	345	0	
95	345	0	
95	345	0	
95	345	0	
96	0	0	
96	0	0	
96	0	0	
96	0	0	
96	0	0	
96	0	0	
96	0	0	
96	0	0	
96	0	0	
96	0	0	
96	0	0	
96	0	0	
96	0	0	
96	0	0	
96	0	0	
96	0	0	
96	0	0	
96	1.25	0	
96	1.25	0	
96	5	0	
96	11.25	0	
96	15	0	
96	20	0	
96	26.25	0	
96	47.5	2.5	
96	56.25	3.75	
96	75	3.75	
96	85	3.75	
96	107.5	7.5	
96	131.25	7.5	
96	143.75	10	
96	170	11.25	
96	182.5	11.25	
96	193.75	11.25	
96	228.75	13.75	
96	240	13.75	
96	251.25	11.25	
96	271.25	11.25	
96	280	10	
96	305	7.5	
96	312.5	7.5	
96	318.75	6.25	
96	332.5	3.75	
96	337.5	3.75	
96	347.5	3.75	
96	347.5	3.75	
96	347.5	3.75	
96	347.5	3.75	
96	347.5	3.75	
96	347.5	3.75	
96	347.5	3.75	
96	347.5	3.75	
96	347.5	3.75	
96	347.5	3.75	
96	347.5	3.75	
96	347.5	3.75	
96	347.5	3.75	
96	347.5	3.75	
96	347.5	3.75	
96	347.5	3.75	
96	347.5	3.75	
96	347.5	3.75	
96	347.5	3.75	
96	347.5	3.75	
96	347.5	3.75	
96	347.5	3.75	
96	347.5	3.75	
96	347.5	3.75	
96	347.5	3.75	
96	347.5	3.75	
96	347.5	3.75	
96	347.5	3.75	
96	347.5	3.75	
96	347.5	3.75	
