Trial	Xii	Yii
1	-7.5	-106.25	62	108	
2	46.25	3.75	21	84	
3	40	18.75	57	98	
4	37.5	17.5	94	141	
5	36.25	27.5	68	140	
6	60	17.5	69	144	
7	48.75	-15	31	84	
8	46.25	11.25	37	12	
9	53.75	21.25	96	6	
10	-42.5	11.25	183	59	
11	43.75	3.75	-18	105	
12	73.75	20	-12	71	
13	240	-18.75	-27	132	
14	42.5	-1.25	-52	111	
15	43.75	0	0	144	
16	41.25	1.25	-37	170	
17	17.6327630703556	39.2709901390926	-53	141	
18	31.1046290131448	30.9939841574882	-24	144	
19	33.0197732075249	32.6009137498264	-47	129	
20	36.0795250911803	27.009588467707	-96	26	
21	39.3263125669209	13.416543514961	-65	66	
22	39.7557061789196	28.4624107590242	-45	15	
23	37.8076336934752	36.6182377306718	-2	60	
24	42.2319571495553	6.06418133948243	-35	63	
25	44.1471013439354	7.6711109318206	-30	30	
26	44.1471013439354	7.6711109318206	3	87	
27	41.7696352464924	0.781070659404994	0	113	
28	44.6423515380625	3.19146504791225	1	135	
29	42.2319571495553	6.06418133948243	20	231	
30	42.7272073436824	1.58453545557408	17	224	
31	63.3973281609292	-5.54786283675504	32	228	
32	65.3454006463736	-13.7036898084027	42	195	
33	3.69857522450336	-42.2648854406195	8	189	
34	36.6959542952642	-34.0537360411436	-5	143	
35	44.6752798291268	6.57129151607354	6	33	
36	46.7116030334636	-6.55943153360957	-1	18	
37	57.9601101798308	6.84657782705127	6	-16	
38	42.2648854406195	3.69857522450336	-9	-34	
39	47.9773897326956	-10.8849701164969	-5	51	
40	37.8181678477754	13.9565819826163	-13	-74	
41	63.1220418499515	18.8326931874591	-13	-64	
42	43.9047433240219	15.3764759828693	13	-11	
43	62.8138272479096	22.3547669741774	35	-7	
44	42.7930639258109	17.9409776723975	27	3	
45	37.7193829745827	-15.3316877093411	30	65	
46	44.5211725281058	8.33232840943268	-17	-86	
47	38.3134180419025	18.4362278665246	-26	-155	
48	42.9800995178961	25.9426973430241	-24	-145	
49	28.75	37.5	-4	-112	
50	42.5	-18.75	-12	41	
51	55	7.5	78	50	
52	41.25	13.75	-5	108	
53	43.75	-8.75	12	138	
54	57.5	-3.75	24	177	
55	51.25	25	19	180	
56	52.5	11.25	14	210	
57	33.5150234016521	28.121267865918	-9	80	
58	60.986933772422	-2.67514654518486	26	162	
59	38.3687404697308	12.6130787187919	12	165	
60	48.9678901209499	1.92567834868024	41	195	
61	55.7367513834088	-11.9755812061077	74	237	
62	46.0622455383155	9.27804052415877	43	219	
63	39.2933842758567	23.1793000789467	45	219	
64	40.9661704503233	1.73864275659505	51	233	
65	48.9678901209499	1.92567834868024	42	228	
66	33.0527014985892	22.8381571858406	15	192	
67	43.0683502367886	-4.65614732169342	69	201	
68	44.3012086449564	9.43214782517975	42	188	
69	35.6172031881174	21.7264777876295	-17	110	
70	53.722822315836	15.7057588935115	42	179	
71	40.5038485472603	-3.54446792348239	59	203	
72	47.7021034217179	-2.39986023420713	65	179	
73	3.85268252552433	-44.0259223339786	79	180	
74	54.2839290920916	8.29940011836846	20	90	
75	40.8120631493023	2.23941367640945e-02	14	30	
76	43.7506360230009	17.1375128762284	18	-91	
77	45.1046734411255	-8.47457572798969	27	-4	
78	39.821562761048	-8.93689763105261	58	99	
79	50.4207124122671	1.75050273905902	19	-10	
80	42.7272073436824	-1.58453545557408	44	3	
81	43.2224575378096	2.89511042833428	79	-16	
82	49.1878540040993	15.8387978859322	46	-23	
83	44.0588506250429	13.6154390895101	24	-16	
84	55.5826440823878	13.7366180994669	39	-26	
85	38.7757399449654	13.1531171864472	18	-22	
86	34.9678456929693	-24.4450867781788	35	60	
87	-63.5514354619502	-3.78682594339589	253	260	
88	56.8155024905556	-0.351677047406289	39	33	
89	40	-16.25	72	63	
90	41.25	6.25	54	93	
91	50	0	68	111	
92	48.75	1.25	74	125	
93	50	11.25	26	123	
94	41.25	-2.5	39	155	
95	43.75	15	27	107	
96	43.75	6.25	39	114	
97	38.75	12.5	48	77	
98	41.25	-7.5	42	108	
99	56.25	5	34	131	
100	56.25	8.75	37	137	
101	34.9349174019051	34.2078433421645	41	129	
102	42.7601356347466	-8.17822110841171	22	150	
103	46.5904240235069	-4.96436192373536	32	156	
104	45.7869592273378	-4.0067898265453	51	227	
105	42.4189927416405	-1.93753833114422	35	194	
106	46.8986386255488	-1.44228813701707	45	174	
107	37.6640605467544	-15.7176188759754	59	188	
108	54.0310369178779	19.2278326802298	47	183	
109	51.9064629946485	-15.1894403907841	90	189	
110	47.0527459265698	0.318748756342071	62	174	
111	33.8561662947583	21.8805850886505	66	201	
112	34.4725954988421	28.9247326620871	66	159	
113	44.0153881796785	46.7221371877637	75	146	
114	45.4128880431674	11.996649514708	74	123	
115	38.8310623727937	17.8961893988693	93	162	
116	36.1124533822445	17.2468319037212	84	167	
117	2.70807483624908	-51.2241772084362	110	198	
118	-25.5567661763898	-32.403344003441	99	132	
119	59.875254374211	5.23964823471309	49	65	
120	42.7930639258109	17.9409776723975	84	12	
121	45.3246373242749	9.28990050662274	85	-37	
122	48.659675518908	1.59639543803805	100	-58	
123	44.1471013439354	-7.6711109318206	94	-55	
124	41.9566708385776	7.22064901122165	95	-85	
125	72.6648345307879	1.03528866178247	105	-64	
126	62.4397560637392	6.35132763292412	103	-67	
127	39.8874193431765	10.588615496919	101	-79	
128	41.4943489355146	12.5037596912991	100	-85	
129	59.5341114811048	-1.00103454255441	122	36	
130	45.4787446252958	7.5288636132636	138	-16	
131	45.4458163342316	-2.23389295072219	99	-14	
132	39.0839545470074	9.63104339972891	99	-76	
133	42.5	26.25	88	15	
134	43.75	-1.25	75	63	
135	42.5	-13.75	11	65	
136	63.75	-5	47	114	
137	38.75	18.75	34	138	
138	41.25	11.25	47	146	
139	43.75	3.75	74	123	
140	50	-6.25	72	104	
141	25.8215183330674	31.4563060605511	38	93	
142	41.9566708385776	-7.22064901122165	52	89	
143	43.7177077319367	-7.37475631224262	44	147	
144	46.7445313245278	-3.20332503037622	73	140	
145	48.0103180237599	1.12221355251116	75	159	
146	55.7038230923446	-2.21282464212194	51	186	
147	49.6501759071622	-10.5556872058547	54	197	
148	48.2302819069093	-16.6422626821013	70	188	
149	43.6518511498083	12.150756815729	51	153	
150	42.1107781395985	-5.4596121178625	39	252	
151	42.2978137316837	-13.4613317884891	87	198	
152	38.9298472459864	-11.3920802930881	121	162	
153	55.142716316089	21.792334369758	83	165	
154	36.8829898873494	26.0520163705169	81	159	
155	48.0103180237599	1.12221355251116	108	147	
156	43.7506360230009	-17.1375128762284	80	179	
157	34.0102735957792	-23.6416219820097	136	141	
158	38.1487765865814	-30.3775549534043	44	59	
159	52.8640350918386	14.385975594615	18	20	
160	50.3877841212029	-8.01225382492677	64	81	
161	40.2838846641109	-14.22000831113	29	33	
162	41.1861343334727	16.0258334780174	20	20	
163	-35.5948090513533	-19.0855853616727	101	150	
164	65.6206869573513	0.418859457698577	25	-10	
165	-37.5099532457334	-17.4786557693346	38	66	
166	68.4051525300289	19.295015090522	45	6	
167	48.9349618298857	-11.688434912666	106	63	
168	36.1124533822445	-17.2468319037212	64	54	
169	47.5479961206969	4.16089712756628	44	87	
170	42.9800995178961	25.9426973430241	61	99	
171	49.9583905092042	7.03361341913646	47	54	
172	41.6813845275998	20.5054793619257	52	44	
173	67.5	-8.75	12	78	
174	57.5	11.25	75	29	
175	50	5	32	86	
176	48.75	18.75	64	96	
177	43.75	7.5	96	102	
178	56.25	-5	60	111	
179	48.75	0	86	141	
180	38.75	-11.25	90	111	
181	45	7.5	48	117	
182	57.5	-5	39	102	
183	47.5	-3.75	50	78	
184	46.25	16.25	50	86	
185	41.6379220822355	39.8320969153481	85	120	
186	38.5228477707518	14.374115612151	83	77	
187	40.2509563730467	23.9827648751158	79	123	
188	42.9471712268318	-16.1799407790384	99	188	
189	68.6475105499425	3.75257182416783	91	135	
190	90.3081317554436	-12.339118235978	97	159	
191	43.1895292467453	6.86764613565152	87	116	
192	41.7696352464924	0.781070659404994	71	135	
193	56.2320015775359	-16.4552270900161	69	153	
194	47.8562107227389	-0.638823340847985	100	126	
195	39.2933842758567	23.1793000789467	116	159	
196	46.2163528393365	11.0390774175179	70	113	
197	43.1895292467453	6.86764613565152	64	123	
198	51.7194274025633	-7.18772072015743	91	126	
199	55.5497157913236	-3.97386153548108	69	141	
200	63.7384710540354	-11.7885456140225	121	99	
201	5.30550481684153	-40.3497412462394	99	171	
202	49.3972837329486	-16.9715455927435	12	59	
203	40.1956339452184	7.06654171020068	-38	-29	
204	48.8467111109932	9.59811510866469	-1	-1	
205	43.1895292467453	-6.86764613565152	25	-22	
206	39.8874193431765	10.588615496919	81	3	
207	40.8449914403665	9.78515070074988	61	-52	
208	39.4250974401135	15.8717261769964	52	-76	
209	47.5479961206969	4.16089712756628	38	-67	
210	67.4146521417747	10.3357233227053	33	-52	
211	38.7757399449654	13.1531171864472	45	-38	
212	47.0527459265698	-0.318748756342071	46	-77	
213	52.5228921987324	8.14529281734749	16	-106	
214	42.7601356347466	8.17822110841171	17	-79	
215	59.1376461601703	23.8075892654946	25	-151	
216	60.5904684514875	27.4837703532339	20	-122	
217	18.75	46.25	33	-34	
218	65	-3.75	24	96	
219	53.75	-3.75	66	146	
220	42.5	1.25	97	119	
221	38.75	18.75	73	129	
222	56.25	-11.25	92	159	
223	60	3.75	35	123	
224	40	-7.5	61	165	
225	46.612818160271	35.8477012255669	54	179	
226	66.7652946466266	-7.61711433215613	71	141	
227	34.7808101008841	32.4468064488054	90	105	
228	57.1237170925975	3.87375083412458	64	126	
229	48.6926038099722	-11.3591520020238	39	164	
230	41.2743850523652	5.26071654331334	47	162	
231	36.5523811485434	-18.2821205655037	96	234	
232	55.3626801992384	4.02785813514556	81	206	
233	48.0103180237599	1.12221355251116	88	237	
234	53.4804642959225	-7.3418280211784	119	284	
235	46.0951738293797	-0.484716039827018	84	195	
236	47.085674217634	-9.44400780764371	82	186	
237	-41.3073133434294	4.50204002067245	346	-127	
238	60.1505406851887	8.04518211599099	45	170	
239	37.6535263924543	34.8572008373127	70	126	
240	43.2224575378096	-2.89511042833428	70	96	
241	30.5764505279535	-45.2363866053823	49	153	
242	47.393888819676	5.92193402092542	35	-13	
243	43.3765648388305	1.13407353497513	20	9	
244	55.0544655971964	-0.505784348427265	62	-1	
245	0	0	95	-17	
246	52.2146775966905	11.6673666040658	95	-17	
247	42.6942790526182	-11.3472920195599	72	57	
248	41.3073133434294	4.50204002067245	38	-13	
249	52.9522858107311	-6.90057442671574	33	-49	
250	48.197353615845	6.87950611811548	11	-73	
251	42.2319571495553	-6.06418133948243	66	14	
252	50.9159626063943	6.23014862296737	73	-61	
253	39.6674554600271	-7.17586073769346	58	-13	
254	48.197353615845	6.87950611811548	56	45	
255	44.9834944311687	3.04921772935524	35	-4	
256	48.197353615845	6.87950611811548	-3	-37	
257	32.5	31.25	4	-13	
258	38.75	-12.5	0	66	
259	43.75	3.75	13	90	
260	52.5	7.5	18	93	
261	40	7.5	51	71	
262	63.75	-1.25	69	120	
263	40	12.5	68	134	
264	52.5	-3.75	86	126	
