91
138
219
205
202
70
192
201
186
12
180
198
238
41
253
32
261
71
239
35
92
120
228
60
263
208
158
139
61
216
141
84
244
169
229
68
55
214
235
209
256
82
213
125
199
161
93
114
8
95
10
18
246
196
22
170
37
25
212
78
157
176
179
153
250
248
19
116
178
226
20
59
62
98
127
137
80
185
183
112
48
218
230
26
31
171
234
29
17
113
2
74
65
151
52
251
111
140
99
64
67
243
154
110
206
134
3
217
204
44
262
94
174
252
119
188
173
264
9
63
203
200
184
215
128
187
259
121
104
194
86
225
159
237
56
255
46
160
33
66
117
102
210
146
85
89
129
106
88
155
168
1
191
75
233
36
166
7
123
197
76
177
5
54
175
133
167
42
144
150
100
257
147
15
103
11
182
190
69
143
258
47
145
97
254
148
6
57
28
118
90
164
181
81
126
40
124
79
242
30
43
223
23
122
87
77
195
27
207
96
72
136
149
224
14
162
109
165
108
245
45
13
39
172
101
83
240
49
227
131
58
4
189
222
220
142
21
107
241
236
221
211
115
163
132
24
53
247
135
193
152
16
50
156
249
231
73
51
130
105
260
34
38
232
