42
93
260
152
157
103
37
237
89
61
180
142
22
63
232
116
257
224
220
91
70
52
39
139
201
131
90
119
222
215
96
200
76
205
68
43
120
115
175
15
62
132
150
182
187
14
177
113
171
173
129
95
31
77
54
128
233
144
134
59
221
72
92
145
87
127
196
2
212
51
48
27
243
78
147
26
114
94
56
203
121
99
10
5
136
216
223
65
227
262
19
36
1
188
209
264
32
254
44
185
4
111
253
149
230
101
41
193
238
97
100
241
213
108
163
218
71
83
7
195
85
138
104
190
258
130
259
154
34
118
73
148
135
183
178
249
11
38
242
29
55
67
75
9
166
84
184
117
239
255
106
189
250
186
228
66
79
248
140
24
244
164
86
214
234
252
176
57
197
60
49
247
13
6
88
191
74
98
210
105
35
21
137
146
112
53
102
170
45
159
245
179
158
23
156
165
47
199
25
155
143
82
256
3
217
122
192
8
133
219
124
16
251
81
169
231
46
153
235
69
240
162
236
172
167
17
161
110
225
202
174
125
208
109
18
207
160
50
229
141
64
30
211
20
33
206
181
107
261
123
126
168
204
263
198
194
58
226
80
151
12
246
28
40
