204
42
110
186
213
221
36
170
54
121
30
129
166
214
219
194
193
254
153
231
158
225
15
245
76
1
74
43
149
18
229
44
41
199
105
93
113
119
13
82
19
259
173
104
249
32
195
198
17
252
147
176
61
141
207
102
72
116
133
202
167
215
180
163
31
168
122
242
109
209
237
79
66
28
240
263
143
101
24
184
164
56
88
246
181
60
9
40
96
235
256
152
145
8
244
23
22
137
172
71
140
226
148
189
260
120
159
142
63
206
73
185
89
251
27
232
6
222
233
49
165
95
253
155
21
35
48
26
94
91
77
179
106
80
205
243
151
98
218
81
262
53
236
234
123
47
67
45
12
39
175
134
238
57
212
224
16
128
5
34
138
250
117
255
108
114
58
241
64
182
112
131
124
132
115
150
25
169
248
83
261
62
55
190
86
33
126
111
50
200
20
171
11
136
191
160
174
178
4
99
52
154
162
144
188
201
157
211
220
127
70
38
107
258
90
78
187
92
14
177
139
87
68
103
85
257
228
146
118
161
29
69
75
247
239
59
217
192
97
197
46
264
84
230
51
65
196
7
183
130
135
156
100
125
208
227
203
3
2
216
210
223
37
10
