Trial	X	Y
1	0	0	
1	0	0	
1	0	0	
1	0	0	
1	0	0	
1	0	0	
1	0	0	
1	0	0	
1	0	0	
1	0	0	
1	0	0	
1	0	0	
1	0	0	
1	0	0	
1	0	0	
1	0	0	
1	0	0	
1	0	0	
1	0	0	
1	0	0	
1	0	0	
1	0	0	
1	0	0	
1	0	0	
1	0	0	
1	0	0	
1	0	0	
1	0	0	
1	1.25	0	
1	5	0	
1	7.5	0	
1	11.25	2.5	
1	22.5	3.75	
1	28.75	6.25	
1	37.5	7.5	
1	53.75	11.25	
1	62.5	15	
1	91.25	18.75	
1	101.25	18.75	
1	123.75	21.25	
1	135	22.5	
1	146.25	22.5	
1	181.25	26.25	
1	195	28.75	
1	207.5	30	
1	220	30	
1	231.25	30	
1	271.25	36.25	
1	278.75	37.5	
1	286.25	37.5	
1	298.75	41.25	
1	303.75	41.25	
1	312.5	43.75	
1	316.25	45	
1	318.75	45	
1	320	45	
1	321.25	45	
1	321.25	45	
1	321.25	45	
1	321.25	45	
1	321.25	45	
1	321.25	45	
1	321.25	45	
1	321.25	45	
1	321.25	45	
1	321.25	45	
1	321.25	45	
1	321.25	45	
1	321.25	45	
1	321.25	45	
1	322.5	47.5	
1	322.5	47.5	
1	322.5	47.5	
1	322.5	47.5	
2	0	0	
2	0	0	
2	0	0	
2	0	0	
2	0	0	
2	0	0	
2	0	0	
2	0	0	
2	0	0	
2	0	0	
2	0	0	
2	0	0	
2	0	0	
2	0	0	
2	0	0	
2	0	0	
2	0	0	
2	0	0	
2	0	0	
2	0	0	
2	0	0	
2	0	0	
2	0	0	
2	0	0	
2	0	0	
2	0	0	
2	0	0	
2	0	0	
2	0	0	
2	0	0	
2	0	0	
2	0	0	
2	0	0	
2	0	0	
2	0	0	
2	2.5	2.5	
2	5	2.5	
2	7.5	2.5	
2	21.25	3.75	
2	27.5	3.75	
2	36.25	6.25	
2	53.75	6.25	
2	62.5	6.25	
2	96.25	3.75	
2	108.75	3.75	
2	132.5	3.75	
2	145	2.5	
2	156.25	0	
2	183.75	-1.25	
2	191.25	-1.25	
2	197.5	-3.75	
2	207.5	-3.75	
2	212.5	-3.75	
2	220	-3.75	
2	228.75	-5	
2	238.75	-5	
2	242.5	-5	
2	247.5	-3.75	
2	266.25	-1.25	
2	272.5	0	
2	278.75	0	
2	292.5	3.75	
2	300	3.75	
2	313.75	6.25	
2	326.25	7.5	
2	336.25	7.5	
2	341.25	7.5	
2	345	10	
2	348.75	10	
2	348.75	10	
2	348.75	10	
2	348.75	10	
2	348.75	10	
2	348.75	10	
3	0	0	
3	0	0	
3	0	0	
3	0	0	
3	0	0	
3	0	0	
3	0	0	
3	0	0	
3	0	0	
3	0	0	
3	0	0	
3	0	0	
3	0	0	
3	0	0	
3	0	0	
3	0	0	
3	0	0	
3	0	0	
3	0	0	
3	0	0	
3	0	0	
3	0	0	
3	0	0	
3	0	0	
3	3.75	0	
3	7.5	0	
3	10	0	
3	15	0	
3	36.25	2.5	
3	43.75	3.75	
3	63.75	6.25	
3	75	6.25	
3	97.5	6.25	
3	121.25	3.75	
3	145	2.5	
3	157.5	0	
3	168.75	-3.75	
3	181.25	-3.75	
3	213.75	-7.5	
3	223.75	-8.75	
3	232.5	-8.75	
3	248.75	-8.75	
3	262.5	-8.75	
3	275	-11.25	
3	281.25	-11.25	
3	292.5	-11.25	
3	298.75	-11.25	
3	305	-11.25	
3	322.5	-11.25	
3	328.75	-8.75	
3	335	-8.75	
3	346.25	-7.5	
3	346.25	-7.5	
3	346.25	-7.5	
3	346.25	-7.5	
3	346.25	-7.5	
3	346.25	-7.5	
3	346.25	-7.5	
3	346.25	-7.5	
3	346.25	-7.5	
3	346.25	-7.5	
3	346.25	-7.5	
3	346.25	-7.5	
3	346.25	-7.5	
3	346.25	-7.5	
3	346.25	-7.5	
3	346.25	-7.5	
3	346.25	-7.5	
3	346.25	-7.5	
3	346.25	-7.5	
3	346.25	-7.5	
3	346.25	-7.5	
3	346.25	-7.5	
3	346.25	-7.5	
4	0	0	
4	0	0	
4	0	0	
4	0	0	
4	0	0	
4	0	0	
4	0	0	
4	0	0	
4	0	0	
4	0	0	
4	0	0	
4	0	0	
4	0	0	
4	0	0	
4	0	0	
4	0	0	
4	0	0	
4	0	0	
4	0	0	
4	0	0	
4	0	0	
4	0	0	
4	0	0	
4	0	0	
4	0	0	
4	0	0	
4	0	0	
4	0	0	
4	1.25	-2.5	
4	3.75	-2.5	
4	7.5	-2.5	
4	11.25	-2.5	
4	13.75	-2.5	
4	27.5	-3.75	
4	32.5	-3.75	
4	38.75	-3.75	
4	51.25	-3.75	
4	58.75	-3.75	
4	75	-6.25	
4	95	-6.25	
4	115	-7.5	
4	125	-11.25	
4	137.5	-11.25	
4	175	-12.5	
4	187.5	-12.5	
4	201.25	-12.5	
4	226.25	-11.25	
4	238.75	-11.25	
4	262.5	-6.25	
4	282.5	-3.75	
4	300	0	
4	300	0	
4	310	1.25	
4	328.75	8.75	
4	332.5	8.75	
4	336.25	8.75	
4	340	11.25	
4	345	12.5	
4	347.5	12.5	
4	347.5	12.5	
4	347.5	12.5	
4	347.5	12.5	
4	347.5	12.5	
4	347.5	12.5	
4	347.5	12.5	
4	347.5	12.5	
4	347.5	12.5	
4	347.5	12.5	
4	347.5	12.5	
4	347.5	12.5	
4	347.5	12.5	
4	347.5	12.5	
4	347.5	12.5	
4	347.5	12.5	
5	0	0	
5	0	0	
5	0	0	
5	0	0	
5	0	0	
5	0	0	
5	0	0	
5	0	0	
5	0	0	
5	0	0	
5	0	0	
5	0	0	
5	0	0	
5	0	0	
5	0	0	
5	0	0	
5	0	0	
5	0	0	
5	0	0	
5	0	0	
5	0	0	
5	1.25	0	
5	3.75	0	
5	17.5	2.5	
5	23.75	3.75	
5	32.5	3.75	
5	41.25	3.75	
5	50	6.25	
5	73.75	7.5	
5	85	7.5	
5	110	7.5	
5	122.5	6.25	
5	135	6.25	
5	170	0	
5	182.5	0	
5	193.75	-1.25	
5	205	-3.75	
5	227.5	-7.5	
5	258.75	-12.5	
5	268.75	-12.5	
5	288.75	-13.75	
5	298.75	-13.75	
5	308.75	-13.75	
5	337.5	-13.75	
5	346.25	-12.5	
5	346.25	-12.5	
5	346.25	-12.5	
5	346.25	-12.5	
5	346.25	-12.5	
5	346.25	-12.5	
5	346.25	-12.5	
5	346.25	-12.5	
5	346.25	-12.5	
5	346.25	-12.5	
5	346.25	-12.5	
5	346.25	-12.5	
5	346.25	-12.5	
5	346.25	-12.5	
5	346.25	-12.5	
5	346.25	-12.5	
5	346.25	-12.5	
5	346.25	-12.5	
5	346.25	-12.5	
5	346.25	-12.5	
5	346.25	-12.5	
5	346.25	-12.5	
5	346.25	-12.5	
5	346.25	-12.5	
5	346.25	-12.5	
5	346.25	-12.5	
5	346.25	-12.5	
5	346.25	-12.5	
5	346.25	-12.5	
5	346.25	-12.5	
6	0	0	
6	0	0	
6	0	0	
6	0	0	
6	0	0	
6	0	0	
6	0	0	
6	0	0	
6	0	0	
6	0	0	
6	0	0	
6	0	0	
6	0	0	
6	0	0	
6	2.5	0	
6	5	0	
6	6.25	0	
6	10	0	
6	22.5	-1.25	
6	28.75	-1.25	
6	41.25	0	
6	48.75	0	
6	56.25	0	
6	83.75	0	
6	102.5	2.5	
6	112.5	3.75	
6	123.75	3.75	
6	133.75	3.75	
6	167.5	2.5	
6	178.75	2.5	
6	200	2.5	
6	211.25	2.5	
6	221.25	0	
6	253.75	0	
6	273.75	-1.25	
6	285	-3.75	
6	295	-3.75	
6	303.75	-3.75	
6	330	-3.75	
6	337.5	-3.75	
6	343.75	-3.75	
6	343.75	-3.75	
6	343.75	-3.75	
6	343.75	-3.75	
6	343.75	-3.75	
6	343.75	-3.75	
6	343.75	-3.75	
6	343.75	-3.75	
6	343.75	-3.75	
6	343.75	-3.75	
6	343.75	-3.75	
6	343.75	-3.75	
6	343.75	-3.75	
6	343.75	-3.75	
6	343.75	-3.75	
6	343.75	-3.75	
6	343.75	-3.75	
6	343.75	-3.75	
6	343.75	-3.75	
6	343.75	-3.75	
6	343.75	-3.75	
6	343.75	-3.75	
6	343.75	-3.75	
6	343.75	-3.75	
6	343.75	-3.75	
6	343.75	-3.75	
6	343.75	-3.75	
6	343.75	-3.75	
6	343.75	-3.75	
6	343.75	-3.75	
6	343.75	-3.75	
6	343.75	-3.75	
6	343.75	-3.75	
6	343.75	-3.75	
7	0	0	
7	0	0	
7	0	0	
7	0	0	
7	0	0	
7	0	0	
7	0	0	
7	0	0	
7	0	0	
7	0	0	
7	0	0	
7	0	0	
7	0	0	
7	0	0	
7	0	0	
7	0	0	
7	0	0	
7	0	0	
7	1.25	0	
7	3.75	0	
7	6.25	0	
7	11.25	0	
7	15	2.5	
7	30	3.75	
7	36.25	6.25	
7	42.5	7.5	
7	50	7.5	
7	67.5	10	
7	86.25	11.25	
7	107.5	11.25	
7	118.75	11.25	
7	130	11.25	
7	152.5	13.75	
7	190	13.75	
7	202.5	11.25	
7	215	11.25	
7	228.75	11.25	
7	252.5	10	
7	276.25	7.5	
7	298.75	7.5	
7	308.75	6.25	
7	318.75	6.25	
7	336.25	3.75	
7	343.75	3.75	
7	343.75	3.75	
7	343.75	3.75	
7	343.75	3.75	
7	343.75	3.75	
7	343.75	3.75	
7	343.75	3.75	
7	343.75	3.75	
7	343.75	3.75	
7	343.75	3.75	
7	343.75	3.75	
7	343.75	3.75	
7	343.75	3.75	
7	343.75	3.75	
7	343.75	3.75	
7	343.75	3.75	
7	343.75	3.75	
7	343.75	3.75	
7	343.75	3.75	
7	343.75	3.75	
7	343.75	3.75	
7	343.75	3.75	
7	343.75	3.75	
7	343.75	3.75	
7	343.75	3.75	
7	343.75	3.75	
7	343.75	3.75	
7	343.75	3.75	
7	343.75	3.75	
7	343.75	3.75	
7	343.75	3.75	
8	0	0	
8	0	0	
8	0	0	
8	0	0	
8	0	0	
8	0	0	
8	0	0	
8	0	0	
8	0	0	
8	0	0	
8	0	0	
8	0	0	
8	0	0	
8	0	0	
8	0	0	
8	0	0	
8	1.25	0	
8	2.5	0	
8	6.25	2.5	
8	11.25	2.5	
8	13.75	3.75	
8	16.25	3.75	
8	23.75	3.75	
8	32.5	6.25	
8	37.5	7.5	
8	43.75	7.5	
8	50	7.5	
8	58.75	10	
8	86.25	13.75	
8	95	13.75	
8	113.75	15	
8	123.75	15	
8	133.75	15	
8	153.75	13.75	
8	166.25	11.25	
8	177.5	11.25	
8	201.25	11.25	
8	211.25	10	
8	242.5	7.5	
8	252.5	7.5	
8	272.5	6.25	
8	281.25	3.75	
8	291.25	3.75	
8	313.75	3.75	
8	320	3.75	
8	325	6.25	
8	333.75	7.5	
8	338.75	7.5	
8	343.75	7.5	
8	347.5	7.5	
8	348.75	7.5	
8	348.75	7.5	
8	348.75	7.5	
8	348.75	7.5	
8	348.75	7.5	
8	348.75	7.5	
8	348.75	7.5	
8	348.75	7.5	
8	348.75	7.5	
8	348.75	7.5	
8	348.75	7.5	
8	348.75	7.5	
8	348.75	7.5	
8	348.75	7.5	
8	348.75	7.5	
8	348.75	7.5	
8	348.75	7.5	
8	348.75	7.5	
8	348.75	7.5	
8	348.75	7.5	
8	348.75	7.5	
8	348.75	7.5	
8	348.75	7.5	
8	348.75	7.5	
9	0	0	
9	0	0	
9	0	0	
9	0	0	
9	0	0	
9	0	0	
9	0	0	
9	0	0	
9	0	0	
9	0	0	
9	0	0	
9	0	0	
9	0	0	
9	0	0	
9	0	0	
9	0	0	
9	0	0	
9	0	0	
9	3.75	-2.5	
9	6.25	-2.5	
9	8.75	-2.5	
9	13.75	-2.5	
9	23.75	-2.5	
9	36.25	0	
9	43.75	1.25	
9	60	1.25	
9	78.75	3.75	
9	87.5	5	
9	107.5	5	
9	127.5	5	
9	138.75	5	
9	148.75	5	
9	170	3.75	
9	190	1.25	
9	200	1.25	
9	220	0	
9	228.75	0	
9	246.25	-2.5	
9	262.5	-2.5	
9	278.75	-3.75	
9	286.25	-3.75	
9	293.75	-3.75	
9	306.25	-6.25	
9	318.75	-6.25	
9	323.75	-3.75	
9	333.75	-3.75	
9	338.75	-2.5	
9	346.25	-2.5	
9	348.75	-2.5	
9	348.75	-2.5	
9	348.75	-2.5	
9	348.75	-2.5	
9	348.75	-2.5	
9	348.75	-2.5	
9	348.75	-2.5	
9	348.75	-2.5	
9	348.75	-2.5	
9	348.75	-2.5	
9	348.75	-2.5	
9	348.75	-2.5	
9	348.75	-2.5	
9	348.75	-2.5	
9	348.75	-2.5	
9	348.75	-2.5	
9	348.75	-2.5	
9	348.75	-2.5	
9	348.75	-2.5	
9	348.75	-2.5	
9	348.75	-2.5	
9	348.75	-2.5	
9	348.75	-2.5	
9	348.75	-2.5	
9	348.75	-2.5	
9	348.75	-2.5	
10	0	0	
10	0	0	
10	0	0	
10	0	0	
10	0	0	
10	0	0	
10	0	0	
10	0	0	
10	0	0	
10	0	0	
10	0	0	
10	0	0	
10	0	0	
10	0	0	
10	0	0	
10	0	0	
10	0	0	
10	0	0	
10	0	0	
10	0	0	
10	0	0	
10	1.25	0	
10	3.75	0	
10	10	1.25	
10	12.5	1.25	
10	18.75	1.25	
10	22.5	1.25	
10	27.5	1.25	
10	42.5	5	
10	47.5	5	
10	53.75	7.5	
10	60	8.75	
10	75	11.25	
10	100	12.5	
10	108.75	12.5	
10	121.25	15	
10	132.5	15	
10	143.75	15	
10	175	15	
10	186.25	15	
10	197.5	15	
10	217.5	15	
10	227.5	12.5	
10	246.25	12.5	
10	265	12.5	
10	281.25	11.25	
10	290	11.25	
10	297.5	11.25	
10	317.5	8.75	
10	323.75	8.75	
10	328.75	8.75	
10	335	8.75	
10	342.5	8.75	
10	348.75	8.75	
10	348.75	8.75	
10	348.75	8.75	
10	348.75	8.75	
10	348.75	8.75	
10	348.75	8.75	
10	348.75	8.75	
10	348.75	8.75	
10	348.75	8.75	
10	348.75	8.75	
10	348.75	8.75	
10	348.75	8.75	
10	348.75	8.75	
10	348.75	8.75	
10	348.75	8.75	
10	348.75	8.75	
10	348.75	8.75	
10	348.75	8.75	
10	348.75	8.75	
10	348.75	8.75	
10	348.75	8.75	
11	0	0	
11	0	0	
11	0	0	
11	0	0	
11	0	0	
11	0	0	
11	0	0	
11	0	0	
11	0	0	
11	0	0	
11	0	0	
11	0	0	
11	0	0	
11	0	0	
11	0	0	
11	0	0	
11	0	0	
11	0	0	
11	1.25	0	
11	2.5	2.5	
11	6.25	2.5	
11	11.25	3.75	
11	15	3.75	
11	21.25	6.25	
11	28.75	7.5	
11	33.75	7.5	
11	38.75	7.5	
11	43.75	10	
11	60	11.25	
11	67.5	11.25	
11	80	11.25	
11	95	11.25	
11	103.75	11.25	
11	120	11.25	
11	137.5	10	
11	146.25	10	
11	156.25	7.5	
11	166.25	7.5	
11	196.25	6.25	
11	206.25	3.75	
11	226.25	3.75	
11	236.25	3.75	
11	256.25	2.5	
11	275	2.5	
11	292.5	3.75	
11	301.25	3.75	
11	308.75	3.75	
11	316.25	3.75	
11	333.75	7.5	
11	337.5	7.5	
11	345	7.5	
11	347.5	7.5	
11	347.5	7.5	
11	347.5	7.5	
11	347.5	7.5	
11	347.5	7.5	
11	347.5	7.5	
11	347.5	7.5	
11	347.5	7.5	
11	347.5	7.5	
11	347.5	7.5	
11	347.5	7.5	
11	347.5	7.5	
11	347.5	7.5	
11	347.5	7.5	
11	347.5	7.5	
11	347.5	7.5	
11	347.5	7.5	
11	347.5	7.5	
11	347.5	7.5	
11	347.5	7.5	
11	347.5	7.5	
11	347.5	7.5	
11	347.5	7.5	
12	0	0	
12	0	0	
12	0	0	
12	0	0	
12	0	0	
12	0	0	
12	0	0	
12	0	0	
12	0	0	
12	0	0	
12	0	0	
12	0	0	
12	0	0	
12	0	0	
12	0	0	
12	0	0	
12	0	0	
12	0	0	
12	0	0	
12	0	0	
12	1.25	0	
12	2.5	0	
12	3.75	0	
12	6.25	-1.25	
12	8.75	-3.75	
12	10	-3.75	
12	15	-3.75	
12	17.5	-3.75	
12	28.75	-3.75	
12	33.75	-3.75	
12	43.75	-3.75	
12	50	-3.75	
12	56.25	-1.25	
12	77.5	0	
12	85	0	
12	92.5	0	
12	108.75	0	
12	117.5	0	
12	145	3.75	
12	153.75	3.75	
12	171.25	3.75	
12	180	6.25	
12	188.75	6.25	
12	213.75	10	
12	220	11.25	
12	227.5	11.25	
12	241.25	13.75	
12	247.5	15	
12	258.75	15	
12	270	18.75	
12	278.75	18.75	
12	283.75	18.75	
12	287.5	18.75	
12	297.5	18.75	
12	301.25	18.75	
12	303.75	18.75	
12	311.25	18.75	
12	313.75	18.75	
12	318.75	18.75	
12	322.5	18.75	
12	326.25	18.75	
12	327.5	18.75	
12	328.75	18.75	
12	330	18.75	
12	330	18.75	
12	330	18.75	
12	330	18.75	
12	330	18.75	
12	330	18.75	
12	330	18.75	
12	330	18.75	
12	331.25	18.75	
12	331.25	18.75	
12	331.25	18.75	
13	0	0	
13	0	0	
13	0	0	
13	0	0	
13	0	0	
13	0	0	
13	0	0	
13	0	0	
13	0	0	
13	0	0	
13	0	0	
13	0	0	
13	0	0	
13	1.25	0	
13	5	0	
13	7.5	2.5	
13	12.5	3.75	
13	16.25	3.75	
13	27.5	6.25	
13	32.5	6.25	
13	36.25	7.5	
13	41.25	7.5	
13	51.25	7.5	
13	62.5	7.5	
13	75	10	
13	81.25	10	
13	93.75	11.25	
13	100	11.25	
13	120	11.25	
13	126.25	11.25	
13	133.75	11.25	
13	140	11.25	
13	153.75	10	
13	167.5	10	
13	173.75	7.5	
13	187.5	7.5	
13	202.5	3.75	
13	208.75	3.75	
13	223.75	2.5	
13	237.5	0	
13	245	0	
13	251.25	0	
13	265	-1.25	
13	277.5	-1.25	
13	282.5	-3.75	
13	290	-3.75	
13	301.25	-3.75	
13	307.5	-5	
13	321.25	-5	
13	325	-7.5	
13	328.75	-7.5	
13	331.25	-7.5	
13	335	-7.5	
13	337.5	-5	
13	337.5	-7.5	
13	338.75	-7.5	
13	341.25	-7.5	
13	342.5	-7.5	
13	343.75	-7.5	
13	343.75	-7.5	
13	343.75	-7.5	
13	343.75	-7.5	
13	343.75	-7.5	
13	343.75	-7.5	
13	343.75	-7.5	
13	343.75	-7.5	
13	343.75	-7.5	
13	343.75	-7.5	
13	343.75	-7.5	
13	343.75	-7.5	
13	343.75	-7.5	
13	343.75	-7.5	
13	343.75	-7.5	
13	343.75	-7.5	
14	0	0	
14	0	0	
14	0	0	
14	0	0	
14	0	0	
14	0	0	
14	0	0	
14	0	0	
14	0	0	
14	0	0	
14	0	0	
14	0	0	
14	0	0	
14	0	0	
14	0	0	
14	0	0	
14	0	0	
14	0	0	
14	0	0	
14	0	0	
14	0	0	
14	0	0	
14	0	0	
14	0	0	
14	2.5	0	
14	5	0	
14	7.5	0	
14	7.5	0	
14	32.5	3.75	
14	41.25	6.25	
14	61.25	11.25	
14	71.25	11.25	
14	81.25	15	
14	111.25	18.75	
14	128.75	22.5	
14	137.5	22.5	
14	143.75	22.5	
14	151.25	22.5	
14	172.5	22.5	
14	177.5	22.5	
14	183.75	22.5	
14	195	18.75	
14	201.25	18.75	
14	218.75	15	
14	228.75	13.75	
14	235	13.75	
14	241.25	11.25	
14	247.5	11.25	
14	266.25	11.25	
14	272.5	11.25	
14	278.75	11.25	
14	290	11.25	
14	295	11.25	
14	308.75	11.25	
14	313.75	11.25	
14	320	11.25	
14	322.5	11.25	
14	323.75	11.25	
14	326.25	11.25	
14	326.25	11.25	
14	326.25	11.25	
14	327.5	11.25	
14	327.5	11.25	
14	327.5	11.25	
14	327.5	11.25	
14	330	11.25	
14	331.25	11.25	
14	335	11.25	
14	342.5	11.25	
14	346.25	11.25	
14	347.5	11.25	
14	347.5	11.25	
14	347.5	11.25	
14	347.5	11.25	
15	0	0	
15	0	0	
15	0	0	
15	0	0	
15	0	0	
15	0	0	
15	0	0	
15	0	0	
15	0	0	
15	0	0	
15	0	0	
15	0	0	
15	0	0	
15	0	0	
15	0	0	
15	0	0	
15	1.25	0	
15	2.5	0	
15	8.75	0	
15	12.5	0	
15	18.75	0	
15	23.75	2.5	
15	27.5	3.75	
15	42.5	3.75	
15	47.5	3.75	
15	58.75	6.25	
15	65	6.25	
15	71.25	7.5	
15	90	7.5	
15	96.25	7.5	
15	102.5	10	
15	115	10	
15	122.5	11.25	
15	142.5	11.25	
15	150	11.25	
15	163.75	11.25	
15	170	11.25	
15	177.5	13.75	
15	193.75	13.75	
15	202.5	13.75	
15	208.75	13.75	
15	225	13.75	
15	232.5	13.75	
15	255	11.25	
15	261.25	11.25	
15	261.25	11.25	
15	277.5	11.25	
15	283.75	13.75	
15	297.5	13.75	
15	303.75	13.75	
15	315	13.75	
15	320	13.75	
15	327.5	11.25	
15	333.75	11.25	
15	338.75	11.25	
15	341.25	11.25	
15	342.5	11.25	
15	345	11.25	
15	347.5	11.25	
15	347.5	10	
15	347.5	10	
15	348.75	10	
15	348.75	10	
15	348.75	10	
15	348.75	10	
15	348.75	10	
15	348.75	10	
15	348.75	10	
15	348.75	10	
15	348.75	10	
15	348.75	10	
15	348.75	10	
15	348.75	10	
15	348.75	10	
16	0	0	
16	0	0	
16	0	0	
16	0	0	
16	0	0	
16	0	0	
16	0	0	
16	0	0	
16	0	0	
16	0	0	
16	0	0	
16	0	0	
16	0	0	
16	0	0	
16	0	0	
16	0	0	
16	0	0	
16	0	0	
16	0	0	
16	0	0	
16	0	0	
16	1.25	0	
16	2.5	0	
16	12.5	0	
16	17.5	0	
16	21.25	0	
16	31.25	3.75	
16	36.25	3.75	
16	53.75	5	
16	58.75	5	
16	71.25	5	
16	78.75	5	
16	85	5	
16	107.5	7.5	
16	113.75	7.5	
16	121.25	8.75	
16	136.25	8.75	
16	143.75	8.75	
16	165	11.25	
16	171.25	11.25	
16	186.25	12.5	
16	192.5	12.5	
16	198.75	12.5	
16	220	12.5	
16	226.25	12.5	
16	232.5	12.5	
16	246.25	12.5	
16	253.75	12.5	
16	271.25	12.5	
16	277.5	12.5	
16	288.75	12.5	
16	293.75	12.5	
16	298.75	12.5	
16	312.5	12.5	
16	317.5	12.5	
16	321.25	12.5	
16	328.75	12.5	
16	332.5	12.5	
16	338.75	15	
16	346.25	16.25	
16	346.25	16.25	
16	346.25	16.25	
16	346.25	16.25	
16	346.25	16.25	
16	346.25	16.25	
16	346.25	16.25	
16	346.25	16.25	
16	346.25	16.25	
16	346.25	16.25	
16	346.25	16.25	
16	346.25	16.25	
16	346.25	16.25	
16	346.25	16.25	
16	346.25	16.25	
17	0	0	
17	0	0	
17	0	0	
17	0	0	
17	0	0	
17	0	0	
17	0	0	
17	0	0	
17	0	0	
17	0	0	
17	0	0	
17	0	0	
17	0	0	
17	0	0	
17	0	0	
17	0	0	
17	0	0	
17	0	0	
17	0	0	
17	0	0	
17	0	0	
17	0	0	
17	1.25	0	
17	5	0	
17	6.25	0	
17	10	0	
17	10	0	
17	17.5	0	
17	26.25	0	
17	31.25	0	
17	42.5	0	
17	47.5	2.5	
17	53.75	2.5	
17	73.75	3.75	
17	82.5	3.75	
17	88.75	3.75	
17	103.75	3.75	
17	118.75	3.75	
17	135	3.75	
17	142.5	3.75	
17	157.5	7.5	
17	166.25	8.75	
17	173.75	8.75	
17	197.5	11.25	
17	206.25	12.5	
17	213.75	12.5	
17	230	12.5	
17	238.75	15	
17	261.25	16.25	
17	268.75	16.25	
17	282.5	18.75	
17	290	18.75	
17	296.25	20	
17	313.75	20	
17	318.75	20	
17	323.75	20	
17	331.25	20	
17	335	20	
17	342.5	20	
17	343.75	18.75	
17	347.5	18.75	
17	347.5	18.75	
17	348.75	18.75	
17	348.75	18.75	
17	348.75	18.75	
17	348.75	18.75	
17	348.75	18.75	
17	348.75	18.75	
17	348.75	18.75	
17	348.75	18.75	
17	348.75	18.75	
17	348.75	18.75	
17	348.75	18.75	
17	348.75	18.75	
18	0	0	
18	0	0	
18	0	0	
18	0	0	
18	0	0	
18	0	0	
18	0	0	
18	0	0	
18	0	0	
18	0	0	
18	0	0	
18	0	0	
18	0	0	
18	0	0	
18	0	0	
18	0	0	
18	0	0	
18	0	0	
18	0	0	
18	0	0	
18	0	0	
18	0	0	
18	5	0	
18	15	0	
18	17.5	0	
18	22.5	0	
18	32.5	0	
18	38.75	0	
18	57.5	0	
18	65	0	
18	72.5	0	
18	78.75	0	
18	95	0	
18	116.25	0	
18	123.75	0	
18	131.25	0	
18	145	2.5	
18	152.5	2.5	
18	166.25	2.5	
18	180	0	
18	186.25	0	
18	192.5	0	
18	206.25	0	
18	225	0	
18	232.5	0	
18	238.75	0	
18	251.25	0	
18	257.5	0	
18	268.75	0	
18	280	0	
18	285	0	
18	290	0	
18	298.75	0	
18	311.25	2.5	
18	313.75	2.5	
18	317.5	2.5	
18	322.5	2.5	
18	325	2.5	
18	328.75	2.5	
18	332.5	2.5	
18	333.75	0	
18	335	0	
18	338.75	0	
18	341.25	0	
18	343.75	0	
18	343.75	0	
18	346.25	0	
18	346.25	0	
18	346.25	0	
18	346.25	0	
18	346.25	0	
18	346.25	0	
18	346.25	0	
18	346.25	0	
19	0	0	
19	0	0	
19	0	0	
19	0	0	
19	0	0	
19	0	0	
19	0	0	
19	0	0	
19	0	0	
19	0	0	
19	0	0	
19	0	0	
19	0	0	
19	0	0	
19	0	0	
19	0	0	
19	0	0	
19	0	0	
19	1.25	0	
19	2.5	0	
19	6.25	1.25	
19	11.25	1.25	
19	13.75	1.25	
19	23.75	1.25	
19	30	1.25	
19	36.25	1.25	
19	43.75	3.75	
19	52.5	3.75	
19	75	5	
19	83.75	5	
19	100	5	
19	107.5	5	
19	115	5	
19	138.75	5	
19	146.25	5	
19	153.75	5	
19	162.5	5	
19	171.25	3.75	
19	196.25	1.25	
19	203.75	1.25	
19	212.5	1.25	
19	228.75	1.25	
19	236.25	1.25	
19	257.5	1.25	
19	265	1.25	
19	271.25	1.25	
19	280	1.25	
19	292.5	1.25	
19	305	1.25	
19	316.25	1.25	
19	316.25	1.25	
19	326.25	1.25	
19	336.25	1.25	
19	342.5	1.25	
19	345	1.25	
19	345	1.25	
19	345	1.25	
19	345	1.25	
19	345	1.25	
19	345	1.25	
19	345	1.25	
19	345	1.25	
19	345	1.25	
19	345	1.25	
19	345	1.25	
19	345	1.25	
19	345	1.25	
19	345	1.25	
19	345	1.25	
19	345	1.25	
19	345	1.25	
19	345	1.25	
19	345	1.25	
19	345	1.25	
20	0	0	
20	0	0	
20	0	0	
20	0	0	
20	0	0	
20	0	0	
20	0	0	
20	0	0	
20	0	0	
20	0	0	
20	0	0	
20	0	0	
20	0	0	
20	0	0	
20	0	0	
20	2.5	0	
20	3.75	-2.5	
20	5	-2.5	
20	17.5	-2.5	
20	21.25	-2.5	
20	26.25	-2.5	
20	31.25	-2.5	
20	41.25	-2.5	
20	52.5	-2.5	
20	65	0	
20	71.25	0	
20	77.5	0	
20	83.75	0	
20	111.25	1.25	
20	118.75	1.25	
20	125	1.25	
20	132.5	1.25	
20	145	1.25	
20	160	1.25	
20	166.25	3.75	
20	180	3.75	
20	187.5	3.75	
20	193.75	3.75	
20	222.5	5	
20	228.75	5	
20	236.25	5	
20	242.5	5	
20	256.25	5	
20	267.5	7.5	
20	273.75	7.5	
20	280	8.75	
20	286.25	8.75	
20	291.25	8.75	
20	302.5	8.75	
20	302.5	8.75	
20	302.5	8.75	
20	302.5	8.75	
20	302.5	8.75	
20	302.5	8.75	
20	302.5	8.75	
20	302.5	8.75	
20	302.5	8.75	
20	302.5	8.75	
20	302.5	8.75	
20	338.75	12.5	
20	341.25	12.5	
20	342.5	11.25	
20	343.75	11.25	
20	346.25	8.75	
20	347.5	8.75	
20	347.5	8.75	
20	348.75	8.75	
20	348.75	8.75	
20	348.75	8.75	
20	348.75	8.75	
20	348.75	8.75	
20	348.75	8.75	
20	348.75	8.75	
20	348.75	8.75	
21	0	0	
21	0	0	
21	0	0	
21	0	0	
21	0	0	
21	0	0	
21	0	0	
21	0	0	
21	0	0	
21	0	0	
21	0	0	
21	0	0	
21	0	0	
21	0	0	
21	0	0	
21	0	0	
21	1.25	0	
21	3.75	0	
21	7.5	0	
21	12.5	0	
21	16.25	0	
21	20	0	
21	23.75	0	
21	37.5	0	
21	42.5	0	
21	53.75	0	
21	60	2.5	
21	71.25	2.5	
21	83.75	2.5	
21	96.25	3.75	
21	102.5	3.75	
21	108.75	3.75	
21	115	3.75	
21	136.25	3.75	
21	142.5	3.75	
21	156.25	3.75	
21	163.75	3.75	
21	177.5	3.75	
21	192.5	3.75	
21	200	3.75	
21	215	3.75	
21	222.5	3.75	
21	230	3.75	
21	251.25	6.25	
21	257.5	6.25	
21	265	6.25	
21	277.5	6.25	
21	291.25	7.5	
21	302.5	7.5	
21	307.5	7.5	
21	318.75	7.5	
21	323.75	7.5	
21	328.75	7.5	
21	340	10	
21	343.75	10	
21	347.5	10	
21	347.5	10	
21	347.5	10	
21	347.5	10	
21	347.5	10	
21	347.5	10	
21	347.5	10	
21	347.5	10	
21	347.5	10	
21	347.5	10	
21	347.5	10	
21	347.5	10	
21	347.5	10	
21	347.5	10	
21	347.5	10	
21	347.5	10	
21	347.5	10	
21	347.5	10	
21	347.5	10	
22	0	0	
22	0	0	
22	0	0	
22	0	0	
22	0	0	
22	0	0	
22	0	0	
22	0	0	
22	0	0	
22	0	0	
22	0	0	
22	0	0	
22	0	0	
22	0	0	
22	0	0	
22	1.25	0	
22	3.75	0	
22	6.25	1.25	
22	15	1.25	
22	18.75	1.25	
22	22.5	1.25	
22	27.5	3.75	
22	38.75	5	
22	57.5	5	
22	65	7.5	
22	72.5	7.5	
22	87.5	7.5	
22	95	7.5	
22	111.25	7.5	
22	127.5	5	
22	135	5	
22	143.75	5	
22	161.25	5	
22	185	1.25	
22	193.75	1.25	
22	202.5	1.25	
22	217.5	0	
22	226.25	0	
22	241.25	-2.5	
22	255	0	
22	261.25	-2.5	
22	267.5	-2.5	
22	280	-2.5	
22	296.25	0	
22	300	0	
22	303.75	0	
22	312.5	1.25	
22	315	1.25	
22	322.5	1.25	
22	328.75	1.25	
22	331.25	3.75	
22	332.5	3.75	
22	335	3.75	
22	342.5	5	
22	343.75	5	
22	343.75	5	
22	345	5	
22	345	5	
22	346.25	5	
22	346.25	5	
22	346.25	5	
22	346.25	5	
22	346.25	5	
22	346.25	5	
22	346.25	5	
22	346.25	5	
22	346.25	5	
22	346.25	5	
22	346.25	5	
22	346.25	5	
22	346.25	5	
22	346.25	5	
22	346.25	5	
22	346.25	5	
23	0	0	
23	0	0	
23	0	0	
23	0	0	
23	0	0	
23	0	0	
23	0	0	
23	0	0	
23	0	0	
23	0	0	
23	0	0	
23	0	0	
23	0	0	
23	1.25	0	
23	2.5	0	
23	8.75	1.25	
23	13.75	1.25	
23	17.5	1.25	
23	31.25	1.25	
23	38.75	1.25	
23	51.25	1.25	
23	58.75	1.25	
23	73.75	1.25	
23	90	1.25	
23	97.5	0	
23	116.25	-2.5	
23	125	-2.5	
23	135	-2.5	
23	163.75	-2.5	
23	173.75	-2.5	
23	195	-2.5	
23	205	-2.5	
23	216.25	-2.5	
23	247.5	-2.5	
23	257.5	-2.5	
23	276.25	-2.5	
23	285	-2.5	
23	293.75	-2.5	
23	313.75	-2.5	
23	318.75	0	
23	328.75	1.25	
23	332.5	1.25	
23	335	1.25	
23	338.75	1.25	
23	340	1.25	
23	341.25	3.75	
23	341.25	3.75	
23	341.25	3.75	
23	341.25	3.75	
23	341.25	3.75	
23	341.25	3.75	
23	341.25	3.75	
23	341.25	3.75	
23	341.25	3.75	
23	341.25	3.75	
23	341.25	3.75	
23	341.25	3.75	
23	341.25	3.75	
23	341.25	3.75	
23	341.25	3.75	
23	341.25	3.75	
23	342.5	3.75	
23	342.5	3.75	
23	342.5	3.75	
23	342.5	3.75	
23	342.5	3.75	
23	342.5	3.75	
23	342.5	3.75	
23	342.5	3.75	
23	342.5	3.75	
23	342.5	3.75	
23	342.5	3.75	
23	342.5	3.75	
23	342.5	3.75	
24	0	0	
24	0	0	
24	0	0	
24	0	0	
24	0	0	
24	0	0	
24	0	0	
24	0	0	
24	0	0	
24	0	0	
24	0	0	
24	0	0	
24	0	0	
24	0	0	
24	1.25	0	
24	3.75	0	
24	7.5	0	
24	16.25	0	
24	35	0	
24	42.5	2.5	
24	50	2.5	
24	68.75	3.75	
24	78.75	2.5	
24	97.5	2.5	
24	118.75	2.5	
24	128.75	2.5	
24	140	2.5	
24	150	2.5	
24	191.25	0	
24	201.25	0	
24	210	0	
24	231.25	-1.25	
24	240	-3.75	
24	257.5	-3.75	
24	275	-3.75	
24	282.5	-3.75	
24	290	-3.75	
24	296.25	-3.75	
24	317.5	-3.75	
24	321.25	-3.75	
24	325	-3.75	
24	327.5	-3.75	
24	331.25	-3.75	
24	333.75	-3.75	
24	333.75	-3.75	
24	333.75	-3.75	
24	333.75	-3.75	
24	335	-3.75	
24	335	-3.75	
24	335	-3.75	
24	335	-3.75	
24	335	-3.75	
24	335	-3.75	
24	335	-3.75	
24	335	-3.75	
24	335	-3.75	
24	335	-3.75	
24	335	-3.75	
24	335	-3.75	
24	335	-3.75	
24	335	-3.75	
24	335	-3.75	
24	336.25	-3.75	
24	336.25	-3.75	
24	336.25	-3.75	
24	336.25	-3.75	
24	336.25	-3.75	
24	336.25	-3.75	
24	336.25	-3.75	
24	336.25	-3.75	
24	336.25	-3.75	
24	336.25	-3.75	
24	336.25	-3.75	
24	336.25	-3.75	
25	0	0	
25	0	0	
25	0	0	
25	0	0	
25	0	0	
25	0	0	
25	0	0	
25	0	0	
25	0	0	
25	0	0	
25	0	0	
25	0	0	
25	0	0	
25	0	0	
25	0	0	
25	0	0	
25	3.75	0	
25	6.25	0	
25	16.25	0	
25	31.25	0	
25	40	0	
25	50	2.5	
25	58.75	2.5	
25	90	3.75	
25	101.25	2.5	
25	123.75	2.5	
25	135	2.5	
25	157.5	0	
25	180	0	
25	202.5	-1.25	
25	213.75	-1.25	
25	225	-1.25	
25	236.25	-3.75	
25	268.75	-3.75	
25	277.5	-3.75	
25	295	-3.75	
25	302.5	-3.75	
25	315	-3.75	
25	325	-3.75	
25	331.25	-3.75	
25	333.75	-3.75	
25	336.25	-3.75	
25	337.5	-3.75	
25	338.75	-3.75	
25	338.75	-3.75	
25	338.75	-3.75	
25	340	-3.75	
25	340	-3.75	
25	340	-3.75	
25	340	-3.75	
25	340	-3.75	
25	340	-3.75	
25	340	-3.75	
25	340	-3.75	
25	340	-3.75	
25	340	-3.75	
25	340	-3.75	
25	340	-3.75	
25	340	-3.75	
25	340	-3.75	
25	340	-3.75	
25	340	-3.75	
25	340	-3.75	
25	340	-3.75	
25	340	-3.75	
25	340	-3.75	
25	340	-3.75	
25	340	-3.75	
25	340	-3.75	
25	340	-3.75	
25	340	-3.75	
25	340	-3.75	
25	340	-3.75	
25	340	-3.75	
26	0	0	
26	0	0	
26	0	0	
26	0	0	
26	0	0	
26	0	0	
26	0	0	
26	0	0	
26	0	0	
26	0	0	
26	0	0	
26	0	0	
26	0	0	
26	0	0	
26	0	0	
26	1.25	0	
26	1.25	0	
26	3.75	0	
26	17.5	0	
26	23.75	0	
26	40	2.5	
26	48.75	2.5	
26	60	3.75	
26	98.75	3.75	
26	126.25	3.75	
26	141.25	3.75	
26	155	3.75	
26	168.75	3.75	
26	208.75	2.5	
26	221.25	0	
26	231.25	0	
26	251.25	0	
26	260	0	
26	281.25	0	
26	292.5	0	
26	298.75	0	
26	303.75	0	
26	306.25	0	
26	315	0	
26	316.25	0	
26	317.5	0	
26	322.5	2.5	
26	323.75	2.5	
26	327.5	2.5	
26	327.5	2.5	
26	328.75	2.5	
26	328.75	2.5	
26	328.75	2.5	
26	328.75	2.5	
26	328.75	2.5	
26	328.75	2.5	
26	328.75	2.5	
26	328.75	2.5	
26	328.75	2.5	
26	328.75	2.5	
26	328.75	2.5	
26	328.75	2.5	
26	328.75	2.5	
26	328.75	2.5	
26	328.75	2.5	
26	328.75	2.5	
26	328.75	2.5	
26	328.75	2.5	
26	328.75	2.5	
26	328.75	2.5	
26	328.75	2.5	
26	328.75	2.5	
26	328.75	2.5	
26	328.75	2.5	
26	328.75	2.5	
26	328.75	2.5	
26	328.75	2.5	
26	328.75	2.5	
26	328.75	2.5	
27	0	0	
27	0	0	
27	0	0	
27	0	0	
27	0	0	
27	0	0	
27	0	0	
27	0	0	
27	0	0	
27	0	0	
27	0	0	
27	0	0	
27	0	0	
27	0	0	
27	0	0	
27	0	0	
27	0	0	
27	0	0	
27	1.25	2.5	
27	8.75	3.75	
27	13.75	3.75	
27	18.75	3.75	
27	26.25	3.75	
27	51.25	7.5	
27	61.25	7.5	
27	86.25	10	
27	100	10	
27	112.5	11.25	
27	156.25	11.25	
27	171.25	10	
27	200	7.5	
27	213.75	7.5	
27	226.25	7.5	
27	262.5	6.25	
27	272.5	7.5	
27	281.25	7.5	
27	297.5	7.5	
27	302.5	7.5	
27	316.25	10	
27	318.75	11.25	
27	322.5	11.25	
27	323.75	11.25	
27	323.75	11.25	
27	325	11.25	
27	325	11.25	
27	325	11.25	
27	325	11.25	
27	325	11.25	
27	326.25	11.25	
27	327.5	11.25	
27	330	11.25	
27	330	11.25	
27	331.25	11.25	
27	331.25	11.25	
27	331.25	11.25	
27	331.25	11.25	
27	331.25	11.25	
27	331.25	11.25	
27	331.25	11.25	
27	331.25	11.25	
27	331.25	11.25	
27	332.5	11.25	
27	332.5	11.25	
27	332.5	11.25	
27	332.5	11.25	
27	332.5	11.25	
27	332.5	11.25	
27	332.5	11.25	
27	332.5	11.25	
27	332.5	11.25	
27	332.5	11.25	
27	332.5	11.25	
27	332.5	11.25	
27	332.5	11.25	
28	0	0	
28	0	0	
28	0	0	
28	0	0	
28	0	0	
28	0	0	
28	0	0	
28	0	0	
28	0	0	
28	0	0	
28	0	0	
28	0	0	
28	0	0	
28	0	0	
28	0	0	
28	0	0	
28	0	0	
28	0	0	
28	6.25	1.25	
28	11.25	1.25	
28	25	1.25	
28	33.75	3.75	
28	43.75	3.75	
28	81.25	5	
28	95	5	
28	95	5	
28	132.5	5	
28	150	7.5	
28	200	5	
28	200	5	
28	235	5	
28	235	5	
28	252.5	5	
28	292.5	5	
28	303.75	7.5	
28	312.5	8.75	
28	325	8.75	
28	330	11.25	
28	340	12.5	
28	341.25	12.5	
28	343.75	12.5	
28	345	12.5	
28	345	12.5	
28	345	12.5	
28	345	12.5	
28	345	12.5	
28	345	12.5	
28	345	12.5	
28	345	12.5	
28	345	12.5	
28	345	12.5	
28	345	12.5	
28	345	12.5	
28	345	12.5	
28	345	12.5	
28	345	12.5	
28	345	12.5	
28	345	12.5	
28	345	12.5	
28	345	12.5	
28	345	12.5	
28	345	12.5	
28	345	12.5	
28	345	12.5	
28	345	12.5	
28	345	12.5	
28	345	12.5	
28	345	12.5	
28	345	12.5	
28	345	12.5	
28	345	12.5	
28	345	12.5	
28	345	12.5	
28	345	12.5	
29	0	0	
29	0	0	
29	0	0	
29	0	0	
29	0	0	
29	0	0	
29	0	0	
29	0	0	
29	0	0	
29	0	0	
29	0	0	
29	0	0	
29	0	0	
29	0	0	
29	0	0	
29	1.25	3.75	
29	5	3.75	
29	7.5	3.75	
29	21.25	5	
29	27.5	5	
29	42.5	7.5	
29	51.25	8.75	
29	60	8.75	
29	91.25	8.75	
29	113.75	8.75	
29	126.25	8.75	
29	137.5	8.75	
29	150	8.75	
29	187.5	5	
29	198.75	5	
29	223.75	0	
29	236.25	0	
29	247.5	-1.25	
29	278.75	-3.75	
29	287.5	-3.75	
29	303.75	-3.75	
29	310	-3.75	
29	315	-3.75	
29	327.5	-1.25	
29	331.25	0	
29	332.5	0	
29	336.25	0	
29	336.25	0	
29	337.5	0	
29	337.5	0	
29	337.5	0	
29	337.5	0	
29	337.5	0	
29	337.5	0	
29	337.5	0	
29	337.5	0	
29	337.5	0	
29	337.5	0	
29	337.5	0	
29	337.5	0	
29	337.5	0	
29	337.5	0	
29	337.5	0	
29	337.5	0	
29	337.5	0	
29	337.5	0	
29	337.5	0	
29	337.5	0	
29	337.5	0	
29	337.5	0	
29	337.5	0	
29	337.5	0	
29	337.5	0	
29	337.5	0	
29	337.5	0	
29	337.5	0	
29	337.5	0	
29	337.5	0	
29	337.5	0	
30	0	0	
30	0	0	
30	0	0	
30	0	0	
30	0	0	
30	0	0	
30	0	0	
30	0	0	
30	0	0	
30	0	0	
30	0	0	
30	0	0	
30	0	0	
30	0	0	
30	0	0	
30	0	0	
30	0	0	
30	3.75	2.5	
30	10	3.75	
30	13.75	3.75	
30	23.75	6.25	
30	28.75	6.25	
30	43.75	7.5	
30	61.25	10	
30	70	10	
30	90	11.25	
30	100	11.25	
30	111.25	11.25	
30	135	10	
30	147.5	7.5	
30	173.75	6.25	
30	186.25	3.75	
30	198.75	3.75	
30	235	0	
30	257.5	-1.25	
30	267.5	-3.75	
30	278.75	-3.75	
30	287.5	-3.75	
30	313.75	-5	
30	321.25	-5	
30	327.5	-5	
30	338.75	-3.75	
30	343.75	-3.75	
30	343.75	-3.75	
30	343.75	-3.75	
30	343.75	-3.75	
30	343.75	-3.75	
30	343.75	-3.75	
30	343.75	-3.75	
30	343.75	-3.75	
30	343.75	-3.75	
30	343.75	-3.75	
30	343.75	-3.75	
30	343.75	-3.75	
30	343.75	-3.75	
30	343.75	-3.75	
30	343.75	-3.75	
30	343.75	-3.75	
30	343.75	-3.75	
30	343.75	-3.75	
30	343.75	-3.75	
30	343.75	-3.75	
30	343.75	-3.75	
30	343.75	-3.75	
30	343.75	-3.75	
30	343.75	-3.75	
30	343.75	-3.75	
30	343.75	-3.75	
30	343.75	-3.75	
30	343.75	-3.75	
30	343.75	-3.75	
30	343.75	-3.75	
30	343.75	-3.75	
30	343.75	-3.75	
31	0	0	
31	0	0	
31	0	0	
31	0	0	
31	0	0	
31	0	0	
31	0	0	
31	0	0	
31	0	0	
31	0	0	
31	0	0	
31	0	0	
31	0	0	
31	0	0	
31	0	0	
31	0	0	
31	0	0	
31	0	0	
31	0	0	
31	0	0	
31	0	0	
31	0	0	
31	0	0	
31	3.75	0	
31	12.5	2.5	
31	18.75	2.5	
31	26.25	3.75	
31	35	3.75	
31	66.25	6.25	
31	88.75	7.5	
31	101.25	7.5	
31	113.75	7.5	
31	138.75	7.5	
31	161.25	7.5	
31	183.75	7.5	
31	193.75	7.5	
31	203.75	7.5	
31	212.5	6.25	
31	233.75	3.75	
31	240	3.75	
31	250	3.75	
31	252.5	3.75	
31	260	3.75	
31	266.25	3.75	
31	271.25	3.75	
31	272.5	3.75	
31	275	3.75	
31	276.25	3.75	
31	281.25	3.75	
31	283.75	3.75	
31	286.25	2.5	
31	288.75	2.5	
31	291.25	2.5	
31	293.75	2.5	
31	295	2.5	
31	297.5	2.5	
31	298.75	3.75	
31	300	3.75	
31	303.75	3.75	
31	305	3.75	
31	307.5	2.5	
31	308.75	2.5	
31	311.25	2.5	
31	312.5	2.5	
31	313.75	2.5	
31	313.75	2.5	
31	313.75	2.5	
31	313.75	2.5	
31	313.75	2.5	
31	315	2.5	
31	315	2.5	
31	316.25	2.5	
31	316.25	2.5	
31	317.5	2.5	
32	0	0	
32	0	0	
32	0	0	
32	0	0	
32	0	0	
32	0	0	
32	0	0	
32	0	0	
32	0	0	
32	0	0	
32	0	0	
32	0	0	
32	0	0	
32	0	0	
32	0	0	
32	0	0	
32	0	0	
32	0	0	
32	3.75	1.25	
32	7.5	1.25	
32	16.25	1.25	
32	21.25	1.25	
32	27.5	1.25	
32	45	-2.5	
32	55	-3.75	
32	75	-6.25	
32	86.25	-10	
32	108.75	-13.75	
32	133.75	-15	
32	158.75	-18.75	
32	172.5	-21.25	
32	185	-21.25	
32	210	-22.5	
32	233.75	-21.25	
32	245	-21.25	
32	267.5	-17.5	
32	276.25	-17.5	
32	292.5	-11.25	
32	305	-7.5	
32	312.5	-6.25	
32	315	-6.25	
32	317.5	-3.75	
32	320	-3.75	
32	321.25	-2.5	
32	321.25	-2.5	
32	321.25	-2.5	
32	321.25	-2.5	
32	321.25	-2.5	
32	321.25	-2.5	
32	321.25	-2.5	
32	321.25	-2.5	
32	321.25	-2.5	
32	321.25	-2.5	
32	321.25	-2.5	
32	321.25	-2.5	
32	321.25	-2.5	
32	321.25	-2.5	
32	321.25	-2.5	
32	321.25	-2.5	
32	321.25	-2.5	
32	321.25	-2.5	
32	321.25	-2.5	
32	321.25	-2.5	
32	322.5	-2.5	
32	322.5	-2.5	
32	323.75	-2.5	
32	323.75	-2.5	
32	325	-2.5	
32	326.25	-2.5	
32	327.5	-2.5	
32	327.5	-2.5	
32	327.5	-2.5	
32	327.5	-2.5	
32	327.5	-2.5	
33	0	0	
33	0	0	
33	0	0	
33	0	0	
33	0	0	
33	0	0	
33	0	0	
33	0	0	
33	0	0	
33	0	0	
33	0	0	
33	0	0	
33	0	0	
33	0	0	
33	0	0	
33	0	0	
33	0	0	
33	0	0	
33	1.25	0	
33	3.75	0	
33	6.25	2.5	
33	10	2.5	
33	21.25	3.75	
33	36.25	6.25	
33	55	7.5	
33	77.5	10	
33	88.75	11.25	
33	101.25	11.25	
33	138.75	13.75	
33	151.25	13.75	
33	163.75	13.75	
33	177.5	13.75	
33	201.25	11.25	
33	223.75	10	
33	245	7.5	
33	255	6.25	
33	265	3.75	
33	281.25	3.75	
33	293.75	0	
33	302.5	0	
33	306.25	0	
33	308.75	0	
33	310	0	
33	313.75	-1.25	
33	313.75	-1.25	
33	315	-1.25	
33	315	-1.25	
33	315	-1.25	
33	315	-1.25	
33	315	-1.25	
33	315	-1.25	
33	315	-1.25	
33	315	-1.25	
33	315	-1.25	
33	315	-1.25	
33	315	-1.25	
33	315	-1.25	
33	315	-1.25	
33	315	-1.25	
33	315	-1.25	
33	315	-1.25	
33	315	-1.25	
33	315	-1.25	
33	315	-1.25	
33	315	-1.25	
33	315	-1.25	
33	315	-1.25	
33	315	-1.25	
33	315	-1.25	
33	315	-1.25	
33	315	-1.25	
33	315	-1.25	
33	315	-1.25	
33	315	-1.25	
34	0	0	
34	0	0	
34	0	0	
34	0	0	
34	0	0	
34	0	0	
34	0	0	
34	0	0	
34	0	0	
34	0	0	
34	0	0	
34	0	0	
34	0	0	
34	0	0	
34	0	0	
34	0	0	
34	1.25	-2.5	
34	2.5	-2.5	
34	13.75	-2.5	
34	20	-2.5	
34	25	-2.5	
34	31.25	-2.5	
34	46.25	-2.5	
34	73.75	-2.5	
34	83.75	-2.5	
34	93.75	-2.5	
34	116.25	-6.25	
34	127.5	-6.25	
34	161.25	-10	
34	173.75	-10	
34	185	-11.25	
34	196.25	-13.75	
34	217.5	-13.75	
34	248.75	-13.75	
34	258.75	-13.75	
34	266.25	-13.75	
34	278.75	-11.25	
34	285	-10	
34	296.25	-7.5	
34	298.75	-6.25	
34	300	-6.25	
34	301.25	-6.25	
34	303.75	-6.25	
34	303.75	-6.25	
34	303.75	-6.25	
34	303.75	-6.25	
34	303.75	-6.25	
34	303.75	-6.25	
34	303.75	-6.25	
34	303.75	-6.25	
34	303.75	-6.25	
34	303.75	-6.25	
34	303.75	-6.25	
34	303.75	-6.25	
34	303.75	-6.25	
34	303.75	-6.25	
34	303.75	-6.25	
34	303.75	-6.25	
34	303.75	-6.25	
34	303.75	-6.25	
34	303.75	-6.25	
34	303.75	-6.25	
34	303.75	-6.25	
34	303.75	-6.25	
34	303.75	-6.25	
34	303.75	-6.25	
34	303.75	-6.25	
34	303.75	-6.25	
34	303.75	-6.25	
34	303.75	-6.25	
34	303.75	-6.25	
34	303.75	-6.25	
34	303.75	-6.25	
34	303.75	-6.25	
35	0	0	
35	0	0	
35	0	0	
35	0	0	
35	0	0	
35	0	0	
35	0	0	
35	0	0	
35	0	0	
35	0	0	
35	0	0	
35	0	0	
35	0	0	
35	0	0	
35	0	0	
35	0	0	
35	0	0	
35	0	0	
35	2.5	1.25	
35	5	1.25	
35	10	1.25	
35	12.5	1.25	
35	17.5	1.25	
35	37.5	5	
35	45	5	
35	55	5	
35	75	6.25	
35	86.25	6.25	
35	110	5	
35	132.5	1.25	
35	156.25	1.25	
35	167.5	0	
35	180	-2.5	
35	211.25	-2.5	
35	220	-3.75	
35	230	-3.75	
35	237.5	-3.75	
35	245	-3.75	
35	258.75	-2.5	
35	263.75	-2.5	
35	266.25	-2.5	
35	267.5	-2.5	
35	268.75	-2.5	
35	270	-2.5	
35	270	-2.5	
35	270	-2.5	
35	270	-2.5	
35	270	-2.5	
35	270	-2.5	
35	270	-2.5	
35	270	-2.5	
35	270	-2.5	
35	270	-2.5	
35	270	-2.5	
35	270	-2.5	
35	270	-2.5	
35	270	-2.5	
35	270	-2.5	
35	270	-2.5	
35	270	-2.5	
35	270	-2.5	
35	270	-2.5	
35	270	-2.5	
35	270	-2.5	
35	270	-2.5	
35	270	-2.5	
35	270	-2.5	
35	270	-2.5	
35	270	-2.5	
35	270	-2.5	
35	270	-2.5	
35	270	-2.5	
35	270	-2.5	
35	270	-2.5	
36	0	0	
36	0	0	
36	0	0	
36	0	0	
36	0	0	
36	0	0	
36	0	0	
36	0	0	
36	0	0	
36	0	0	
36	0	0	
36	0	0	
36	0	0	
36	0	0	
36	0	0	
36	0	0	
36	0	0	
36	0	0	
36	0	0	
36	0	0	
36	0	0	
36	0	0	
36	0	0	
36	0	0	
36	0	0	
36	0	0	
36	1.25	0	
36	3.75	0	
36	11.25	0	
36	15	0	
36	26.25	0	
36	33.75	0	
36	40	0	
36	65	2.5	
36	73.75	2.5	
36	83.75	3.75	
36	103.75	3.75	
36	123.75	3.75	
36	146.25	6.25	
36	157.5	6.25	
36	180	6.25	
36	192.5	6.25	
36	203.75	3.75	
36	237.5	3.75	
36	247.5	3.75	
36	257.5	6.25	
36	275	7.5	
36	291.25	7.5	
36	302.5	11.25	
36	306.25	11.25	
36	312.5	12.5	
36	315	12.5	
36	316.25	12.5	
36	318.75	12.5	
36	318.75	12.5	
36	318.75	12.5	
36	320	12.5	
36	320	12.5	
36	320	12.5	
36	320	12.5	
36	320	12.5	
36	320	12.5	
36	320	12.5	
36	320	12.5	
36	320	12.5	
36	320	12.5	
36	320	12.5	
36	320	12.5	
36	320	12.5	
36	320	12.5	
36	320	12.5	
36	320	12.5	
36	320	12.5	
36	320	12.5	
