Trial	X	Y
1	0	0	
1	0	0	
1	0	0	
1	0	0	
1	0	0	
1	0	0	
1	0	0	
1	0	0	
1	0	0	
1	0	0	
1	0	0	
1	0	0	
1	0	0	
1	0	0	
1	0	0	
1	0	0	
1	0	0	
1	0	0	
1	0	0	
1	0	0	
1	0	0	
1	0	0	
1	0	0	
1	0	0	
1	0	0	
1	0	0	
1	0	0	
1	0	0	
1	0	0	
1	0	0	
1	0	0	
1	0	0	
1	0	-1.25	
1	0	-1.25	
1	0	-1.25	
1	0	-1.25	
1	0	-1.25	
1	0	-1.25	
1	0	-1.25	
1	0	-3.75	
1	0	-3.75	
1	0	-3.75	
1	0	-3.75	
1	0	-3.75	
1	0	-3.75	
1	0	-3.75	
1	0	-3.75	
1	0	-3.75	
1	0	-3.75	
1	0	-3.75	
1	0	-3.75	
1	0	-3.75	
1	0	-3.75	
1	0	-3.75	
1	0	-3.75	
1	0	-3.75	
1	0	-3.75	
1	0	-3.75	
1	0	-3.75	
1	0	-3.75	
1	0	-3.75	
1	0	-3.75	
1	0	-3.75	
1	0	-3.75	
1	0	-3.75	
1	0	-3.75	
1	0	-3.75	
1	0	-3.75	
1	0	-3.75	
1	0	-3.75	
1	0	-3.75	
1	0	-3.75	
1	0	-3.75	
1	0	-3.75	
2	0	0	
2	0	0	
2	0	0	
2	0	0	
2	0	0	
2	0	0	
2	0	0	
2	0	0	
2	0	0	
2	0	0	
2	0	0	
2	0	0	
2	0	0	
2	0	0	
2	0	0	
2	0	0	
2	0	0	
2	0	0	
2	0	0	
2	0	0	
2	0	0	
2	0	0	
2	0	0	
2	0	0	
2	0	0	
2	0	0	
2	0	0	
2	0	0	
2	0	0	
2	0	0	
2	0	0	
2	0	0	
2	0	0	
2	0	0	
2	0	0	
2	0	0	
2	0	0	
2	0	0	
2	0	0	
2	0	0	
2	0	0	
2	0	0	
2	0	0	
2	0	0	
2	0	0	
2	0	0	
2	0	0	
2	1.25	0	
2	2.5	0	
2	2.5	0	
2	6.25	0	
2	7.5	0	
2	8.75	0	
2	11.25	0	
2	12.5	0	
2	18.75	0	
2	22.5	0	
2	23.75	0	
2	25	0	
2	27.5	2.5	
2	33.75	2.5	
2	35	3.75	
2	36.25	3.75	
2	40	3.75	
2	41.25	3.75	
2	45	3.75	
2	46.25	3.75	
2	50	3.75	
2	51.25	3.75	
2	52.5	6.25	
2	58.75	6.25	
2	60	6.25	
2	62.5	3.75	
2	67.5	3.75	
3	0	0	
3	0	0	
3	0	0	
3	0	0	
3	0	0	
3	0	0	
3	0	0	
3	0	0	
3	0	0	
3	0	0	
3	0	0	
3	0	0	
3	0	0	
3	0	0	
3	0	0	
3	0	0	
3	0	0	
3	0	0	
3	0	0	
3	0	0	
3	0	0	
3	0	0	
3	0	0	
3	0	0	
3	1.25	0	
3	8.75	0	
3	12.5	0	
3	16.25	0	
3	27.5	1.25	
3	33.75	1.25	
3	55	1.25	
3	63.75	3.75	
3	80	5	
3	88.75	5	
3	97.5	5	
3	123.75	5	
3	132.5	7.5	
3	140	7.5	
3	156.25	5	
3	162.5	5	
3	181.25	5	
3	188.75	5	
3	202.5	5	
3	210	5	
3	216.25	5	
3	233.75	5	
3	240	5	
3	245	5	
3	255	5	
3	260	5	
3	276.25	3.75	
3	281.25	3.75	
3	292.5	1.25	
3	297.5	1.25	
3	302.5	1.25	
3	320	0	
3	326.25	0	
3	332.5	0	
3	342.5	1.25	
3	346.25	1.25	
3	346.25	1.25	
3	346.25	1.25	
3	346.25	1.25	
3	346.25	1.25	
3	346.25	1.25	
3	346.25	1.25	
3	346.25	1.25	
3	346.25	1.25	
3	346.25	1.25	
3	346.25	1.25	
3	346.25	1.25	
3	346.25	1.25	
3	346.25	1.25	
3	346.25	1.25	
4	0	0	
4	0	0	
4	0	0	
4	0	0	
4	0	0	
4	0	0	
4	0	0	
4	0	0	
4	0	0	
4	0	0	
4	0	0	
4	0	0	
4	0	0	
4	0	0	
4	0	0	
4	0	0	
4	0	0	
4	0	0	
4	0	0	
4	0	0	
4	0	0	
4	0	0	
4	0	0	
4	0	0	
4	0	0	
4	0	0	
4	0	0	
4	0	0	
4	0	0	
4	0	0	
4	0	0	
4	0	0	
4	0	0	
4	0	0	
4	0	0	
4	0	0	
4	0	0	
4	0	0	
4	0	0	
4	0	0	
4	0	0	
4	0	0	
4	0	0	
4	0	0	
4	0	0	
4	0	0	
4	0	0	
4	0	0	
4	0	0	
4	0	0	
4	0	0	
4	0	0	
4	0	0	
4	0	0	
4	0	0	
4	0	0	
4	0	0	
4	0	0	
4	0	0	
4	0	0	
4	0	0	
4	0	0	
4	0	0	
4	0	0	
4	0	0	
4	0	0	
4	0	0	
4	0	0	
4	0	0	
4	0	0	
4	0	0	
4	0	0	
4	0	0	
4	0	0	
5	0	0	
5	0	0	
5	0	0	
5	0	0	
5	0	0	
5	0	0	
5	0	0	
5	0	0	
5	0	0	
5	0	0	
5	0	0	
5	0	0	
5	0	0	
5	0	0	
5	0	0	
5	0	0	
5	0	0	
5	0	0	
5	0	0	
5	0	0	
5	0	0	
5	0	0	
5	0	0	
5	0	0	
5	0	0	
5	0	0	
5	0	0	
5	2.5	-1.25	
5	3.75	-3.75	
5	6.25	-3.75	
5	16.25	-3.75	
5	21.25	-3.75	
5	25	-1.25	
5	36.25	0	
5	41.25	0	
5	55	0	
5	60	2.5	
5	68.75	2.5	
5	73.75	2.5	
5	77.5	0	
5	92.5	0	
5	97.5	0	
5	103.75	0	
5	113.75	0	
5	120	0	
5	137.5	2.5	
5	143.75	3.75	
5	155	6.25	
5	161.25	7.5	
5	168.75	7.5	
5	186.25	11.25	
5	192.5	11.25	
5	200	13.75	
5	206.25	15	
5	218.75	15	
5	230	17.5	
5	240	17.5	
5	243.75	17.5	
5	255	18.75	
5	260	18.75	
5	272.5	18.75	
5	277.5	21.25	
5	280	21.25	
5	283.75	21.25	
5	290	21.25	
5	297.5	21.25	
5	305	22.5	
5	307.5	22.5	
5	312.5	21.25	
5	316.25	21.25	
5	321.25	21.25	
5	326.25	18.75	
5	327.5	18.75	
5	330	18.75	
6	0	0	
6	0	0	
6	0	0	
6	0	0	
6	0	0	
6	0	0	
6	0	0	
6	0	0	
6	0	0	
6	0	0	
6	0	0	
6	0	0	
6	0	0	
6	0	0	
6	0	0	
6	0	0	
6	0	0	
6	0	0	
6	0	0	
6	0	0	
6	0	0	
6	0	0	
6	0	0	
6	0	0	
6	0	0	
6	0	0	
6	0	0	
6	0	0	
6	0	0	
6	0	0	
6	0	0	
6	0	0	
6	0	0	
6	0	0	
6	0	0	
6	0	0	
6	0	0	
6	0	0	
6	0	0	
6	0	0	
6	0	0	
6	0	0	
6	1.25	0	
6	1.25	0	
6	6.25	-1.25	
6	11.25	-3.75	
6	18.75	-3.75	
6	22.5	-3.75	
6	26.25	-3.75	
6	36.25	-3.75	
6	53.75	-3.75	
6	60	-3.75	
6	67.5	-1.25	
6	73.75	0	
6	85	0	
6	96.25	0	
6	107.5	2.5	
6	113.75	2.5	
6	120	2.5	
6	132.5	2.5	
6	152.5	3.75	
6	160	3.75	
6	167.5	3.75	
6	173.75	6.25	
6	186.25	7.5	
6	195	10	
6	210	13.75	
6	217.5	15	
6	223.75	15	
6	233.75	18.75	
6	246.25	22.5	
6	248.75	22.5	
6	252.5	22.5	
6	260	18.75	
7	0	0	
7	0	0	
7	0	0	
7	0	0	
7	0	0	
7	0	0	
7	0	0	
7	0	0	
7	0	0	
7	0	0	
7	0	0	
7	0	-1.25	
7	0	-1.25	
7	0	-1.25	
7	0	-1.25	
7	0	-1.25	
7	0	-1.25	
7	0	-1.25	
7	0	-1.25	
7	0	-1.25	
7	0	-1.25	
7	0	-1.25	
7	2.5	-1.25	
7	5	-3.75	
7	7.5	-3.75	
7	17.5	0	
7	21.25	0	
7	25	0	
7	30	3.75	
7	42.5	5	
7	56.25	8.75	
7	63.75	8.75	
7	71.25	12.5	
7	90	16.25	
7	97.5	16.25	
7	123.75	22.5	
7	131.25	23.75	
7	140	23.75	
7	148.75	27.5	
7	166.25	30	
7	181.25	31.25	
7	188.75	31.25	
7	201.25	31.25	
7	213.75	31.25	
7	220	31.25	
7	240	27.5	
7	247.5	27.5	
7	252.5	27.5	
7	258.75	27.5	
7	270	23.75	
7	281.25	23.75	
7	287.5	22.5	
7	301.25	20	
7	306.25	20	
7	316.25	18.75	
7	326.25	16.25	
7	333.75	16.25	
7	338.75	15	
7	342.5	12.5	
7	346.25	12.5	
7	346.25	12.5	
7	346.25	12.5	
7	346.25	12.5	
7	346.25	12.5	
7	346.25	12.5	
7	346.25	12.5	
7	346.25	12.5	
7	346.25	12.5	
7	346.25	12.5	
7	346.25	12.5	
7	346.25	12.5	
7	346.25	12.5	
7	346.25	12.5	
7	346.25	12.5	
8	0	0	
8	0	0	
8	0	0	
8	0	0	
8	0	0	
8	0	0	
8	0	0	
8	0	0	
8	0	0	
8	0	0	
8	0	0	
8	0	0	
8	0	0	
8	0	0	
8	0	0	
8	0	0	
8	0	0	
8	0	0	
8	0	0	
8	0	0	
8	0	0	
8	0	0	
8	0	0	
8	0	0	
8	0	0	
8	0	0	
8	0	0	
8	0	0	
8	1.25	0	
8	5	-1.25	
8	11.25	-1.25	
8	13.75	-1.25	
8	23.75	0	
8	28.75	0	
8	33.75	2.5	
8	52.5	3.75	
8	65	7.5	
8	73.75	10	
8	81.25	11.25	
8	97.5	15	
8	113.75	17.5	
8	121.25	17.5	
8	135	18.75	
8	142.5	18.75	
8	150	18.75	
8	173.75	18.75	
8	187.5	18.75	
8	193.75	18.75	
8	201.25	18.75	
8	208.75	17.5	
8	226.25	15	
8	233.75	15	
8	250	13.75	
8	258.75	11.25	
8	266.25	11.25	
8	285	11.25	
8	295	11.25	
8	298.75	10	
8	303.75	7.5	
8	312.5	7.5	
8	321.25	6.25	
8	323.75	6.25	
8	328.75	3.75	
8	330	3.75	
8	332.5	3.75	
8	340	3.75	
8	345	2.5	
8	346.25	2.5	
8	347.5	2.5	
8	348.75	2.5	
8	348.75	2.5	
8	348.75	2.5	
8	348.75	2.5	
8	348.75	2.5	
9	0	0	
9	0	0	
9	0	0	
9	0	0	
9	0	0	
9	0	0	
9	0	0	
9	0	0	
9	0	0	
9	0	0	
9	0	0	
9	0	0	
9	0	0	
9	0	0	
9	0	0	
9	0	0	
9	0	0	
9	0	0	
9	0	0	
9	0	0	
9	0	0	
9	0	0	
9	0	0	
9	0	0	
9	0	0	
9	0	0	
9	0	0	
9	0	0	
9	0	0	
9	0	0	
9	0	-1.25	
9	0	-1.25	
9	1.25	-3.75	
9	2.5	-3.75	
9	5	-5	
9	12.5	-7.5	
9	16.25	-7.5	
9	21.25	-7.5	
9	31.25	-7.5	
9	36.25	-7.5	
9	55	-7.5	
9	60	-7.5	
9	72.5	-7.5	
9	80	-7.5	
9	86.25	-7.5	
9	108.75	-7.5	
9	117.5	-7.5	
9	126.25	-5	
9	145	-3.75	
9	152.5	-3.75	
9	170	-1.25	
9	181.25	0	
9	198.75	2.5	
9	207.5	3.75	
9	215	3.75	
9	236.25	6.25	
9	242.5	6.25	
9	250	7.5	
9	263.75	7.5	
9	270	7.5	
9	287.5	7.5	
9	292.5	7.5	
9	302.5	10	
9	305	10	
9	308.75	10	
9	318.75	10	
9	321.25	10	
9	323.75	10	
9	327.5	7.5	
9	330	7.5	
9	333.75	7.5	
9	333.75	7.5	
9	336.25	7.5	
9	337.5	7.5	
10	0	0	
10	0	0	
10	0	0	
10	0	0	
10	0	0	
10	0	0	
10	0	0	
10	0	0	
10	0	0	
10	0	0	
10	0	0	
10	0	0	
10	0	0	
10	0	0	
10	0	0	
10	0	0	
10	0	0	
10	0	0	
10	0	0	
10	0	0	
10	0	0	
10	0	0	
10	0	0	
10	0	0	
10	0	0	
10	0	0	
10	1.25	0	
10	3.75	-1.25	
10	5	-1.25	
10	6.25	-1.25	
10	16.25	-3.75	
10	20	-3.75	
10	23.75	-1.25	
10	35	0	
10	41.25	0	
10	61.25	3.75	
10	68.75	3.75	
10	77.5	3.75	
10	85	6.25	
10	102.5	10	
10	120	11.25	
10	137.5	15	
10	145	15	
10	161.25	17.5	
10	170	18.75	
10	195	21.25	
10	202.5	21.25	
10	211.25	22.5	
10	217.5	22.5	
10	231.25	21.25	
10	245	21.25	
10	257.5	18.75	
10	263.75	18.75	
10	275	17.5	
10	280	15	
10	296.25	13.75	
10	301.25	13.75	
10	305	11.25	
10	310	11.25	
10	318.75	11.25	
10	322.5	11.25	
10	322.5	11.25	
10	322.5	11.25	
10	322.5	11.25	
10	322.5	11.25	
10	322.5	11.25	
10	322.5	11.25	
10	322.5	11.25	
10	322.5	11.25	
10	322.5	11.25	
10	322.5	11.25	
10	322.5	11.25	
10	322.5	11.25	
10	322.5	11.25	
11	0	0	
11	0	0	
11	0	0	
11	0	0	
11	0	0	
11	0	0	
11	0	0	
11	0	0	
11	0	0	
11	0	0	
11	0	0	
11	0	0	
11	0	0	
11	0	0	
11	0	0	
11	0	0	
11	0	0	
11	0	0	
11	0	0	
11	0	0	
11	0	0	
11	0	0	
11	0	0	
11	0	0	
11	0	0	
11	0	0	
11	2.5	-2.5	
11	3.75	-2.5	
11	5	-2.5	
11	7.5	-2.5	
11	16.25	-2.5	
11	21.25	0	
11	30	1.25	
11	35	1.25	
11	41.25	1.25	
11	61.25	5	
11	71.25	5	
11	80	8.75	
11	90	8.75	
11	110	11.25	
11	130	12.5	
11	150	16.25	
11	161.25	18.75	
11	171.25	20	
11	182.5	20	
11	211.25	26.25	
11	228.75	27.5	
11	237.5	27.5	
11	245	27.5	
11	261.25	27.5	
11	277.5	27.5	
11	293.75	27.5	
11	300	27.5	
11	307.5	27.5	
11	313.75	26.25	
11	337.5	22.5	
11	343.75	22.5	
11	347.5	20	
11	347.5	20	
11	347.5	20	
11	347.5	20	
11	347.5	20	
11	347.5	20	
11	347.5	20	
11	347.5	20	
11	347.5	20	
11	347.5	20	
11	347.5	20	
11	347.5	20	
11	347.5	20	
11	347.5	20	
11	347.5	20	
11	347.5	20	
11	347.5	20	
12	0	0	
12	0	0	
12	0	0	
12	0	0	
12	0	0	
12	0	0	
12	0	0	
12	0	0	
12	0	0	
12	0	0	
12	0	0	
12	0	0	
12	0	0	
12	0	0	
12	0	0	
12	0	0	
12	0	0	
12	0	0	
12	0	0	
12	0	0	
12	2.5	0	
12	2.5	0	
12	5	-1.25	
12	7.5	-1.25	
12	11.25	-1.25	
12	20	-1.25	
12	28.75	0	
12	33.75	0	
12	41.25	0	
12	48.75	2.5	
12	75	7.5	
12	83.75	10	
12	103.75	13.75	
12	112.5	15	
12	122.5	18.75	
12	147.5	22.5	
12	155	22.5	
12	155	22.5	
12	175	26.25	
12	183.75	26.25	
12	203.75	26.25	
12	212.5	26.25	
12	221.25	26.25	
12	237.5	25	
12	245	22.5	
12	266.25	21.25	
12	271.25	18.75	
12	276.25	18.75	
12	281.25	17.5	
12	291.25	13.75	
12	305	7.5	
12	308.75	7.5	
12	308.75	7.5	
12	308.75	7.5	
12	308.75	7.5	
12	308.75	7.5	
12	308.75	7.5	
12	308.75	7.5	
12	308.75	7.5	
12	340	-3.75	
12	341.25	-3.75	
12	342.5	-3.75	
12	342.5	-3.75	
12	343.75	-3.75	
12	343.75	-3.75	
12	343.75	-3.75	
12	345	-3.75	
12	345	-3.75	
12	345	-3.75	
12	345	-3.75	
12	345	-3.75	
12	345	-3.75	
12	345	-3.75	
12	345	-3.75	
13	0	0	
13	0	0	
13	0	0	
13	0	0	
13	0	0	
13	0	0	
13	0	0	
13	0	0	
13	0	0	
13	0	0	
13	0	0	
13	0	0	
13	0	0	
13	0	0	
13	0	0	
13	0	0	
13	0	0	
13	0	0	
13	0	0	
13	0	0	
13	0	0	
13	0	0	
13	0	0	
13	0	0	
13	0	-1.25	
13	3.75	-3.75	
13	10	-3.75	
13	15	-3.75	
13	20	-3.75	
13	27.5	-3.75	
13	53.75	0	
13	62.5	2.5	
13	73.75	3.75	
13	85	3.75	
13	106.25	3.75	
13	127.5	7.5	
13	137.5	7.5	
13	147.5	7.5	
13	166.25	10	
13	175	10	
13	191.25	11.25	
13	210	11.25	
13	218.75	11.25	
13	235	11.25	
13	242.5	13.75	
13	263.75	11.25	
13	263.75	11.25	
13	272.5	11.25	
13	280	10	
13	293.75	6.25	
13	305	3.75	
13	315	0	
13	320	0	
13	330	-1.25	
13	335	-3.75	
13	347.5	-3.75	
13	347.5	-3.75	
13	347.5	-3.75	
13	347.5	-3.75	
13	347.5	-3.75	
13	347.5	-3.75	
13	347.5	-3.75	
13	347.5	-3.75	
13	347.5	-3.75	
13	347.5	-3.75	
13	347.5	-3.75	
13	347.5	-3.75	
13	347.5	-3.75	
13	347.5	-3.75	
13	347.5	-3.75	
13	347.5	-3.75	
13	347.5	-3.75	
13	347.5	-3.75	
13	347.5	-3.75	
14	0	0	
14	0	0	
14	0	0	
14	0	0	
14	0	0	
14	0	0	
14	0	0	
14	0	0	
14	0	0	
14	0	0	
14	0	0	
14	0	0	
14	0	0	
14	0	0	
14	0	0	
14	0	0	
14	0	0	
14	0	0	
14	0	0	
14	0	0	
14	0	0	
14	0	0	
14	0	0	
14	0	0	
14	0	0	
14	23.75	-3.75	
14	31.25	-3.75	
14	48.75	-3.75	
14	60	-3.75	
14	72.5	-1.25	
14	96.25	2.5	
14	121.25	3.75	
14	132.5	3.75	
14	142.5	3.75	
14	162.5	3.75	
14	191.25	2.5	
14	200	0	
14	207.5	0	
14	216.25	-3.75	
14	228.75	-5	
14	240	-7.5	
14	250	-8.75	
14	255	-11.25	
14	258.75	-11.25	
14	262.5	-11.25	
14	278.75	-12.5	
14	283.75	-16.25	
14	286.25	-16.25	
14	291.25	-16.25	
14	297.5	-16.25	
14	306.25	-16.25	
14	315	-12.5	
14	318.75	-12.5	
14	323.75	-11.25	
14	326.25	-11.25	
14	338.75	-7.5	
14	341.25	-7.5	
14	343.75	-5	
14	345	-5	
14	347.5	-3.75	
14	348.75	-3.75	
14	348.75	-3.75	
14	348.75	-3.75	
14	348.75	-3.75	
14	348.75	-3.75	
14	348.75	-3.75	
14	348.75	-3.75	
14	348.75	-3.75	
14	348.75	-3.75	
14	348.75	-3.75	
14	348.75	-3.75	
14	348.75	-3.75	
14	348.75	-3.75	
14	348.75	-3.75	
15	0	0	
15	0	0	
15	-1.25	0	
15	-1.25	0	
15	-1.25	0	
15	-1.25	0	
15	-1.25	0	
15	-1.25	0	
15	-1.25	0	
15	-1.25	0	
15	-1.25	0	
15	-1.25	0	
15	-1.25	0	
15	-1.25	0	
15	-1.25	0	
15	-1.25	0	
15	-1.25	0	
15	-1.25	0	
15	-1.25	0	
15	-1.25	0	
15	-1.25	0	
15	-1.25	0	
15	0	0	
15	1.25	0	
15	3.75	0	
15	15	-3.75	
15	18.75	-3.75	
15	23.75	-5	
15	35	-7.5	
15	41.25	-8.75	
15	66.25	-11.25	
15	75	-11.25	
15	93.75	-12.5	
15	103.75	-15	
15	113.75	-15	
15	135	-16.25	
15	155	-18.75	
15	166.25	-18.75	
15	175	-20	
15	192.5	-22.5	
15	216.25	-23.75	
15	222.5	-23.75	
15	228.75	-26.25	
15	235	-26.25	
15	246.25	-26.25	
15	255	-27.5	
15	265	-27.5	
15	268.75	-27.5	
15	273.75	-26.25	
15	282.5	-26.25	
15	293.75	-22.5	
15	298.75	-22.5	
15	302.5	-20	
15	307.5	-18.75	
15	311.25	-18.75	
15	318.75	-18.75	
15	323.75	-18.75	
15	326.25	-16.25	
15	330	-16.25	
15	331.25	-15	
15	335	-12.5	
15	336.25	-11.25	
15	336.25	-11.25	
15	337.5	-11.25	
15	338.75	-11.25	
15	338.75	-11.25	
15	338.75	-11.25	
15	338.75	-11.25	
15	338.75	-11.25	
15	338.75	-11.25	
15	338.75	-11.25	
15	338.75	-11.25	
15	338.75	-11.25	
15	338.75	-11.25	
16	0	0	
16	0	0	
16	0	0	
16	0	0	
16	0	0	
16	-1.25	-2.5	
16	-1.25	-2.5	
16	-1.25	-2.5	
16	-1.25	-2.5	
16	-1.25	-2.5	
16	-1.25	-2.5	
16	-1.25	-2.5	
16	-1.25	-2.5	
16	-1.25	-2.5	
16	-1.25	-2.5	
16	-1.25	-2.5	
16	-1.25	-2.5	
16	-1.25	-2.5	
16	-1.25	-2.5	
16	0	-2.5	
16	1.25	-3.75	
16	7.5	-6.25	
16	11.25	-6.25	
16	20	-7.5	
16	25	-10	
16	46.25	-10	
16	53.75	-10	
16	61.25	-10	
16	78.75	-7.5	
16	87.5	-7.5	
16	107.5	-6.25	
16	127.5	-2.5	
16	147.5	-2.5	
16	157.5	0	
16	167.5	1.25	
16	193.75	1.25	
16	202.5	3.75	
16	210	3.75	
16	225	5	
16	232.5	5	
16	243.75	5	
16	250	5	
16	261.25	5	
16	271.25	5	
16	276.25	3.75	
16	285	3.75	
16	293.75	1.25	
16	297.5	1.25	
16	300	1.25	
16	303.75	1.25	
16	312.5	1.25	
16	316.25	1.25	
16	322.5	0	
16	326.25	0	
16	331.25	0	
16	336.25	0	
16	341.25	0	
16	343.75	0	
16	345	-2.5	
16	346.25	-2.5	
16	348.75	-2.5	
16	348.75	-2.5	
16	348.75	-2.5	
16	348.75	-2.5	
16	348.75	-2.5	
16	348.75	-2.5	
16	348.75	-2.5	
16	348.75	-2.5	
16	348.75	-2.5	
16	348.75	-2.5	
16	348.75	-2.5	
16	348.75	-2.5	
16	348.75	-2.5	
16	348.75	-2.5	
17	0	0	
17	0	0	
17	0	0	
17	0	0	
17	0	0	
17	0	0	
17	0	0	
17	0	0	
17	0	0	
17	0	0	
17	0	0	
17	0	0	
17	0	0	
17	0	0	
17	0	0	
17	0	0	
17	0	0	
17	0	0	
17	0	0	
17	0	0	
17	0	0	
17	0	0	
17	0	0	
17	0	0	
17	0	0	
17	26.25	-3.75	
17	31.25	-3.75	
17	37.5	-3.75	
17	43.75	-6.25	
17	56.25	-3.75	
17	72.5	-3.75	
17	82.5	-2.5	
17	91.25	-2.5	
17	110	0	
17	118.75	1.25	
17	143.75	1.25	
17	151.25	1.25	
17	166.25	0	
17	173.75	0	
17	173.75	0	
17	173.75	0	
17	173.75	0	
17	173.75	0	
17	173.75	0	
17	235	-6.25	
17	247.5	-3.75	
17	251.25	-3.75	
17	260	-6.25	
17	263.75	-3.75	
17	268.75	-3.75	
17	282.5	-3.75	
17	287.5	-3.75	
17	291.25	-3.75	
17	298.75	-6.25	
17	302.5	-6.25	
17	312.5	-6.25	
17	315	-6.25	
17	320	-6.25	
17	321.25	-6.25	
17	323.75	-7.5	
17	326.25	-6.25	
17	326.25	-6.25	
17	327.5	-6.25	
17	328.75	-6.25	
17	328.75	-6.25	
17	328.75	-6.25	
17	328.75	-6.25	
17	328.75	-6.25	
17	328.75	-6.25	
17	328.75	-6.25	
17	331.25	-6.25	
17	331.25	-6.25	
17	332.5	-6.25	
17	335	-6.25	
18	0	0	
18	0	0	
18	0	0	
18	0	0	
18	0	0	
18	0	0	
18	0	0	
18	0	0	
18	0	0	
18	0	0	
18	0	0	
18	0	0	
18	0	0	
18	0	0	
18	0	0	
18	0	0	
18	0	0	
18	0	0	
18	0	0	
18	0	0	
18	6.25	0	
18	11.25	0	
18	16.25	0	
18	30	0	
18	38.75	2.5	
18	56.25	2.5	
18	75	3.75	
18	83.75	3.75	
18	93.75	3.75	
18	111.25	3.75	
18	138.75	6.25	
18	147.5	6.25	
18	157.5	7.5	
18	175	11.25	
18	183.75	11.25	
18	200	13.75	
18	213.75	15	
18	221.25	15	
18	227.5	15	
18	241.25	15	
18	260	15	
18	266.25	13.75	
18	271.25	13.75	
18	282.5	11.25	
18	287.5	11.25	
18	297.5	11.25	
18	305	11.25	
18	308.75	11.25	
18	312.5	11.25	
18	318.75	11.25	
18	326.25	10	
18	330	10	
18	332.5	7.5	
18	336.25	7.5	
18	337.5	7.5	
18	341.25	3.75	
18	343.75	3.75	
18	345	3.75	
18	346.25	3.75	
18	347.5	3.75	
18	347.5	3.75	
18	347.5	3.75	
18	347.5	3.75	
18	347.5	3.75	
18	347.5	3.75	
18	347.5	3.75	
18	347.5	3.75	
18	347.5	3.75	
18	347.5	3.75	
18	347.5	3.75	
18	347.5	3.75	
18	347.5	3.75	
18	347.5	3.75	
18	347.5	3.75	
19	0	0	
19	0	0	
19	0	0	
19	0	0	
19	0	0	
19	0	0	
19	0	0	
19	0	0	
19	0	0	
19	0	0	
19	0	0	
19	0	0	
19	0	0	
19	0	0	
19	0	0	
19	0	0	
19	0	0	
19	0	0	
19	0	0	
19	0	0	
19	1.25	0	
19	3.75	0	
19	6.25	0	
19	12.5	-2.5	
19	12.5	-2.5	
19	30	-2.5	
19	30	-2.5	
19	52.5	-2.5	
19	66.25	0	
19	77.5	1.25	
19	112.5	5	
19	123.75	5	
19	142.5	7.5	
19	152.5	7.5	
19	168.75	5	
19	183.75	3.75	
19	190	1.25	
19	197.5	1.25	
19	197.5	1.25	
19	197.5	1.25	
19	197.5	1.25	
19	197.5	1.25	
19	257.5	-10	
19	261.25	-10	
19	268.75	-10	
19	276.25	-11.25	
19	280	-11.25	
19	287.5	-13.75	
19	291.25	-13.75	
19	293.75	-13.75	
19	302.5	-13.75	
19	303.75	-13.75	
19	308.75	-15	
19	312.5	-13.75	
19	318.75	-13.75	
19	325	-13.75	
19	327.5	-13.75	
19	332.5	-11.25	
19	335	-11.25	
19	337.5	-11.25	
19	341.25	-10	
19	341.25	-10	
19	342.5	-10	
19	342.5	-10	
19	342.5	-10	
19	342.5	-10	
19	342.5	-10	
19	342.5	-10	
19	342.5	-10	
19	342.5	-10	
19	342.5	-10	
19	342.5	-10	
19	342.5	-10	
19	342.5	-10	
20	0	0	
20	0	0	
20	0	0	
20	0	0	
20	0	0	
20	1.25	0	
20	1.25	0	
20	1.25	0	
20	1.25	0	
20	1.25	0	
20	1.25	0	
20	1.25	0	
20	1.25	0	
20	1.25	0	
20	1.25	0	
20	1.25	0	
20	1.25	0	
20	1.25	0	
20	1.25	0	
20	1.25	0	
20	1.25	-3.75	
20	3.75	-5	
20	6.25	-7.5	
20	8.75	-8.75	
20	17.5	-11.25	
20	30	-12.5	
20	46.25	-8.75	
20	55	-7.5	
20	73.75	-5	
20	82.5	-3.75	
20	101.25	-1.25	
20	121.25	0	
20	130	2.5	
20	138.75	2.5	
20	157.5	3.75	
20	185	7.5	
20	195	7.5	
20	205	10	
20	222.5	11.25	
20	222.5	11.25	
20	242.5	15	
20	251.25	17.5	
20	266.25	17.5	
20	272.5	17.5	
20	278.75	17.5	
20	290	15	
20	296.25	11.25	
20	300	11.25	
20	302.5	10	
20	306.25	7.5	
20	312.5	3.75	
20	315	3.75	
20	316.25	2.5	
20	321.25	0	
20	322.5	0	
20	327.5	-3.75	
20	328.75	-3.75	
20	330	-3.75	
20	330	-3.75	
20	330	-3.75	
20	330	-3.75	
20	330	-3.75	
20	330	-3.75	
20	330	-3.75	
20	330	-3.75	
20	331.25	-5	
20	331.25	-5	
20	331.25	-5	
20	331.25	-5	
20	331.25	-3.75	
20	331.25	-3.75	
20	331.25	-3.75	
20	331.25	-3.75	
20	331.25	-3.75	
21	0	0	
21	0	0	
21	0	0	
21	0	0	
21	0	0	
21	0	0	
21	-1.25	0	
21	-2.5	0	
21	-2.5	0	
21	-2.5	0	
21	-2.5	0	
21	-2.5	2.5	
21	-13.75	6.25	
21	-13.75	6.25	
21	-13.75	6.25	
21	-13.75	6.25	
21	-13.75	6.25	
21	-13.75	6.25	
21	-13.75	6.25	
21	-13.75	6.25	
21	-13.75	6.25	
21	-13.75	6.25	
21	-13.75	6.25	
21	-13.75	6.25	
21	-13.75	6.25	
21	-13.75	6.25	
21	-13.75	6.25	
21	-13.75	6.25	
21	-13.75	6.25	
21	-13.75	6.25	
21	18.75	-5	
21	31.25	-5	
21	37.5	-5	
21	47.5	-5	
21	57.5	-3.75	
21	77.5	-1.25	
21	97.5	0	
21	106.25	2.5	
21	126.25	3.75	
21	135	6.25	
21	161.25	7.5	
21	171.25	7.5	
21	180	7.5	
21	188.75	7.5	
21	203.75	7.5	
21	217.5	10	
21	230	11.25	
21	235	11.25	
21	248.75	13.75	
21	255	13.75	
21	271.25	15	
21	275	15	
21	278.75	15	
21	282.5	15	
21	288.75	13.75	
21	293.75	11.25	
21	300	10	
21	302.5	7.5	
21	306.25	7.5	
21	308.75	7.5	
21	316.25	3.75	
21	318.75	3.75	
21	322.5	3.75	
21	325	2.5	
21	328.75	2.5	
21	330	2.5	
21	331.25	2.5	
21	332.5	2.5	
21	332.5	2.5	
21	332.5	2.5	
21	332.5	2.5	
21	332.5	2.5	
21	332.5	2.5	
21	332.5	2.5	
22	0	0	
22	0	0	
22	0	0	
22	0	0	
22	0	0	
22	0	0	
22	0	0	
22	0	0	
22	0	0	
22	0	0	
22	0	0	
22	0	0	
22	0	0	
22	0	0	
22	0	0	
22	0	0	
22	0	0	
22	1.25	0	
22	2.5	-2.5	
22	3.75	-2.5	
22	8.75	-2.5	
22	12.5	-2.5	
22	20	-2.5	
22	25	-2.5	
22	31.25	-2.5	
22	55	0	
22	65	1.25	
22	73.75	1.25	
22	95	5	
22	105	5	
22	136.25	7.5	
22	147.5	7.5	
22	168.75	8.75	
22	180	8.75	
22	191.25	12.5	
22	222.5	16.25	
22	231.25	16.25	
22	240	16.25	
22	247.5	18.75	
22	262.5	18.75	
22	277.5	18.75	
22	288.75	18.75	
22	292.5	18.75	
22	301.25	16.25	
22	306.25	12.5	
22	316.25	8.75	
22	318.75	7.5	
22	321.25	5	
22	323.75	5	
22	327.5	3.75	
22	331.25	1.25	
22	336.25	1.25	
22	337.5	1.25	
22	342.5	0	
22	343.75	0	
22	346.25	0	
22	346.25	-2.5	
22	346.25	-2.5	
22	346.25	-2.5	
22	346.25	-2.5	
22	346.25	-2.5	
22	347.5	-2.5	
22	347.5	-2.5	
22	347.5	-2.5	
22	347.5	-2.5	
22	347.5	-2.5	
22	347.5	-2.5	
22	347.5	-2.5	
22	347.5	-2.5	
22	347.5	-2.5	
22	347.5	-2.5	
22	347.5	-2.5	
22	347.5	-2.5	
22	347.5	-2.5	
23	0	0	
23	0	0	
23	0	0	
23	0	0	
23	0	0	
23	0	0	
23	0	0	
23	0	0	
23	0	0	
23	0	0	
23	0	0	
23	0	0	
23	0	0	
23	0	0	
23	0	0	
23	0	0	
23	0	0	
23	0	0	
23	0	0	
23	0	0	
23	0	0	
23	0	0	
23	0	0	
23	-1.25	-1.25	
23	-1.25	-1.25	
23	1.25	-3.75	
23	7.5	-5	
23	11.25	-7.5	
23	16.25	-7.5	
23	22.5	-5	
23	46.25	-3.75	
23	55	-1.25	
23	72.5	0	
23	81.25	0	
23	91.25	0	
23	122.5	-3.75	
23	131.25	-3.75	
23	152.5	-7.5	
23	162.5	-7.5	
23	172.5	-8.75	
23	201.25	-7.5	
23	211.25	-7.5	
23	221.25	-5	
23	231.25	-3.75	
23	241.25	-3.75	
23	272.5	0	
23	280	0	
23	286.25	0	
23	292.5	0	
23	302.5	0	
23	308.75	-1.25	
23	315	-3.75	
23	325	-5	
23	330	-5	
23	333.75	-7.5	
23	343.75	-7.5	
23	348.75	-7.5	
23	348.75	-7.5	
23	348.75	-7.5	
23	348.75	-7.5	
23	348.75	-7.5	
23	348.75	-7.5	
23	348.75	-7.5	
23	348.75	-7.5	
23	348.75	-7.5	
23	348.75	-7.5	
23	348.75	-7.5	
23	348.75	-7.5	
23	348.75	-7.5	
23	348.75	-7.5	
23	348.75	-7.5	
23	348.75	-7.5	
23	348.75	-7.5	
23	348.75	-7.5	
24	0	0	
24	0	0	
24	0	0	
24	0	0	
24	0	0	
24	0	0	
24	0	0	
24	0	0	
24	0	0	
24	0	0	
24	0	0	
24	0	0	
24	0	0	
24	0	0	
24	0	0	
24	0	0	
24	0	0	
24	0	0	
24	0	0	
24	0	0	
24	0	0	
24	0	0	
24	0	0	
24	0	0	
24	0	0	
24	0	0	
24	0	0	
24	0	0	
24	0	0	
24	0	0	
24	2.5	0	
24	8.75	0	
24	13.75	0	
24	18.75	0	
24	35	1.25	
24	55	3.75	
24	66.25	5	
24	77.5	5	
24	101.25	5	
24	112.5	5	
24	152.5	7.5	
24	165	8.75	
24	177.5	8.75	
24	191.25	8.75	
24	213.75	11.25	
24	235	12.5	
24	255	12.5	
24	263.75	12.5	
24	278.75	15	
24	286.25	12.5	
24	302.5	12.5	
24	306.25	11.25	
24	306.25	11.25	
24	317.5	8.75	
24	322.5	5	
24	331.25	3.75	
24	338.75	1.25	
24	342.5	0	
24	342.5	0	
24	342.5	0	
24	342.5	0	
24	342.5	0	
24	342.5	0	
24	342.5	0	
24	342.5	0	
24	342.5	0	
24	342.5	0	
24	342.5	0	
24	342.5	0	
24	342.5	0	
24	342.5	0	
24	342.5	0	
24	342.5	0	
24	342.5	0	
25	0	0	
25	0	0	
25	0	0	
25	0	0	
25	0	0	
25	0	0	
25	0	0	
25	0	0	
25	0	0	
25	0	0	
25	0	0	
25	0	0	
25	0	0	
25	0	0	
25	0	0	
25	0	0	
25	0	0	
25	0	0	
25	0	0	
25	0	0	
25	0	0	
25	0	0	
25	0	0	
25	0	0	
25	1.25	-1.25	
25	11.25	-3.75	
25	11.25	-3.75	
25	23.75	-3.75	
25	32.5	-3.75	
25	32.5	-3.75	
25	66.25	-1.25	
25	90	0	
25	102.5	3.75	
25	115	3.75	
25	140	7.5	
25	163.75	11.25	
25	176.25	13.75	
25	188.75	15	
25	203.75	15	
25	230	18.75	
25	253.75	21.25	
25	275	22.5	
25	286.25	22.5	
25	305	25	
25	315	26.25	
25	331.25	26.25	
25	345	26.25	
25	345	26.25	
25	345	26.25	
25	345	26.25	
25	345	26.25	
25	345	26.25	
25	345	26.25	
25	345	26.25	
25	345	26.25	
25	345	26.25	
25	345	26.25	
25	345	26.25	
25	345	26.25	
25	345	26.25	
25	345	26.25	
25	345	26.25	
25	345	26.25	
25	345	26.25	
25	345	26.25	
25	345	26.25	
25	345	26.25	
25	345	26.25	
25	345	26.25	
25	345	26.25	
25	345	26.25	
25	345	26.25	
25	345	26.25	
25	345	26.25	
26	0	0	
26	0	0	
26	0	0	
26	0	0	
26	0	0	
26	0	0	
26	0	0	
26	0	0	
26	0	0	
26	0	0	
26	0	0	
26	0	0	
26	0	0	
26	0	0	
26	0	0	
26	-6.25	-1.25	
26	-6.25	-1.25	
26	-6.25	-1.25	
26	-6.25	0	
26	-6.25	0	
26	-6.25	0	
26	-6.25	0	
26	17.5	-2.5	
26	22.5	-2.5	
26	28.75	-2.5	
26	48.75	-6.25	
26	63.75	-6.25	
26	71.25	-6.25	
26	80	-6.25	
26	88.75	-6.25	
26	116.25	-2.5	
26	125	-2.5	
26	142.5	1.25	
26	151.25	1.25	
26	160	1.25	
26	185	5	
26	201.25	7.5	
26	208.75	8.75	
26	215	8.75	
26	222.5	8.75	
26	241.25	8.75	
26	247.5	8.75	
26	257.5	8.75	
26	262.5	8.75	
26	267.5	8.75	
26	280	8.75	
26	288.75	8.75	
26	292.5	8.75	
26	297.5	7.5	
26	301.25	7.5	
26	312.5	5	
26	316.25	5	
26	323.75	3.75	
26	327.5	1.25	
26	331.25	1.25	
26	337.5	1.25	
26	341.25	1.25	
26	348.75	1.25	
26	348.75	1.25	
26	348.75	1.25	
26	348.75	1.25	
26	348.75	1.25	
26	348.75	1.25	
26	348.75	1.25	
26	348.75	1.25	
26	348.75	1.25	
26	348.75	1.25	
26	348.75	1.25	
26	348.75	1.25	
26	348.75	1.25	
26	348.75	1.25	
26	348.75	1.25	
26	348.75	1.25	
26	348.75	1.25	
27	0	0	
27	0	0	
27	0	0	
27	0	0	
27	0	0	
27	0	0	
27	0	0	
27	0	0	
27	0	0	
27	0	0	
27	0	0	
27	0	0	
27	0	0	
27	0	0	
27	0	0	
27	0	0	
27	0	0	
27	0	0	
27	0	0	
27	0	0	
27	0	0	
27	0	0	
27	0	0	
27	0	0	
27	0	0	
27	0	0	
27	0	0	
27	0	0	
27	0	0	
27	22.5	-5	
27	35	-7.5	
27	41.25	-7.5	
27	47.5	-7.5	
27	55	-7.5	
27	71.25	-3.75	
27	80	-3.75	
27	101.25	-1.25	
27	112.5	-1.25	
27	133.75	0	
27	145	3.75	
27	178.75	7.5	
27	190	10	
27	200	11.25	
27	220	15	
27	230	15	
27	246.25	18.75	
27	255	18.75	
27	263.75	21.25	
27	278.75	22.5	
27	286.25	22.5	
27	297.5	22.5	
27	302.5	22.5	
27	310	22.5	
27	313.75	22.5	
27	317.5	21.25	
27	326.25	18.75	
27	327.5	18.75	
27	330	17.5	
27	333.75	15	
27	338.75	15	
27	342.5	11.25	
27	345	11.25	
27	345	11.25	
27	345	11.25	
27	345	11.25	
27	345	11.25	
27	345	11.25	
27	345	11.25	
27	345	11.25	
27	345	11.25	
27	345	11.25	
27	345	11.25	
27	345	11.25	
27	345	11.25	
28	0	0	
28	0	0	
28	0	0	
28	0	0	
28	0	0	
28	0	0	
28	0	0	
28	0	0	
28	0	0	
28	0	0	
28	0	0	
28	0	0	
28	0	0	
28	0	0	
28	0	0	
28	0	0	
28	0	0	
28	0	0	
28	0	0	
28	0	0	
28	0	0	
28	1.25	0	
28	6.25	-3.75	
28	8.75	-3.75	
28	13.75	-3.75	
28	32.5	-5	
28	40	-7.5	
28	47.5	-7.5	
28	62.5	-7.5	
28	70	-7.5	
28	83.75	-8.75	
28	98.75	-11.25	
28	113.75	-11.25	
28	122.5	-11.25	
28	131.25	-11.25	
28	156.25	-11.25	
28	163.75	-11.25	
28	172.5	-11.25	
28	187.5	-11.25	
28	196.25	-11.25	
28	210	-8.75	
28	222.5	-8.75	
28	233.75	-7.5	
28	238.75	-7.5	
28	243.75	-7.5	
28	257.5	-7.5	
28	262.5	-7.5	
28	267.5	-7.5	
28	276.25	-7.5	
28	278.75	-7.5	
28	286.25	-7.5	
28	293.75	-7.5	
28	300	-7.5	
28	305	-7.5	
28	308.75	-7.5	
28	320	-7.5	
28	322.5	-7.5	
28	326.25	-7.5	
28	328.75	-7.5	
28	335	-7.5	
28	338.75	-7.5	
28	342.5	-5	
28	345	-5	
28	346.25	-5	
28	348.75	-5	
28	348.75	-5	
28	348.75	-5	
28	348.75	-5	
28	348.75	-5	
28	348.75	-5	
28	348.75	-5	
28	348.75	-5	
28	348.75	-5	
28	348.75	-5	
29	0	0	
29	0	0	
29	0	0	
29	0	0	
29	0	0	
29	0	0	
29	0	0	
29	0	0	
29	0	0	
29	0	0	
29	0	0	
29	0	0	
29	0	0	
29	0	0	
29	0	0	
29	0	0	
29	0	0	
29	0	0	
29	0	0	
29	0	0	
29	0	0	
29	0	0	
29	0	0	
29	1.25	-1.25	
29	3.75	-1.25	
29	18.75	-5	
29	25	-5	
29	31.25	-3.75	
29	46.25	-3.75	
29	55	-1.25	
29	72.5	2.5	
29	91.25	3.75	
29	101.25	7.5	
29	111.25	7.5	
29	128.75	11.25	
29	156.25	13.75	
29	166.25	15	
29	175	15	
29	185	15	
29	203.75	15	
29	222.5	15	
29	237.5	15	
29	246.25	15	
29	253.75	15	
29	267.5	13.75	
29	285	11.25	
29	290	11.25	
29	293.75	10	
29	297.5	7.5	
29	303.75	6.25	
29	310	2.5	
29	316.25	-3.75	
29	318.75	-3.75	
29	321.25	-7.5	
29	327.5	-8.75	
29	336.25	-11.25	
29	337.5	-12.5	
29	340	-12.5	
29	341.25	-12.5	
29	345	-15	
29	347.5	-15	
29	347.5	-15	
29	348.75	-15	
29	348.75	-15	
29	348.75	-15	
29	348.75	-15	
29	348.75	-15	
29	348.75	-15	
29	348.75	-15	
29	348.75	-15	
29	348.75	-15	
29	348.75	-15	
29	348.75	-15	
29	348.75	-15	
30	0	0	
30	0	0	
30	0	0	
30	0	0	
30	0	0	
30	0	0	
30	0	0	
30	0	0	
30	0	0	
30	0	0	
30	0	0	
30	0	0	
30	0	0	
30	0	0	
30	0	0	
30	0	0	
30	0	0	
30	0	0	
30	0	0	
30	0	0	
30	0	0	
30	0	0	
30	0	0	
30	0	0	
30	0	0	
30	0	0	
30	0	0	
30	10	-13.75	
30	15	-13.75	
30	18.75	-13.75	
30	32.5	-13.75	
30	37.5	-13.75	
30	43.75	-13.75	
30	50	-13.75	
30	62.5	-11.25	
30	76.25	-10	
30	85	-10	
30	101.25	-10	
30	120	-7.5	
30	127.5	-6.25	
30	143.75	-6.25	
30	160	-6.25	
30	168.75	-6.25	
30	177.5	-6.25	
30	195	-6.25	
30	212.5	-6.25	
30	221.25	-6.25	
30	236.25	-6.25	
30	251.25	-3.75	
30	260	-3.75	
30	275	-3.75	
30	290	-3.75	
30	296.25	-3.75	
30	302.5	-6.25	
30	312.5	-6.25	
30	322.5	-6.25	
30	326.25	-6.25	
30	333.75	-7.5	
30	341.25	-10	
30	345	-10	
30	348.75	-10	
30	348.75	-10	
30	348.75	-10	
30	348.75	-10	
30	348.75	-10	
30	348.75	-10	
30	348.75	-10	
30	348.75	-10	
30	348.75	-10	
30	348.75	-10	
30	348.75	-10	
30	348.75	-10	
30	348.75	-10	
30	348.75	-10	
31	0	0	
31	0	0	
31	0	0	
31	0	0	
31	0	0	
31	0	0	
31	0	0	
31	0	0	
31	0	0	
31	0	0	
31	0	0	
31	0	0	
31	0	0	
31	0	0	
31	0	0	
31	0	0	
31	0	0	
31	0	0	
31	0	0	
31	-1.25	0	
31	1.25	-2.5	
31	3.75	-2.5	
31	7.5	-2.5	
31	10	-2.5	
31	13.75	-2.5	
31	26.25	-2.5	
31	31.25	-2.5	
31	42.5	-2.5	
31	48.75	-2.5	
31	55	-2.5	
31	77.5	0	
31	92.5	1.25	
31	100	1.25	
31	108.75	1.25	
31	116.25	1.25	
31	142.5	3.75	
31	151.25	5	
31	168.75	5	
31	176.25	5	
31	183.75	5	
31	205	3.75	
31	218.75	1.25	
31	226.25	1.25	
31	232.5	1.25	
31	238.75	0	
31	256.25	-2.5	
31	261.25	-2.5	
31	267.5	-2.5	
31	278.75	-6.25	
31	283.75	-6.25	
31	298.75	-6.25	
31	307.5	-6.25	
31	311.25	-7.5	
31	311.25	-7.5	
31	311.25	-7.5	
31	311.25	-7.5	
31	311.25	-7.5	
31	311.25	-7.5	
31	311.25	-7.5	
31	311.25	-7.5	
31	311.25	-7.5	
31	311.25	-7.5	
31	343.75	-6.25	
31	345	-6.25	
31	346.25	-6.25	
31	348.75	-3.75	
31	348.75	-3.75	
31	348.75	-3.75	
31	348.75	-3.75	
31	348.75	-3.75	
31	348.75	-3.75	
31	348.75	-3.75	
31	348.75	-3.75	
31	348.75	-3.75	
32	0	0	
32	0	0	
32	0	0	
32	0	0	
32	0	0	
32	0	0	
32	0	0	
32	0	0	
32	0	0	
32	0	0	
32	0	0	
32	0	0	
32	0	0	
32	0	0	
32	0	0	
32	0	0	
32	0	0	
32	0	0	
32	0	0	
32	0	0	
32	0	-2.5	
32	2.5	-3.75	
32	5	-6.25	
32	7.5	-6.25	
32	11.25	-10	
32	35	-13.75	
32	42.5	-13.75	
32	50	-13.75	
32	58.75	-13.75	
32	77.5	-13.75	
32	95	-11.25	
32	112.5	-10	
32	121.25	-10	
32	130	-10	
32	138.75	-7.5	
32	177.5	-2.5	
32	186.25	0	
32	196.25	1.25	
32	206.25	3.75	
32	225	5	
32	242.5	8.75	
32	251.25	8.75	
32	260	11.25	
32	268.75	12.5	
32	285	12.5	
32	298.75	12.5	
32	303.75	12.5	
32	308.75	11.25	
32	317.5	11.25	
32	321.25	11.25	
32	331.25	8.75	
32	335	8.75	
32	336.25	8.75	
32	338.75	8.75	
32	342.5	7.5	
32	347.5	5	
32	347.5	5	
32	347.5	5	
32	347.5	5	
32	347.5	5	
32	347.5	5	
32	347.5	5	
32	347.5	5	
32	347.5	5	
32	347.5	5	
32	347.5	5	
32	347.5	5	
32	347.5	5	
32	347.5	5	
32	347.5	5	
32	347.5	5	
32	347.5	5	
32	347.5	5	
32	347.5	5	
33	0	0	
33	0	0	
33	0	0	
33	0	0	
33	0	0	
33	0	0	
33	0	0	
33	0	0	
33	0	0	
33	0	0	
33	0	0	
33	0	0	
33	0	0	
33	0	0	
33	0	0	
33	0	0	
33	0	0	
33	0	0	
33	0	0	
33	0	0	
33	0	0	
33	0	0	
33	0	0	
33	0	-2.5	
33	1.25	-2.5	
33	6.25	-2.5	
33	11.25	-2.5	
33	16.25	-2.5	
33	30	0	
33	37.5	1.25	
33	63.75	5	
33	73.75	5	
33	82.5	8.75	
33	102.5	11.25	
33	112.5	12.5	
33	135	16.25	
33	158.75	22.5	
33	182.5	27.5	
33	193.75	27.5	
33	206.25	31.25	
33	240	35	
33	250	37.5	
33	261.25	38.75	
33	271.25	38.75	
33	287.5	38.75	
33	301.25	38.75	
33	312.5	38.75	
33	321.25	38.75	
33	325	37.5	
33	327.5	37.5	
33	333.75	35	
33	335	35	
33	335	35	
33	336.25	35	
33	337.5	35	
33	337.5	35	
33	337.5	35	
33	337.5	35	
33	337.5	35	
33	337.5	35	
33	337.5	35	
33	337.5	35	
33	337.5	35	
33	337.5	35	
33	337.5	35	
33	337.5	35	
33	337.5	35	
33	337.5	35	
33	337.5	35	
33	337.5	35	
33	337.5	35	
33	337.5	35	
33	337.5	35	
33	337.5	35	
34	0	0	
34	0	0	
34	0	0	
34	0	0	
34	0	0	
34	0	0	
34	0	0	
34	0	0	
34	0	0	
34	0	0	
34	0	0	
34	0	0	
34	0	0	
34	0	0	
34	0	0	
34	0	0	
34	0	0	
34	0	0	
34	0	0	
34	0	0	
34	0	0	
34	0	0	
34	0	0	
34	0	0	
34	1.25	0	
34	5	0	
34	7.5	0	
34	15	0	
34	20	0	
34	23.75	0	
34	41.25	0	
34	55	0	
34	62.5	0	
34	70	0	
34	78.75	2.5	
34	101.25	3.75	
34	108.75	3.75	
34	125	6.25	
34	133.75	6.25	
34	141.25	7.5	
34	166.25	7.5	
34	181.25	10	
34	190	10	
34	196.25	11.25	
34	203.75	11.25	
34	223.75	11.25	
34	230	11.25	
34	242.5	10	
34	247.5	7.5	
34	253.75	7.5	
34	270	3.75	
34	280	3.75	
34	285	2.5	
34	290	0	
34	295	0	
34	308.75	-1.25	
34	312.5	-1.25	
34	318.75	-3.75	
34	321.25	-3.75	
34	323.75	-3.75	
34	328.75	-3.75	
34	330	-3.75	
34	331.25	-3.75	
34	331.25	-3.75	
34	332.5	-3.75	
34	332.5	-3.75	
34	332.5	-3.75	
34	332.5	-3.75	
34	332.5	-3.75	
34	332.5	-3.75	
34	332.5	-3.75	
34	332.5	-3.75	
34	332.5	-3.75	
34	332.5	-3.75	
35	0	0	
35	0	0	
35	0	0	
35	0	0	
35	0	0	
35	0	0	
35	0	0	
35	0	0	
35	0	0	
35	0	0	
35	0	0	
35	0	0	
35	0	0	
35	0	0	
35	0	0	
35	0	0	
35	0	0	
35	0	0	
35	0	0	
35	0	0	
35	0	0	
35	0	0	
35	0	0	
35	0	0	
35	0	0	
35	0	0	
35	0	0	
35	0	0	
35	0	0	
35	0	0	
35	1.25	-1.25	
35	1.25	-1.25	
35	7.5	-3.75	
35	12.5	-3.75	
35	17.5	-3.75	
35	35	-3.75	
35	41.25	-5	
35	47.5	-5	
35	62.5	-5	
35	70	-7.5	
35	85	-7.5	
35	102.5	-5	
35	102.5	-5	
35	113.75	-5	
35	135	-3.75	
35	165	-3.75	
35	175	-3.75	
35	175	-3.75	
35	186.25	-3.75	
35	200	-3.75	
35	225	-3.75	
35	243.75	-5	
35	253.75	-5	
35	262.5	-7.5	
35	278.75	-7.5	
35	298.75	-11.25	
35	303.75	-11.25	
35	307.5	-11.25	
35	311.25	-11.25	
35	316.25	-12.5	
35	320	-15	
35	321.25	-15	
35	323.75	-15	
35	325	-15	
35	326.25	-16.25	
35	327.5	-16.25	
35	328.75	-18.75	
35	328.75	-18.75	
35	328.75	-18.75	
35	331.25	-18.75	
35	331.25	-18.75	
35	331.25	-18.75	
35	331.25	-18.75	
35	331.25	-18.75	
36	0	0	
36	0	0	
36	0	0	
36	0	0	
36	0	0	
36	0	0	
36	0	0	
36	0	0	
36	0	0	
36	0	0	
36	0	0	
36	0	0	
36	0	0	
36	0	0	
36	0	0	
36	0	0	
36	0	-2.5	
36	0	-2.5	
36	0	-2.5	
36	0	-2.5	
36	0	-2.5	
36	0	-2.5	
36	0	-2.5	
36	0	-2.5	
36	0	-2.5	
36	0	-2.5	
36	0	-2.5	
36	2.5	0	
36	6.25	0	
36	8.75	0	
36	15	1.25	
36	25	1.25	
36	31.25	1.25	
36	37.5	3.75	
36	45	5	
36	72.5	8.75	
36	81.25	8.75	
36	90	12.5	
36	110	16.25	
36	120	16.25	
36	150	20	
36	160	20	
36	178.75	22.5	
36	188.75	23.75	
36	197.5	23.75	
36	223.75	20	
36	232.5	20	
36	247.5	16.25	
36	255	15	
36	262.5	11.25	
36	280	5	
36	285	3.75	
36	290	1.25	
36	297.5	-2.5	
36	301.25	-3.75	
36	308.75	-6.25	
36	310	-7.5	
36	312.5	-10	
36	312.5	-10	
36	313.75	-10	
36	315	-11.25	
36	315	-11.25	
36	315	-11.25	
36	315	-11.25	
36	315	-11.25	
36	315	-13.75	
36	315	-13.75	
36	315	-13.75	
36	315	-13.75	
36	315	-13.75	
36	315	-13.75	
36	315	-13.75	
36	315	-13.75	
36	315	-13.75	
37	0	0	
37	0	0	
37	0	0	
37	0	0	
37	0	0	
37	0	0	
37	0	0	
37	0	0	
37	0	0	
37	0	0	
37	0	0	
37	0	0	
37	0	0	
37	0	0	
37	0	0	
37	0	0	
37	0	0	
37	0	0	
37	0	0	
37	0	0	
37	0	0	
37	0	0	
37	0	0	
37	0	0	
37	0	0	
37	2.5	0	
37	7.5	0	
37	10	0	
37	13.75	0	
37	20	0	
37	35	-3.75	
37	41.25	-3.75	
37	46.25	-5	
37	58.75	-7.5	
37	65	-7.5	
37	78.75	-7.5	
37	93.75	-8.75	
37	101.25	-8.75	
37	108.75	-8.75	
37	117.5	-7.5	
37	147.5	-7.5	
37	153.75	-7.5	
37	161.25	-7.5	
37	175	-7.5	
37	182.5	-7.5	
37	196.25	-5	
37	208.75	-5	
37	216.25	-5	
37	222.5	-5	
37	227.5	-5	
37	251.25	-5	
37	256.25	-5	
37	261.25	-5	
37	266.25	-7.5	
37	276.25	-7.5	
37	286.25	-7.5	
37	295	-7.5	
37	300	-8.75	
37	305	-8.75	
37	308.75	-8.75	
37	325	-11.25	
37	327.5	-11.25	
37	331.25	-11.25	
37	333.75	-11.25	
37	338.75	-11.25	
37	342.5	-11.25	
37	343.75	-11.25	
37	345	-11.25	
37	345	-11.25	
37	345	-11.25	
37	345	-11.25	
37	345	-11.25	
37	345	-11.25	
37	345	-11.25	
38	0	0	
38	0	0	
38	0	0	
38	0	0	
38	0	0	
38	0	0	
38	0	0	
38	0	0	
38	0	0	
38	0	0	
38	0	0	
38	0	0	
38	0	0	
38	0	0	
38	0	0	
38	0	0	
38	0	0	
38	0	0	
38	0	0	
38	0	0	
38	0	0	
38	0	0	
38	0	0	
38	0	0	
38	0	0	
38	0	0	
38	0	0	
38	0	0	
38	0	0	
38	0	0	
38	0	0	
38	0	0	
38	0	0	
38	1.25	0	
38	5	0	
38	11.25	0	
38	16.25	0	
38	21.25	0	
38	25	-1.25	
38	25	-1.25	
38	37.5	-1.25	
38	52.5	-3.75	
38	60	-3.75	
38	75	-3.75	
38	83.75	-5	
38	110	-5	
38	120	-5	
38	128.75	-7.5	
38	138.75	-7.5	
38	156.25	-7.5	
38	173.75	-8.75	
38	191.25	-11.25	
38	201.25	-11.25	
38	220	-12.5	
38	230	-12.5	
38	260	-15	
38	268.75	-16.25	
38	278.75	-18.75	
38	287.5	-18.75	
38	303.75	-22.5	
38	317.5	-23.75	
38	322.5	-26.25	
38	330	-27.5	
38	336.25	-30	
38	337.5	-31.25	
38	341.25	-33.75	
38	343.75	-35	
38	345	-35	
38	346.25	-37.5	
38	346.25	-37.5	
38	346.25	-37.5	
38	346.25	-37.5	
38	346.25	-37.5	
38	346.25	-37.5	
39	0	0	
39	0	0	
39	0	0	
39	0	0	
39	0	0	
39	0	0	
39	0	0	
39	0	0	
39	0	0	
39	0	0	
39	0	0	
39	0	0	
39	0	0	
39	0	0	
39	0	0	
39	0	0	
39	0	0	
39	0	0	
39	0	0	
39	0	0	
39	0	0	
39	0	0	
39	0	0	
39	0	0	
39	0	0	
39	2.5	0	
39	5	0	
39	8.75	0	
39	10	-1.25	
39	12.5	-1.25	
39	20	-3.75	
39	22.5	-3.75	
39	26.25	-3.75	
39	30	-5	
39	37.5	-5	
39	45	-5	
39	53.75	-5	
39	58.75	-5	
39	70	-7.5	
39	76.25	-7.5	
39	95	-11.25	
39	101.25	-11.25	
39	108.75	-12.5	
39	115	-15	
39	127.5	-16.25	
39	141.25	-20	
39	155	-23.75	
39	161.25	-26.25	
39	173.75	-30	
39	178.75	-30	
39	197.5	-35	
39	203.75	-37.5	
39	210	-38.75	
39	215	-41.25	
39	226.25	-41.25	
39	237.5	-45	
39	247.5	-48.75	
39	252.5	-48.75	
39	261.25	-50	
39	266.25	-52.5	
39	273.75	-53.75	
39	280	-56.25	
39	283.75	-57.5	
39	286.25	-60	
39	291.25	-60	
39	296.25	-63.75	
39	300	-63.75	
39	301.25	-63.75	
39	300	-61.25	
39	300	-61.25	
39	300	-61.25	
39	300	-61.25	
39	300	-61.25	
39	300	-61.25	
40	0	0	
40	0	0	
40	0	0	
40	0	0	
40	0	0	
40	0	0	
40	0	0	
40	0	0	
40	0	0	
40	0	0	
40	0	0	
40	0	0	
40	0	0	
40	0	0	
40	0	0	
40	0	0	
40	0	0	
40	0	0	
40	0	0	
40	0	0	
40	0	0	
40	0	0	
40	0	0	
40	0	0	
40	0	0	
40	-1.25	0	
40	-1.25	0	
40	-1.25	0	
40	-1.25	0	
40	-1.25	0	
40	-1.25	0	
40	-1.25	0	
40	-1.25	-2.5	
40	-1.25	-2.5	
40	-1.25	0	
40	-1.25	0	
40	-1.25	0	
40	-1.25	0	
40	-1.25	0	
40	-1.25	0	
40	-1.25	0	
40	-1.25	0	
40	-1.25	0	
40	0	0	
40	0	0	
40	6.25	0	
40	10	0	
40	12.5	0	
40	20	0	
40	23.75	-2.5	
40	40	-2.5	
40	53.75	-3.75	
40	61.25	-3.75	
40	68.75	-6.25	
40	77.5	-6.25	
40	96.25	-10	
40	106.25	-10	
40	125	-13.75	
40	135	-13.75	
40	143.75	-15	
40	172.5	-21.25	
40	190	-22.5	
40	197.5	-25	
40	206.25	-25	
40	222.5	-28.75	
40	238.75	-32.5	
40	245	-32.5	
40	257.5	-36.25	
40	262.5	-36.25	
40	267.5	-40	
40	278.75	-41.25	
40	283.75	-43.75	
40	286.25	-43.75	
40	287.5	-45	
41	0	0	
41	0	0	
41	0	0	
41	0	0	
41	0	0	
41	0	0	
41	0	0	
41	0	0	
41	0	0	
41	0	0	
41	0	0	
41	0	0	
41	0	0	
41	0	0	
41	0	0	
41	0	0	
41	0	0	
41	0	0	
41	0	0	
41	0	0	
41	0	0	
41	0	0	
41	0	0	
41	0	0	
41	-1.25	0	
41	-1.25	0	
41	-1.25	0	
41	-1.25	0	
41	1.25	0	
41	2.5	0	
41	11.25	-1.25	
41	15	-1.25	
41	21.25	-1.25	
41	26.25	-1.25	
41	38.75	-3.75	
41	60	-5	
41	67.5	-7.5	
41	76.25	-7.5	
41	95	-11.25	
41	103.75	-12.5	
41	132.5	-15	
41	141.25	-16.25	
41	151.25	-18.75	
41	168.75	-20	
41	178.75	-22.5	
41	205	-26.25	
41	212.5	-26.25	
41	218.75	-26.25	
41	232.5	-30	
41	238.75	-30	
41	248.75	-30	
41	256.25	-31.25	
41	260	-31.25	
41	265	-33.75	
41	267.5	-31.25	
41	272.5	-30	
41	273.75	-30	
41	275	-30	
41	278.75	-30	
41	280	-30	
41	285	-27.5	
41	290	-26.25	
41	292.5	-26.25	
41	300	-23.75	
41	303.75	-22.5	
41	312.5	-20	
41	315	-18.75	
41	317.5	-18.75	
41	321.25	-15	
41	323.75	-15	
41	326.25	-12.5	
41	328.75	-12.5	
41	328.75	-12.5	
41	328.75	-12.5	
42	0	0	
42	0	0	
42	0	0	
42	0	0	
42	0	0	
42	0	0	
42	0	0	
42	0	0	
42	0	0	
42	0	0	
42	0	0	
42	0	0	
42	0	0	
42	0	0	
42	0	0	
42	0	0	
42	0	0	
42	0	0	
42	0	0	
42	1.25	0	
42	6.25	0	
42	8.75	2.5	
42	11.25	2.5	
42	18.75	2.5	
42	22.5	3.75	
42	33.75	3.75	
42	46.25	3.75	
42	61.25	7.5	
42	68.75	7.5	
42	76.25	7.5	
42	98.75	7.5	
42	107.5	7.5	
42	115	7.5	
42	131.25	7.5	
42	140	7.5	
42	156.25	7.5	
42	172.5	7.5	
42	190	6.25	
42	198.75	3.75	
42	207.5	3.75	
42	235	3.75	
42	243.75	3.75	
42	252.5	3.75	
42	261.25	2.5	
42	280	3.75	
42	298.75	3.75	
42	316.25	6.25	
42	333.75	7.5	
42	340	7.5	
42	347.5	7.5	
42	347.5	7.5	
42	347.5	7.5	
42	347.5	7.5	
42	347.5	7.5	
42	347.5	7.5	
42	347.5	7.5	
42	347.5	7.5	
42	347.5	7.5	
42	347.5	7.5	
42	347.5	7.5	
42	347.5	7.5	
42	347.5	7.5	
42	347.5	7.5	
42	347.5	7.5	
42	347.5	7.5	
42	347.5	7.5	
42	347.5	7.5	
42	347.5	7.5	
42	347.5	7.5	
42	347.5	7.5	
42	347.5	7.5	
42	347.5	7.5	
42	347.5	7.5	
42	347.5	7.5	
43	0	0	
43	-13.75	-2.5	
43	-20	-2.5	
43	-28.75	-6.25	
43	-35	-6.25	
43	-38.75	-6.25	
43	-40	-6.25	
43	-41.25	-6.25	
43	-41.25	-6.25	
43	-41.25	-6.25	
43	-41.25	-6.25	
43	-41.25	-6.25	
43	-41.25	-6.25	
43	-41.25	-6.25	
43	-41.25	-6.25	
43	-41.25	-6.25	
43	-41.25	-6.25	
43	-41.25	-6.25	
43	-41.25	-6.25	
43	-41.25	-6.25	
43	-41.25	-6.25	
43	-41.25	-6.25	
43	-41.25	-6.25	
43	-41.25	-6.25	
43	-41.25	-6.25	
43	-41.25	-6.25	
43	-41.25	-6.25	
43	-41.25	-6.25	
43	-41.25	-6.25	
43	-40	-6.25	
43	-32.5	-2.5	
43	-28.75	-2.5	
43	-23.75	0	
43	-12.5	1.25	
43	-6.25	1.25	
43	7.5	0	
43	23.75	-2.5	
43	33.75	-2.5	
43	43.75	0	
43	63.75	1.25	
43	93.75	1.25	
43	102.5	1.25	
43	112.5	1.25	
43	132.5	5	
43	142.5	5	
43	155	5	
43	168.75	7.5	
43	181.25	7.5	
43	193.75	5	
43	217.5	5	
43	251.25	5	
43	261.25	5	
43	270	5	
43	287.5	7.5	
43	293.75	7.5	
43	303.75	8.75	
43	308.75	8.75	
43	310	8.75	
43	312.5	8.75	
43	313.75	7.5	
43	315	5	
43	315	3.75	
43	316.25	3.75	
43	316.25	1.25	
43	316.25	1.25	
43	316.25	1.25	
43	316.25	1.25	
43	316.25	1.25	
43	316.25	1.25	
43	316.25	1.25	
43	316.25	1.25	
43	316.25	1.25	
43	316.25	1.25	
43	316.25	1.25	
44	0	0	
44	0	0	
44	0	0	
44	0	0	
44	0	0	
44	0	0	
44	0	0	
44	0	0	
44	0	0	
44	0	0	
44	0	0	
44	0	0	
44	0	0	
44	0	0	
44	0	0	
44	0	0	
44	0	0	
44	0	0	
44	0	0	
44	0	0	
44	1.25	0	
44	7.5	2.5	
44	11.25	3.75	
44	16.25	3.75	
44	27.5	6.25	
44	50	10	
44	58.75	11.25	
44	72.5	11.25	
44	85	15	
44	97.5	15	
44	135	22.5	
44	146.25	22.5	
44	156.25	25	
44	177.5	28.75	
44	198.75	30	
44	218.75	30	
44	226.25	30	
44	242.5	30	
44	250	30	
44	257.5	30	
44	278.75	26.25	
44	285	25	
44	291.25	22.5	
44	303.75	18.75	
44	310	18.75	
44	322.5	15	
44	333.75	13.75	
44	338.75	11.25	
44	343.75	11.25	
44	347.5	11.25	
44	347.5	11.25	
44	347.5	11.25	
44	347.5	11.25	
44	347.5	11.25	
44	347.5	11.25	
44	347.5	11.25	
44	347.5	11.25	
44	347.5	11.25	
44	347.5	11.25	
44	347.5	11.25	
44	347.5	11.25	
44	347.5	11.25	
44	347.5	11.25	
44	347.5	11.25	
44	347.5	11.25	
44	347.5	11.25	
44	347.5	11.25	
44	347.5	11.25	
44	347.5	11.25	
44	347.5	11.25	
44	347.5	11.25	
44	347.5	11.25	
44	347.5	11.25	
44	347.5	11.25	
45	0	0	
45	0	0	
45	0	0	
45	0	0	
45	0	0	
45	0	0	
45	0	0	
45	0	0	
45	0	0	
45	0	0	
45	0	0	
45	0	0	
45	0	0	
45	0	0	
45	0	0	
45	0	0	
45	0	0	
45	0	0	
45	0	0	
45	0	0	
45	1.25	2.5	
45	3.75	2.5	
45	5	2.5	
45	7.5	2.5	
45	13.75	3.75	
45	20	3.75	
45	27.5	3.75	
45	32.5	3.75	
45	42.5	6.25	
45	47.5	6.25	
45	60	7.5	
45	72.5	10	
45	80	10	
45	87.5	11.25	
45	102.5	11.25	
45	118.75	13.75	
45	136.25	13.75	
45	145	15	
45	162.5	15	
45	172.5	15	
45	192.5	13.75	
45	211.25	11.25	
45	220	11.25	
45	228.75	11.25	
45	238.75	11.25	
45	272.5	11.25	
45	278.75	11.25	
45	286.25	11.25	
45	298.75	11.25	
45	305	11.25	
45	315	11.25	
45	322.5	11.25	
45	325	10	
45	328.75	10	
45	332.5	7.5	
45	343.75	6.25	
45	346.25	3.75	
45	347.5	3.75	
45	347.5	3.75	
45	347.5	3.75	
45	347.5	3.75	
45	347.5	3.75	
45	347.5	3.75	
45	347.5	3.75	
45	347.5	3.75	
45	347.5	3.75	
45	347.5	3.75	
45	347.5	3.75	
45	347.5	3.75	
45	347.5	3.75	
45	347.5	3.75	
45	347.5	3.75	
45	347.5	3.75	
45	347.5	3.75	
46	0	0	
46	0	0	
46	0	0	
46	0	0	
46	0	0	
46	0	0	
46	0	0	
46	0	0	
46	0	0	
46	0	0	
46	0	0	
46	0	0	
46	0	0	
46	0	0	
46	0	0	
46	0	0	
46	0	0	
46	0	0	
46	0	0	
46	0	0	
46	2.5	-2.5	
46	6.25	-2.5	
46	8.75	-2.5	
46	12.5	-2.5	
46	16.25	-2.5	
46	31.25	-2.5	
46	37.5	-2.5	
46	43.75	-2.5	
46	58.75	-2.5	
46	65	0	
46	87.5	-2.5	
46	102.5	-2.5	
46	111.25	-2.5	
46	120	0	
46	128.75	0	
46	155	0	
46	163.75	0	
46	173.75	1.25	
46	173.75	1.25	
46	195	1.25	
46	223.75	3.75	
46	232.5	3.75	
46	240	3.75	
46	256.25	5	
46	265	5	
46	277.5	7.5	
46	290	7.5	
46	295	8.75	
46	300	8.75	
46	310	8.75	
46	321.25	8.75	
46	325	8.75	
46	328.75	8.75	
46	335	8.75	
46	337.5	8.75	
46	341.25	8.75	
46	345	8.75	
46	347.5	8.75	
46	348.75	8.75	
46	348.75	8.75	
46	348.75	8.75	
46	348.75	8.75	
46	348.75	8.75	
46	348.75	8.75	
46	348.75	8.75	
46	348.75	8.75	
46	348.75	8.75	
46	348.75	8.75	
46	348.75	8.75	
46	348.75	8.75	
46	348.75	8.75	
46	348.75	8.75	
46	348.75	8.75	
46	348.75	8.75	
47	0	0	
47	0	0	
47	0	0	
47	0	0	
47	0	0	
47	0	0	
47	0	0	
47	0	0	
47	0	0	
47	0	0	
47	0	0	
47	0	0	
47	0	0	
47	0	0	
47	0	0	
47	0	0	
47	0	0	
47	0	0	
47	0	0	
47	0	0	
47	0	0	
47	1.25	-2.5	
47	2.5	-2.5	
47	7.5	-2.5	
47	10	-2.5	
47	20	-2.5	
47	25	-2.5	
47	28.75	-2.5	
47	40	-3.75	
47	46.25	-3.75	
47	58.75	-6.25	
47	72.5	-6.25	
47	78.75	-6.25	
47	92.5	-6.25	
47	101.25	-6.25	
47	123.75	-7.5	
47	131.25	-7.5	
47	140	-10	
47	156.25	-10	
47	165	-10	
47	183.75	-10	
47	202.5	-7.5	
47	212.5	-7.5	
47	231.25	-6.25	
47	240	-6.25	
47	266.25	-2.5	
47	275	-2.5	
47	282.5	0	
47	291.25	1.25	
47	305	1.25	
47	317.5	5	
47	327.5	5	
47	336.25	5	
47	340	5	
47	342.5	5	
47	346.25	5	
47	346.25	5	
47	346.25	5	
47	346.25	5	
47	346.25	5	
47	346.25	5	
47	346.25	5	
47	346.25	5	
47	346.25	5	
47	346.25	5	
47	346.25	5	
47	346.25	5	
47	346.25	5	
47	346.25	5	
47	346.25	5	
47	346.25	5	
47	346.25	5	
47	346.25	5	
47	346.25	5	
48	0	0	
48	0	0	
48	0	0	
48	0	0	
48	0	0	
48	0	0	
48	0	0	
48	0	0	
48	0	0	
48	0	0	
48	0	0	
48	0	0	
48	0	0	
48	-1.25	0	
48	-1.25	0	
48	-1.25	0	
48	-1.25	0	
48	-1.25	0	
48	-1.25	0	
48	-1.25	0	
48	-1.25	0	
48	-1.25	0	
48	0	0	
48	1.25	0	
48	5	0	
48	11.25	0	
48	18.75	0	
48	22.5	0	
48	27.5	0	
48	43.75	-3.75	
48	50	-3.75	
48	56.25	-3.75	
48	62.5	-5	
48	77.5	-5	
48	92.5	-7.5	
48	108.75	-5	
48	118.75	-5	
48	136.25	-5	
48	145	-3.75	
48	171.25	-3.75	
48	181.25	-3.75	
48	190	-1.25	
48	198.75	-1.25	
48	218.75	0	
48	236.25	0	
48	252.5	2.5	
48	260	2.5	
48	275	2.5	
48	282.5	2.5	
48	288.75	2.5	
48	305	2.5	
48	310	3.75	
48	313.75	3.75	
48	321.25	3.75	
48	323.75	3.75	
48	327.5	10	
48	327.5	10	
48	327.5	10	
48	327.5	10	
48	327.5	10	
48	327.5	10	
48	327.5	10	
48	327.5	10	
48	327.5	10	
48	327.5	10	
48	327.5	10	
48	327.5	10	
48	327.5	10	
48	327.5	10	
48	327.5	10	
48	327.5	10	
48	327.5	10	
48	327.5	10	
48	327.5	10	
49	0	0	
49	0	0	
49	0	0	
49	0	0	
49	0	0	
49	0	0	
49	0	0	
49	0	0	
49	0	0	
49	0	0	
49	0	0	
49	0	0	
49	0	0	
49	0	0	
49	0	0	
49	0	0	
49	0	0	
49	0	0	
49	0	0	
49	0	0	
49	0	0	
49	0	0	
49	0	0	
49	0	0	
49	1.25	0	
49	7.5	0	
49	10	0	
49	13.75	0	
49	21.25	-1.25	
49	27.5	-1.25	
49	45	-3.75	
49	53.75	-5	
49	70	-7.5	
49	78.75	-7.5	
49	87.5	-7.5	
49	117.5	-7.5	
49	127.5	-7.5	
49	137.5	-7.5	
49	160	-7.5	
49	171.25	-7.5	
49	205	-7.5	
49	216.25	-5	
49	237.5	-5	
49	247.5	-5	
49	256.25	-3.75	
49	281.25	-5	
49	290	-5	
49	296.25	-5	
49	307.5	-7.5	
49	312.5	-5	
49	323.75	-7.5	
49	325	-7.5	
49	328.75	-7.5	
49	330	-7.5	
49	330	-7.5	
49	331.25	-7.5	
49	331.25	-7.5	
49	331.25	-7.5	
49	331.25	-7.5	
49	331.25	-7.5	
49	331.25	-7.5	
49	331.25	-7.5	
49	331.25	-7.5	
49	331.25	-7.5	
49	331.25	-7.5	
49	331.25	-7.5	
49	331.25	-7.5	
49	331.25	-7.5	
49	331.25	-7.5	
49	331.25	-7.5	
49	331.25	-7.5	
49	331.25	-7.5	
49	331.25	-7.5	
49	331.25	-7.5	
50	0	0	
50	0	0	
50	0	0	
50	0	0	
50	0	0	
50	0	0	
50	0	0	
50	0	0	
50	0	0	
50	0	0	
50	0	0	
50	0	0	
50	0	0	
50	0	0	
50	0	0	
50	0	0	
50	0	0	
50	0	0	
50	0	0	
50	0	0	
50	0	0	
50	0	0	
50	2.5	0	
50	3.75	0	
50	5	0	
50	8.75	-1.25	
50	15	-1.25	
50	15	-1.25	
50	18.75	-1.25	
50	23.75	-3.75	
50	40	-3.75	
50	40	-3.75	
50	56.25	-3.75	
50	65	-3.75	
50	82.5	-3.75	
50	101.25	-1.25	
50	112.5	0	
50	135	2.5	
50	146.25	2.5	
50	157.5	3.75	
50	191.25	3.75	
50	202.5	3.75	
50	213.75	3.75	
50	236.25	6.25	
50	246.25	7.5	
50	275	10	
50	282.5	11.25	
50	295	11.25	
50	301.25	13.75	
50	305	15	
50	312.5	15	
50	313.75	15	
50	316.25	17.5	
50	316.25	17.5	
50	316.25	17.5	
50	317.5	17.5	
50	317.5	17.5	
50	317.5	17.5	
50	317.5	17.5	
50	317.5	17.5	
50	317.5	17.5	
50	317.5	17.5	
50	317.5	17.5	
50	317.5	17.5	
50	317.5	17.5	
50	317.5	15	
50	317.5	15	
50	317.5	17.5	
50	317.5	17.5	
50	317.5	17.5	
50	317.5	15	
50	317.5	15	
50	317.5	15	
50	317.5	15	
51	0	0	
51	0	0	
51	0	0	
51	0	0	
51	0	0	
51	0	0	
51	0	0	
51	0	0	
51	0	0	
51	0	0	
51	0	0	
51	0	0	
51	0	0	
51	0	0	
51	0	0	
51	0	-1.25	
51	0	-1.25	
51	0	-1.25	
51	0	-1.25	
51	0	-1.25	
51	0	-1.25	
51	0	-1.25	
51	1.25	-1.25	
51	3.75	-1.25	
51	6.25	-1.25	
51	13.75	-3.75	
51	22.5	-3.75	
51	27.5	-3.75	
51	31.25	-3.75	
51	43.75	-5	
51	57.5	-5	
51	65	-7.5	
51	81.25	-5	
51	90	-5	
51	97.5	-5	
51	125	-3.75	
51	142.5	-1.25	
51	153.75	-1.25	
51	163.75	0	
51	173.75	0	
51	206.25	3.75	
51	216.25	7.5	
51	237.5	10	
51	247.5	11.25	
51	256.25	11.25	
51	282.5	15	
51	297.5	15	
51	302.5	15	
51	308.75	17.5	
51	313.75	18.75	
51	326.25	18.75	
51	328.75	18.75	
51	332.5	21.25	
51	333.75	18.75	
51	335	21.25	
51	336.25	21.25	
51	336.25	21.25	
51	337.5	21.25	
51	337.5	21.25	
51	337.5	21.25	
51	337.5	21.25	
51	337.5	21.25	
51	337.5	21.25	
51	337.5	21.25	
51	337.5	21.25	
51	337.5	21.25	
51	337.5	21.25	
51	337.5	21.25	
51	337.5	21.25	
51	337.5	21.25	
51	337.5	21.25	
51	337.5	21.25	
51	337.5	21.25	
51	337.5	21.25	
52	0	0	
52	0	0	
52	0	0	
52	0	0	
52	0	0	
52	0	0	
52	0	0	
52	0	0	
52	0	0	
52	0	0	
52	0	0	
52	0	0	
52	0	0	
52	0	0	
52	0	-2.5	
52	0	-2.5	
52	0	0	
52	0	0	
52	0	0	
52	-1.25	0	
52	-1.25	0	
52	-1.25	0	
52	-1.25	0	
52	-1.25	0	
52	-1.25	0	
52	0	0	
52	2.5	0	
52	7.5	-2.5	
52	11.25	-2.5	
52	21.25	-2.5	
52	32.5	-6.25	
52	46.25	-6.25	
52	53.75	-7.5	
52	61.25	-10	
52	78.75	-10	
52	98.75	-10	
52	108.75	-10	
52	128.75	-10	
52	138.75	-10	
52	160	-7.5	
52	182.5	-6.25	
52	203.75	-6.25	
52	215	-6.25	
52	226.25	-6.25	
52	246.25	-3.75	
52	266.25	-3.75	
52	275	-3.75	
52	290	-3.75	
52	297.5	-3.75	
52	307.5	-2.5	
52	316.25	-2.5	
52	322.5	-2.5	
52	323.75	-2.5	
52	326.25	-2.5	
52	328.75	-2.5	
52	330	-2.5	
52	330	-2.5	
52	330	-2.5	
52	330	-2.5	
52	330	-2.5	
52	330	-2.5	
52	330	-2.5	
52	330	-2.5	
52	330	-2.5	
52	330	-2.5	
52	330	-2.5	
52	330	-2.5	
52	330	-2.5	
52	330	-2.5	
52	330	-2.5	
52	330	-2.5	
52	331.25	-2.5	
52	331.25	-2.5	
52	331.25	-2.5	
53	0	0	
53	0	0	
53	0	0	
53	0	0	
53	0	0	
53	0	0	
53	0	0	
53	0	0	
53	0	0	
53	0	0	
53	0	0	
53	0	0	
53	0	0	
53	0	0	
53	0	0	
53	0	0	
53	0	0	
53	0	0	
53	0	0	
53	0	0	
53	0	0	
53	0	0	
53	0	0	
53	0	0	
53	1.25	0	
53	5	0	
53	8.75	0	
53	11.25	0	
53	13.75	0	
53	16.25	0	
53	27.5	0	
53	32.5	2.5	
53	43.75	2.5	
53	48.75	2.5	
53	62.5	3.75	
53	77.5	3.75	
53	95	3.75	
53	103.75	3.75	
53	113.75	3.75	
53	125	3.75	
53	156.25	3.75	
53	167.5	3.75	
53	190	3.75	
53	200	3.75	
53	222.5	3.75	
53	243.75	3.75	
53	263.75	3.75	
53	273.75	3.75	
53	282.5	3.75	
53	291.25	3.75	
53	312.5	3.75	
53	323.75	6.25	
53	327.5	6.25	
53	330	6.25	
53	335	6.25	
53	338.75	6.25	
53	338.75	7.5	
53	340	6.25	
53	340	6.25	
53	340	6.25	
53	340	6.25	
53	340	6.25	
53	340	6.25	
53	340	6.25	
53	340	6.25	
53	340	6.25	
53	340	6.25	
53	340	6.25	
53	340	6.25	
53	340	6.25	
53	340	6.25	
53	340	6.25	
53	340	6.25	
53	340	6.25	
54	0	0	
54	0	0	
54	0	0	
54	0	0	
54	0	0	
54	0	0	
54	0	0	
54	0	0	
54	0	0	
54	0	0	
54	0	0	
54	0	0	
54	0	0	
54	0	0	
54	0	0	
54	0	0	
54	0	0	
54	0	0	
54	0	0	
54	0	0	
54	0	0	
54	0	0	
54	0	0	
54	2.5	0	
54	3.75	0	
54	11.25	0	
54	20	-1.25	
54	23.75	-3.75	
54	28.75	-3.75	
54	41.25	-5	
54	56.25	-8.75	
54	65	-8.75	
54	82.5	-11.25	
54	92.5	-12.5	
54	101.25	-12.5	
54	135	-15	
54	158.75	-15	
54	171.25	-16.25	
54	182.5	-16.25	
54	193.75	-16.25	
54	228.75	-20	
54	240	-22.5	
54	262.5	-26.25	
54	272.5	-26.25	
54	282.5	-27.5	
54	308.75	-31.25	
54	322.5	-33.75	
54	328.75	-33.75	
54	333.75	-33.75	
54	337.5	-35	
54	347.5	-37.5	
54	347.5	-37.5	
54	347.5	-37.5	
54	347.5	-37.5	
54	347.5	-37.5	
54	347.5	-37.5	
54	347.5	-37.5	
54	347.5	-37.5	
54	347.5	-37.5	
54	347.5	-37.5	
54	347.5	-37.5	
54	347.5	-37.5	
54	347.5	-37.5	
54	347.5	-37.5	
54	347.5	-37.5	
54	347.5	-37.5	
54	347.5	-37.5	
54	347.5	-37.5	
54	347.5	-37.5	
54	347.5	-37.5	
54	347.5	-37.5	
54	347.5	-37.5	
54	347.5	-37.5	
54	347.5	-37.5	
55	0	0	
55	0	0	
55	0	0	
55	0	0	
55	0	0	
55	0	0	
55	0	0	
55	0	0	
55	0	0	
55	0	0	
55	0	0	
55	0	0	
55	0	0	
55	0	0	
55	0	0	
55	0	0	
55	0	0	
55	0	0	
55	0	0	
55	0	0	
55	0	0	
55	0	0	
55	1.25	0	
55	2.5	0	
55	3.75	0	
55	13.75	2.5	
55	17.5	3.75	
55	21.25	3.75	
55	31.25	3.75	
55	37.5	3.75	
55	60	2.5	
55	68.75	0	
55	87.5	0	
55	98.75	0	
55	110	-1.25	
55	148.75	-1.25	
55	162.5	-1.25	
55	177.5	0	
55	206.25	0	
55	221.25	0	
55	263.75	2.5	
55	277.5	3.75	
55	303.75	3.75	
55	315	3.75	
55	325	3.75	
55	335	3.75	
55	335	3.75	
55	335	3.75	
55	335	3.75	
55	335	3.75	
55	335	3.75	
55	335	3.75	
55	335	3.75	
55	335	3.75	
55	335	3.75	
55	335	3.75	
55	335	3.75	
55	335	3.75	
55	335	3.75	
55	335	3.75	
55	335	3.75	
55	335	3.75	
55	335	3.75	
55	335	3.75	
55	335	3.75	
55	335	3.75	
55	335	3.75	
55	335	3.75	
55	335	3.75	
55	335	3.75	
55	335	3.75	
55	335	3.75	
55	335	3.75	
55	335	3.75	
56	0	0	
56	0	0	
56	0	0	
56	0	0	
56	0	0	
56	0	0	
56	0	0	
56	0	0	
56	0	0	
56	0	0	
56	0	0	
56	0	0	
56	0	0	
56	0	0	
56	0	0	
56	0	0	
56	0	0	
56	0	0	
56	0	0	
56	0	0	
56	0	0	
56	0	0	
56	0	0	
56	0	0	
56	0	0	
56	0	0	
56	0	0	
56	0	0	
56	0	0	
56	2.5	0	
56	10	0	
56	13.75	0	
56	21.25	0	
56	26.25	0	
56	36.25	2.5	
56	47.5	3.75	
56	61.25	3.75	
56	67.5	3.75	
56	76.25	6.25	
56	85	6.25	
56	115	7.5	
56	126.25	10	
56	147.5	11.25	
56	160	11.25	
56	171.25	13.75	
56	201.25	15	
56	228.75	17.5	
56	243.75	18.75	
56	256.25	18.75	
56	280	22.5	
56	300	22.5	
56	308.75	22.5	
56	323.75	22.5	
56	333.75	22.5	
56	338.75	22.5	
56	342.5	22.5	
56	346.25	22.5	
56	347.5	22.5	
56	348.75	22.5	
56	348.75	22.5	
56	348.75	22.5	
56	348.75	22.5	
56	348.75	22.5	
56	348.75	22.5	
56	348.75	22.5	
56	348.75	22.5	
56	348.75	22.5	
56	348.75	22.5	
56	348.75	22.5	
56	348.75	22.5	
56	348.75	22.5	
56	348.75	22.5	
56	348.75	22.5	
56	348.75	22.5	
57	0	0	
57	0	0	
57	0	0	
57	0	0	
57	0	0	
57	0	0	
57	0	0	
57	0	0	
57	0	0	
57	0	0	
57	0	0	
57	0	0	
57	0	0	
57	0	0	
57	0	0	
57	0	0	
57	0	0	
57	0	0	
57	0	0	
57	0	0	
57	0	0	
57	0	0	
57	0	0	
57	0	0	
57	0	0	
57	1.25	0	
57	3.75	2.5	
57	5	2.5	
57	6.25	2.5	
57	8.75	2.5	
57	18.75	2.5	
57	23.75	2.5	
57	28.75	2.5	
57	41.25	0	
57	50	0	
57	76.25	0	
57	97.5	2.5	
57	110	2.5	
57	122.5	2.5	
57	135	2.5	
57	173.75	3.75	
57	186.25	3.75	
57	200	6.25	
57	227.5	7.5	
57	241.25	7.5	
57	280	7.5	
57	291.25	7.5	
57	313.75	10	
57	323.75	10	
57	332.5	10	
57	348.75	10	
57	348.75	10	
57	348.75	10	
57	348.75	10	
57	348.75	10	
57	348.75	10	
57	348.75	10	
57	348.75	10	
57	348.75	10	
57	348.75	10	
57	348.75	10	
57	348.75	10	
57	348.75	10	
57	348.75	10	
57	348.75	10	
57	348.75	10	
57	348.75	10	
57	348.75	10	
57	348.75	10	
57	348.75	10	
57	348.75	10	
57	348.75	10	
57	348.75	10	
57	348.75	10	
58	0	0	
58	0	0	
58	0	0	
58	0	0	
58	0	0	
58	0	0	
58	0	0	
58	0	0	
58	0	0	
58	0	0	
58	-1.25	0	
58	-1.25	0	
58	-1.25	0	
58	-1.25	0	
58	-1.25	0	
58	-1.25	0	
58	-1.25	0	
58	-1.25	0	
58	-1.25	0	
58	-1.25	0	
58	-1.25	0	
58	-1.25	0	
58	-1.25	0	
58	-1.25	0	
58	-1.25	0	
58	-1.25	0	
58	-1.25	0	
58	-1.25	0	
58	-1.25	0	
58	-2.5	0	
58	-2.5	0	
58	-2.5	0	
58	-2.5	0	
58	-2.5	0	
58	-2.5	0	
58	-2.5	0	
58	0	0	
58	1.25	0	
58	5	0	
58	12.5	0	
58	22.5	0	
58	28.75	2.5	
58	42.5	2.5	
58	51.25	3.75	
58	60	3.75	
58	91.25	6.25	
58	103.75	7.5	
58	115	7.5	
58	141.25	10	
58	167.5	11.25	
58	193.75	11.25	
58	207.5	11.25	
58	233.75	11.25	
58	246.25	13.75	
58	258.75	13.75	
58	283.75	15	
58	297.5	15	
58	308.75	15	
58	326.25	15	
58	332.5	15	
58	346.25	13.75	
58	348.75	13.75	
58	348.75	13.75	
58	348.75	13.75	
58	348.75	13.75	
58	348.75	13.75	
58	348.75	13.75	
58	348.75	13.75	
58	348.75	13.75	
58	348.75	13.75	
58	348.75	13.75	
58	348.75	13.75	
58	348.75	13.75	
58	348.75	13.75	
59	0	0	
59	0	0	
59	0	0	
59	0	0	
59	0	0	
59	0	0	
59	0	0	
59	0	0	
59	0	0	
59	0	0	
59	0	0	
59	0	0	
59	0	0	
59	0	0	
59	0	0	
59	0	0	
59	0	0	
59	0	0	
59	0	0	
59	0	0	
59	0	0	
59	0	0	
59	0	0	
59	0	0	
59	0	0	
59	1.25	0	
59	1.25	0	
59	1.25	0	
59	1.25	0	
59	1.25	0	
59	1.25	0	
59	1.25	0	
59	30	-3.75	
59	35	-3.75	
59	40	-3.75	
59	60	-3.75	
59	67.5	-3.75	
59	85	-1.25	
59	93.75	-1.25	
59	103.75	0	
59	125	0	
59	145	2.5	
59	165	3.75	
59	176.25	3.75	
59	186.25	6.25	
59	217.5	7.5	
59	228.75	10	
59	238.75	11.25	
59	260	11.25	
59	268.75	13.75	
59	288.75	15	
59	305	18.75	
59	318.75	18.75	
59	323.75	21.25	
59	330	21.25	
59	343.75	21.25	
59	347.5	18.75	
59	347.5	18.75	
59	347.5	18.75	
59	347.5	18.75	
59	347.5	18.75	
59	347.5	18.75	
59	347.5	18.75	
59	347.5	18.75	
59	347.5	18.75	
59	347.5	18.75	
59	347.5	18.75	
59	347.5	18.75	
59	347.5	18.75	
59	347.5	18.75	
59	347.5	18.75	
59	347.5	18.75	
59	347.5	18.75	
59	347.5	18.75	
60	0	0	
60	0	0	
60	0	0	
60	0	0	
60	0	0	
60	0	0	
60	0	0	
60	0	0	
60	0	0	
60	-1.25	0	
60	-1.25	0	
60	-1.25	0	
60	-1.25	0	
60	-1.25	0	
60	-1.25	0	
60	-1.25	0	
60	-1.25	0	
60	-1.25	0	
60	-1.25	0	
60	0	0	
60	2.5	-2.5	
60	5	-2.5	
60	7.5	-2.5	
60	11.25	-2.5	
60	20	-2.5	
60	36.25	-2.5	
60	43.75	-2.5	
60	57.5	-2.5	
60	66.25	-2.5	
60	73.75	-2.5	
60	100	-2.5	
60	107.5	-2.5	
60	117.5	-2.5	
60	126.25	-2.5	
60	145	-2.5	
60	173.75	-6.25	
60	183.75	-6.25	
60	195	-6.25	
60	215	-6.25	
60	225	-6.25	
60	253.75	-6.25	
60	262.5	-6.25	
60	271.25	-6.25	
60	280	-6.25	
60	297.5	-6.25	
60	311.25	-6.25	
60	315	-6.25	
60	316.25	-6.25	
60	318.75	-6.25	
60	320	-6.25	
60	321.25	-6.25	
60	321.25	-6.25	
60	321.25	-7.5	
60	321.25	-7.5	
60	321.25	-7.5	
60	321.25	-7.5	
60	321.25	-7.5	
60	321.25	-7.5	
60	321.25	-7.5	
60	321.25	-7.5	
60	321.25	-7.5	
60	321.25	-7.5	
60	321.25	-7.5	
60	321.25	-7.5	
60	321.25	-7.5	
60	321.25	-7.5	
60	321.25	-7.5	
60	322.5	-10	
60	322.5	-10	
60	322.5	-10	
60	322.5	-10	
60	322.5	-10	
60	322.5	-10	
60	322.5	-10	
61	0	0	
61	0	0	
61	0	0	
61	-1.25	0	
61	-1.25	0	
61	-1.25	0	
61	-1.25	0	
61	-1.25	0	
61	-1.25	0	
61	-1.25	0	
61	-1.25	0	
61	-1.25	0	
61	-1.25	0	
61	-1.25	0	
61	-1.25	0	
61	-1.25	0	
61	-1.25	0	
61	-1.25	0	
61	-1.25	0	
61	-1.25	0	
61	-1.25	0	
61	-1.25	0	
61	-1.25	0	
61	-1.25	0	
61	0	0	
61	3.75	0	
61	10	0	
61	13.75	0	
61	23.75	0	
61	28.75	0	
61	50	0	
61	57.5	0	
61	66.25	0	
61	83.75	3.75	
61	93.75	2.5	
61	112.5	2.5	
61	132.5	2.5	
61	143.75	0	
61	165	0	
61	176.25	0	
61	211.25	-1.25	
61	222.5	-1.25	
61	235	-3.75	
61	257.5	-1.25	
61	268.75	0	
61	290	0	
61	307.5	2.5	
61	313.75	3.75	
61	321.25	3.75	
61	323.75	3.75	
61	328.75	3.75	
61	328.75	3.75	
61	330	2.5	
61	330	0	
61	330	0	
61	331.25	0	
61	331.25	0	
61	331.25	0	
61	331.25	0	
61	331.25	0	
61	331.25	0	
61	331.25	0	
61	331.25	0	
61	331.25	0	
61	331.25	0	
61	331.25	0	
61	331.25	0	
61	331.25	0	
61	331.25	0	
61	331.25	0	
61	331.25	0	
61	331.25	0	
61	331.25	0	
61	331.25	0	
62	0	0	
62	0	0	
62	0	0	
62	0	0	
62	0	0	
62	0	0	
62	0	0	
62	0	0	
62	0	0	
62	-27.5	-5	
62	-27.5	-5	
62	-27.5	-5	
62	-27.5	-5	
62	-27.5	-5	
62	-27.5	-5	
62	-27.5	-5	
62	-27.5	-5	
62	-27.5	-5	
62	-27.5	-5	
62	-27.5	-5	
62	-27.5	-5	
62	-27.5	-5	
62	-27.5	-5	
62	-27.5	-5	
62	-27.5	-5	
62	-1.25	-1.25	
62	2.5	0	
62	7.5	0	
62	13.75	0	
62	35	0	
62	43.75	2.5	
62	61.25	3.75	
62	70	3.75	
62	90	6.25	
62	110	6.25	
62	120	7.5	
62	141.25	7.5	
62	152.5	7.5	
62	163.75	7.5	
62	186.25	10	
62	208.75	11.25	
62	231.25	11.25	
62	242.5	11.25	
62	263.75	11.25	
62	275	11.25	
62	293.75	11.25	
62	311.25	13.75	
62	318.75	15	
62	327.5	15	
62	341.25	17.5	
62	347.5	18.75	
62	347.5	18.75	
62	347.5	18.75	
62	347.5	18.75	
62	347.5	18.75	
62	347.5	18.75	
62	347.5	18.75	
62	347.5	18.75	
62	347.5	18.75	
62	347.5	18.75	
62	347.5	18.75	
62	347.5	18.75	
62	347.5	18.75	
62	347.5	18.75	
62	347.5	18.75	
62	347.5	18.75	
62	347.5	18.75	
62	347.5	18.75	
62	347.5	18.75	
62	347.5	18.75	
62	347.5	18.75	
62	347.5	18.75	
62	347.5	18.75	
62	347.5	18.75	
63	0	0	
63	0	0	
63	0	0	
63	0	0	
63	0	0	
63	0	0	
63	0	0	
63	0	0	
63	0	0	
63	0	0	
63	0	0	
63	0	0	
63	0	0	
63	0	0	
63	0	0	
63	0	0	
63	0	0	
63	0	0	
63	0	0	
63	0	0	
63	0	0	
63	0	0	
63	0	0	
63	0	0	
63	0	0	
63	1.25	0	
63	3.75	0	
63	11.25	0	
63	17.5	0	
63	22.5	0	
63	45	0	
63	53.75	0	
63	62.5	0	
63	85	0	
63	97.5	0	
63	135	0	
63	150	0	
63	178.75	0	
63	193.75	0	
63	193.75	0	
63	245	2.5	
63	261.25	2.5	
63	275	3.75	
63	301.25	6.25	
63	313.75	7.5	
63	338.75	11.25	
63	342.5	11.25	
63	348.75	13.75	
63	348.75	13.75	
63	348.75	13.75	
63	348.75	13.75	
63	348.75	13.75	
63	348.75	13.75	
63	348.75	13.75	
63	348.75	13.75	
63	348.75	13.75	
63	348.75	13.75	
63	348.75	13.75	
63	348.75	13.75	
63	348.75	13.75	
63	348.75	13.75	
63	348.75	13.75	
63	348.75	13.75	
63	348.75	13.75	
63	348.75	13.75	
63	348.75	13.75	
63	348.75	13.75	
63	348.75	13.75	
63	348.75	13.75	
63	348.75	13.75	
63	348.75	13.75	
63	348.75	13.75	
63	348.75	13.75	
63	348.75	13.75	
64	0	0	
64	0	0	
64	0	0	
64	0	0	
64	0	0	
64	0	0	
64	0	0	
64	0	0	
64	0	0	
64	0	0	
64	0	0	
64	0	0	
64	0	0	
64	0	0	
64	0	2.5	
64	0	2.5	
64	0	2.5	
64	0	2.5	
64	0	2.5	
64	0	2.5	
64	0	2.5	
64	0	2.5	
64	1.25	2.5	
64	6.25	3.75	
64	8.75	3.75	
64	17.5	6.25	
64	26.25	7.5	
64	31.25	7.5	
64	42.5	7.5	
64	48.75	10	
64	72.5	7.5	
64	82.5	7.5	
64	91.25	7.5	
64	111.25	7.5	
64	121.25	3.75	
64	143.75	2.5	
64	166.25	0	
64	177.5	0	
64	201.25	-3.75	
64	212.5	-3.75	
64	250	-3.75	
64	261.25	-3.75	
64	272.5	-3.75	
64	295	-3.75	
64	303.75	-3.75	
64	318.75	-3.75	
64	326.25	-3.75	
64	328.75	-3.75	
64	331.25	-5	
64	332.5	-7.5	
64	333.75	-7.5	
64	335	-7.5	
64	335	-7.5	
64	335	-7.5	
64	335	-8.75	
64	335	-8.75	
64	336.25	-8.75	
64	336.25	-8.75	
64	336.25	-8.75	
64	336.25	-8.75	
64	336.25	-8.75	
64	336.25	-8.75	
64	336.25	-8.75	
64	336.25	-8.75	
64	336.25	-7.5	
64	336.25	-7.5	
64	336.25	-7.5	
64	336.25	-7.5	
64	336.25	-7.5	
64	336.25	-8.75	
64	336.25	-8.75	
64	336.25	-8.75	
64	336.25	-8.75	
64	336.25	-7.5	
65	0	0	
65	0	0	
65	0	0	
65	0	0	
65	0	0	
65	0	0	
65	0	0	
65	0	0	
65	0	0	
65	0	0	
65	0	0	
65	0	0	
65	0	0	
65	0	0	
65	0	0	
65	0	0	
65	0	0	
65	0	0	
65	1.25	2.5	
65	2.5	2.5	
65	6.25	3.75	
65	13.75	6.25	
65	21.25	7.5	
65	26.25	11.25	
65	32.5	11.25	
65	51.25	15	
65	60	17.5	
65	68.75	18.75	
65	77.5	18.75	
65	97.5	22.5	
65	118.75	25	
65	138.75	28.75	
65	161.25	30	
65	171.25	30	
65	182.5	30	
65	216.25	32.5	
65	227.5	32.5	
65	237.5	33.75	
65	247.5	33.75	
65	267.5	33.75	
65	285	36.25	
65	300	37.5	
65	307.5	37.5	
65	318.75	40	
65	325	41.25	
65	337.5	43.75	
65	340	43.75	
65	342.5	45	
65	343.75	45	
65	345	45	
65	346.25	45	
65	346.25	45	
65	346.25	45	
65	346.25	45	
65	346.25	45	
65	346.25	45	
65	346.25	45	
65	346.25	45	
65	346.25	45	
65	346.25	45	
65	346.25	45	
65	346.25	45	
65	346.25	45	
65	346.25	45	
65	346.25	45	
65	346.25	45	
65	346.25	45	
65	346.25	45	
65	346.25	45	
65	346.25	45	
65	346.25	45	
65	346.25	45	
65	346.25	45	
65	346.25	45	
66	0	0	
66	0	0	
66	0	0	
66	0	-2.5	
66	0	-2.5	
66	0	-2.5	
66	0	-2.5	
66	0	-2.5	
66	0	-2.5	
66	0	-2.5	
66	0	-2.5	
66	0	-2.5	
66	0	-2.5	
66	0	-2.5	
66	0	-2.5	
66	0	-2.5	
66	0	-2.5	
66	0	-2.5	
66	-1.25	0	
66	-1.25	0	
66	-1.25	0	
66	-1.25	0	
66	-1.25	0	
66	-1.25	0	
66	-1.25	0	
66	-1.25	0	
66	-1.25	0	
66	-1.25	0	
66	0	0	
66	1.25	0	
66	8.75	0	
66	12.5	0	
66	17.5	1.25	
66	28.75	1.25	
66	35	1.25	
66	60	1.25	
66	68.75	1.25	
66	91.25	5	
66	102.5	5	
66	113.75	5	
66	150	8.75	
66	161.25	11.25	
66	175	12.5	
66	198.75	16.25	
66	198.75	16.25	
66	238.75	20	
66	262.5	22.5	
66	272.5	23.75	
66	283.75	23.75	
66	292.5	26.25	
66	315	27.5	
66	321.25	27.5	
66	330	27.5	
66	332.5	27.5	
66	335	30	
66	338.75	30	
66	338.75	30	
66	340	30	
66	340	30	
66	340	30	
66	340	30	
66	340	30	
66	340	30	
66	340	30	
66	340	30	
66	340	30	
66	340	30	
66	340	30	
66	340	30	
66	340	30	
66	340	30	
66	340	30	
66	340	30	
66	340	30	
67	0	0	
67	0	0	
67	0	0	
67	0	0	
67	0	0	
67	0	0	
67	0	0	
67	0	0	
67	0	0	
67	0	0	
67	0	0	
67	0	0	
67	0	0	
67	0	0	
67	0	0	
67	0	0	
67	0	0	
67	0	0	
67	0	0	
67	0	0	
67	0	0	
67	0	0	
67	2.5	0	
67	5	0	
67	7.5	2.5	
67	17.5	3.75	
67	22.5	3.75	
67	27.5	6.25	
67	38.75	7.5	
67	50	7.5	
67	57.5	10	
67	75	11.25	
67	83.75	13.75	
67	92.5	15	
67	101.25	15	
67	130	21.25	
67	141.25	22.5	
67	151.25	22.5	
67	172.5	26.25	
67	193.75	28.75	
67	216.25	30	
67	238.75	32.5	
67	250	32.5	
67	260	33.75	
67	270	33.75	
67	301.25	33.75	
67	310	36.25	
67	320	33.75	
67	337.5	36.25	
67	337.5	36.25	
67	337.5	36.25	
67	337.5	36.25	
67	337.5	36.25	
67	337.5	36.25	
67	337.5	36.25	
67	337.5	36.25	
67	337.5	36.25	
67	337.5	36.25	
67	337.5	36.25	
67	337.5	36.25	
67	337.5	36.25	
67	337.5	36.25	
67	337.5	36.25	
67	337.5	36.25	
67	337.5	36.25	
67	337.5	36.25	
67	337.5	36.25	
67	337.5	36.25	
67	337.5	36.25	
67	337.5	36.25	
67	337.5	36.25	
67	337.5	36.25	
67	337.5	36.25	
67	337.5	36.25	
68	0	0	
68	0	0	
68	0	0	
68	0	0	
68	0	0	
68	0	0	
68	0	0	
68	0	0	
68	0	0	
68	0	0	
68	0	0	
68	0	0	
68	0	0	
68	0	0	
68	0	0	
68	0	0	
68	0	0	
68	0	0	
68	0	0	
68	0	0	
68	0	0	
68	0	0	
68	1.25	0	
68	2.5	0	
68	5	0	
68	12.5	2.5	
68	16.25	3.75	
68	21.25	3.75	
68	26.25	6.25	
68	38.75	7.5	
68	61.25	15	
68	68.75	15	
68	77.5	18.75	
68	96.25	22.5	
68	107.5	26.25	
68	140	33.75	
68	151.25	33.75	
68	162.5	37.5	
68	173.75	40	
68	196.25	43.75	
68	230	48.75	
68	241.25	51.25	
68	252.5	52.5	
68	272.5	56.25	
68	282.5	58.75	
68	308.75	63.75	
68	316.25	66.25	
68	323.75	67.5	
68	330	67.5	
68	338.75	71.25	
68	342.5	71.25	
68	342.5	71.25	
68	342.5	71.25	
68	342.5	71.25	
68	342.5	71.25	
68	342.5	71.25	
68	342.5	71.25	
68	342.5	71.25	
68	342.5	71.25	
68	342.5	71.25	
68	342.5	71.25	
68	342.5	71.25	
68	342.5	71.25	
68	342.5	71.25	
68	342.5	71.25	
68	342.5	71.25	
68	342.5	71.25	
68	342.5	71.25	
68	342.5	71.25	
68	342.5	71.25	
68	342.5	71.25	
68	342.5	71.25	
68	342.5	71.25	
68	342.5	71.25	
69	0	0	
69	0	0	
69	0	0	
69	0	0	
69	0	0	
69	0	0	
69	0	0	
69	0	0	
69	0	0	
69	0	0	
69	0	0	
69	0	0	
69	0	0	
69	0	0	
69	0	0	
69	0	0	
69	0	0	
69	0	0	
69	0	0	
69	0	0	
69	0	0	
69	0	0	
69	0	0	
69	0	0	
69	2.5	2.5	
69	6.25	2.5	
69	8.75	3.75	
69	15	3.75	
69	17.5	6.25	
69	22.5	6.25	
69	37.5	7.5	
69	43.75	10	
69	50	11.25	
69	66.25	11.25	
69	75	15	
69	102.5	17.5	
69	112.5	18.75	
69	123.75	18.75	
69	135	21.25	
69	160	25	
69	183.75	26.25	
69	207.5	30	
69	221.25	32.5	
69	232.5	33.75	
69	256.25	36.25	
69	290	37.5	
69	300	37.5	
69	308.75	40	
69	315	40	
69	323.75	40	
69	328.75	40	
69	330	40	
69	331.25	37.5	
69	331.25	37.5	
69	332.5	37.5	
69	333.75	37.5	
69	333.75	37.5	
69	335	36.25	
69	335	36.25	
69	335	36.25	
69	335	36.25	
69	335	36.25	
69	335	36.25	
69	335	36.25	
69	335	36.25	
69	335	36.25	
69	335	36.25	
69	335	36.25	
69	335	36.25	
69	335	36.25	
69	335	36.25	
69	335	36.25	
69	335	36.25	
69	335	36.25	
70	0	0	
70	0	0	
70	0	0	
70	0	0	
70	0	0	
70	0	0	
70	0	0	
70	0	0	
70	0	0	
70	0	0	
70	0	0	
70	0	0	
70	0	0	
70	0	0	
70	0	0	
70	0	0	
70	0	0	
70	0	0	
70	0	0	
70	0	0	
70	0	0	
70	0	0	
70	0	0	
70	0	0	
70	1.25	0	
70	3.75	-2.5	
70	6.25	-2.5	
70	8.75	-2.5	
70	15	-2.5	
70	18.75	-2.5	
70	35	0	
70	41.25	1.25	
70	57.5	1.25	
70	65	5	
70	75	5	
70	105	12.5	
70	115	15	
70	137.5	18.75	
70	148.75	20	
70	160	22.5	
70	195	27.5	
70	206.25	27.5	
70	226.25	31.25	
70	237.5	35	
70	246.25	35	
70	271.25	42.5	
70	278.75	42.5	
70	291.25	46.25	
70	296.25	46.25	
70	300	48.75	
70	305	50	
70	306.25	50	
70	307.5	50	
70	308.75	50	
70	308.75	50	
70	308.75	50	
70	308.75	50	
70	310	50	
70	310	50	
70	310	50	
70	310	50	
70	310	50	
70	310	50	
70	310	50	
70	310	50	
70	310	50	
70	310	50	
70	310	50	
70	310	50	
70	310	50	
70	310	50	
70	310	50	
70	310	50	
70	311.25	50	
71	0	0	
71	0	0	
71	0	0	
71	0	0	
71	0	0	
71	0	0	
71	-1.25	2.5	
71	-1.25	0	
71	-1.25	0	
71	-1.25	0	
71	-1.25	0	
71	-1.25	0	
71	-1.25	0	
71	-1.25	0	
71	-1.25	0	
71	-1.25	0	
71	-1.25	0	
71	-1.25	0	
71	-1.25	0	
71	-1.25	0	
71	-1.25	0	
71	-1.25	0	
71	-1.25	0	
71	0	0	
71	1.25	2.5	
71	6.25	2.5	
71	15	3.75	
71	18.75	3.75	
71	25	6.25	
71	36.25	7.5	
71	60	10	
71	70	11.25	
71	78.75	11.25	
71	100	15	
71	111.25	15	
71	135	17.5	
71	160	18.75	
71	172.5	21.25	
71	186.25	22.5	
71	200	22.5	
71	248.75	28.75	
71	257.5	30	
71	265	30	
71	273.75	30	
71	276.25	30	
71	280	30	
71	281.25	30	
71	281.25	30	
71	282.5	30	
71	283.75	30	
71	283.75	30	
71	283.75	30	
71	285	30	
71	285	30	
71	285	30	
71	285	30	
71	285	30	
71	285	30	
71	285	30	
71	285	30	
71	285	30	
71	285	30	
71	285	30	
71	285	30	
71	285	30	
71	285	30	
71	285	30	
71	285	30	
71	285	30	
71	285	30	
71	285	30	
71	285	30	
71	285	30	
71	285	30	
72	0	0	
72	0	0	
72	0	0	
72	0	0	
72	0	0	
72	0	0	
72	0	0	
72	0	0	
72	0	0	
72	0	0	
72	0	0	
72	0	0	
72	0	0	
72	0	0	
72	0	0	
72	0	0	
72	0	0	
72	0	0	
72	0	0	
72	0	0	
72	0	0	
72	0	0	
72	0	0	
72	0	0	
72	0	0	
72	0	0	
72	0	0	
72	0	0	
72	0	0	
72	0	0	
72	0	0	
72	0	0	
72	0	0	
72	0	0	
72	0	0	
72	1.25	0	
72	3.75	0	
72	5	0	
72	11.25	2.5	
72	16.25	2.5	
72	26.25	3.75	
72	32.5	6.25	
72	46.25	7.5	
72	55	10	
72	73.75	11.25	
72	95	15	
72	118.75	18.75	
72	130	18.75	
72	142.5	18.75	
72	155	22.5	
72	190	22.5	
72	202.5	25	
72	227.5	25	
72	238.75	26.25	
72	260	26.25	
72	278.75	28.75	
72	296.25	30	
72	303.75	30	
72	311.25	32.5	
72	318.75	33.75	
72	336.25	36.25	
72	340	36.25	
72	346.25	36.25	
72	347.5	36.25	
72	347.5	36.25	
72	347.5	36.25	
72	347.5	36.25	
72	347.5	36.25	
72	347.5	36.25	
72	347.5	36.25	
72	347.5	36.25	
72	347.5	36.25	
72	347.5	36.25	
72	347.5	36.25	
73	0	0	
73	0	0	
73	0	0	
73	0	0	
73	0	0	
73	0	0	
73	0	0	
73	0	0	
73	0	0	
73	0	0	
73	0	0	
73	0	0	
73	0	0	
73	0	0	
73	0	0	
73	0	0	
73	0	0	
73	0	0	
73	0	0	
73	0	0	
73	0	0	
73	0	0	
73	0	0	
73	0	0	
73	0	0	
73	0	0	
73	0	0	
73	0	0	
73	0	0	
73	0	0	
73	0	0	
73	0	0	
73	0	0	
73	0	0	
73	0	0	
73	6.25	3.75	
73	8.75	3.75	
73	16.25	3.75	
73	21.25	6.25	
73	33.75	7.5	
73	47.5	11.25	
73	65	13.75	
73	75	15	
73	85	17.5	
73	97.5	18.75	
73	132.5	22.5	
73	145	26.25	
73	171.25	30	
73	183.75	30	
73	207.5	32.5	
73	232.5	33.75	
73	245	33.75	
73	267.5	36.25	
73	278.75	36.25	
73	288.75	36.25	
73	318.75	37.5	
73	328.75	37.5	
73	342.5	36.25	
73	346.25	36.25	
73	346.25	36.25	
73	346.25	36.25	
73	346.25	36.25	
73	346.25	36.25	
73	346.25	36.25	
73	346.25	36.25	
73	346.25	36.25	
73	346.25	36.25	
73	346.25	36.25	
73	346.25	36.25	
73	346.25	36.25	
73	346.25	36.25	
73	346.25	36.25	
73	346.25	36.25	
73	346.25	36.25	
74	0	0	
74	0	0	
74	0	0	
74	0	0	
74	0	0	
74	0	0	
74	0	0	
74	0	0	
74	0	0	
74	0	0	
74	0	-2.5	
74	0	-2.5	
74	0	-2.5	
74	0	-2.5	
74	0	-2.5	
74	0	-2.5	
74	0	-2.5	
74	0	-2.5	
74	0	-2.5	
74	0	-2.5	
74	2.5	-2.5	
74	7.5	-2.5	
74	11.25	-2.5	
74	18.75	-2.5	
74	23.75	-2.5	
74	35	-3.75	
74	48.75	-6.25	
74	57.5	-6.25	
74	66.25	-6.25	
74	75	-6.25	
74	103.75	-6.25	
74	123.75	-7.5	
74	133.75	-10	
74	152.5	-10	
74	162.5	-13.75	
74	181.25	-13.75	
74	198.75	-17.5	
74	207.5	-21.25	
74	216.25	-21.25	
74	223.75	-21.25	
74	252.5	-25	
74	258.75	-25	
74	266.25	-25	
74	271.25	-25	
74	277.5	-26.25	
74	281.25	-26.25	
74	283.75	-26.25	
74	285	-28.75	
74	285	-28.75	
74	285	-28.75	
74	286.25	-28.75	
74	286.25	-28.75	
74	286.25	-28.75	
74	286.25	-28.75	
74	286.25	-28.75	
74	286.25	-28.75	
74	286.25	-28.75	
74	286.25	-28.75	
74	286.25	-30	
74	286.25	-30	
74	286.25	-30	
74	286.25	-30	
74	286.25	-30	
74	286.25	-30	
74	286.25	-30	
74	286.25	-30	
74	286.25	-30	
74	286.25	-30	
74	286.25	-30	
74	286.25	-30	
74	286.25	-30	
74	286.25	-30	
74	286.25	-30	
74	286.25	-30	
75	0	0	
75	0	0	
75	0	0	
75	0	0	
75	0	0	
75	0	0	
75	0	0	
75	0	0	
75	0	0	
75	0	0	
75	0	0	
75	0	0	
75	0	0	
75	0	0	
75	0	0	
75	0	0	
75	0	0	
75	0	0	
75	0	1.25	
75	0	1.25	
75	2.5	1.25	
75	5	3.75	
75	8.75	3.75	
75	11.25	3.75	
75	13.75	3.75	
75	25	5	
75	32.5	5	
75	40	5	
75	56.25	5	
75	56.25	5	
75	77.5	5	
75	100	7.5	
75	110	8.75	
75	121.25	8.75	
75	145	5	
75	167.5	3.75	
75	178.75	1.25	
75	201.25	1.25	
75	211.25	0	
75	222.5	0	
75	251.25	0	
75	261.25	0	
75	270	0	
75	287.5	0	
75	303.75	1.25	
75	320	1.25	
75	326.25	1.25	
75	341.25	1.25	
75	347.5	1.25	
75	347.5	1.25	
75	347.5	1.25	
75	347.5	1.25	
75	347.5	1.25	
75	347.5	1.25	
75	347.5	1.25	
75	347.5	1.25	
75	347.5	1.25	
75	347.5	1.25	
75	347.5	1.25	
75	347.5	1.25	
75	347.5	1.25	
75	347.5	1.25	
75	347.5	1.25	
75	347.5	1.25	
75	347.5	1.25	
75	347.5	1.25	
75	347.5	1.25	
75	347.5	1.25	
75	347.5	1.25	
75	347.5	1.25	
75	347.5	1.25	
75	347.5	1.25	
75	347.5	1.25	
75	347.5	1.25	
76	0	0	
76	0	0	
76	0	0	
76	0	0	
76	0	1.25	
76	0	1.25	
76	0	1.25	
76	0	0	
76	0	0	
76	0	0	
76	0	0	
76	0	0	
76	0	0	
76	0	0	
76	0	0	
76	0	0	
76	0	0	
76	0	0	
76	0	0	
76	0	0	
76	0	0	
76	0	0	
76	0	0	
76	0	0	
76	1.25	-2.5	
76	5	-2.5	
76	7.5	-2.5	
76	13.75	-2.5	
76	22.5	-2.5	
76	26.25	-2.5	
76	43.75	-3.75	
76	51.25	-3.75	
76	58.75	-3.75	
76	67.5	-3.75	
76	85	-3.75	
76	103.75	-2.5	
76	125	-2.5	
76	136.25	-2.5	
76	157.5	-2.5	
76	168.75	0	
76	190	0	
76	211.25	-2.5	
76	221.25	-2.5	
76	232.5	-2.5	
76	252.5	-2.5	
76	271.25	-3.75	
76	290	-6.25	
76	298.75	-6.25	
76	315	-6.25	
76	322.5	-3.75	
76	336.25	-3.75	
76	336.25	-3.75	
76	336.25	-3.75	
76	336.25	-3.75	
76	336.25	-3.75	
76	336.25	-3.75	
76	336.25	-3.75	
76	336.25	-3.75	
76	336.25	-3.75	
76	336.25	-3.75	
76	336.25	-3.75	
76	336.25	-3.75	
76	336.25	-3.75	
76	336.25	-3.75	
76	336.25	-3.75	
76	336.25	-3.75	
76	336.25	-3.75	
76	336.25	-3.75	
76	336.25	-3.75	
76	336.25	-3.75	
76	336.25	-3.75	
76	336.25	-3.75	
76	336.25	-3.75	
76	336.25	-3.75	
77	0	0	
77	0	0	
77	0	0	
77	0	0	
77	0	0	
77	0	-1.25	
77	-1.25	-1.25	
77	-1.25	-1.25	
77	-1.25	-1.25	
77	-1.25	-1.25	
77	-1.25	-1.25	
77	-1.25	0	
77	-1.25	-1.25	
77	-1.25	-1.25	
77	-1.25	-1.25	
77	-2.5	-1.25	
77	-2.5	-1.25	
77	-2.5	-1.25	
77	-2.5	-1.25	
77	-2.5	-1.25	
77	-2.5	-1.25	
77	-2.5	-1.25	
77	-1.25	-1.25	
77	0	-3.75	
77	1.25	-3.75	
77	7.5	-3.75	
77	11.25	-5	
77	15	-5	
77	20	-7.5	
77	25	-7.5	
77	46.25	-8.75	
77	62.5	-11.25	
77	72.5	-11.25	
77	81.25	-11.25	
77	101.25	-11.25	
77	123.75	-8.75	
77	135	-8.75	
77	147.5	-7.5	
77	171.25	-7.5	
77	182.5	-5	
77	215	-3.75	
77	226.25	-3.75	
77	246.25	-1.25	
77	257.5	0	
77	266.25	0	
77	293.75	3.75	
77	301.25	3.75	
77	308.75	3.75	
77	321.25	7.5	
77	327.5	7.5	
77	342.5	7.5	
77	347.5	7.5	
77	347.5	7.5	
77	347.5	7.5	
77	347.5	7.5	
77	347.5	7.5	
77	347.5	7.5	
77	347.5	7.5	
77	347.5	7.5	
77	347.5	7.5	
77	347.5	7.5	
77	347.5	7.5	
77	347.5	7.5	
77	347.5	7.5	
77	347.5	7.5	
77	347.5	7.5	
77	347.5	7.5	
77	347.5	7.5	
77	347.5	7.5	
77	347.5	7.5	
77	347.5	7.5	
77	347.5	7.5	
77	347.5	7.5	
77	347.5	7.5	
78	0	0	
78	0	0	
78	0	0	
78	0	0	
78	0	0	
78	0	0	
78	0	0	
78	0	0	
78	0	0	
78	0	0	
78	0	0	
78	0	0	
78	0	0	
78	0	0	
78	0	0	
78	0	0	
78	0	0	
78	0	0	
78	0	0	
78	0	0	
78	0	0	
78	0	0	
78	0	0	
78	0	0	
78	0	0	
78	0	0	
78	0	0	
78	2.5	0	
78	5	0	
78	7.5	0	
78	20	0	
78	26.25	-1.25	
78	32.5	-3.75	
78	40	-3.75	
78	58.75	-3.75	
78	91.25	-3.75	
78	102.5	-3.75	
78	115	-3.75	
78	138.75	-3.75	
78	150	-1.25	
78	185	-3.75	
78	196.25	-3.75	
78	206.25	-5	
78	227.5	-7.5	
78	236.25	-8.75	
78	265	-15	
78	273.75	-15	
78	282.5	-15	
78	298.75	-15	
78	306.25	-15	
78	325	-15	
78	331.25	-15	
78	336.25	-15	
78	345	-15	
78	348.75	-12.5	
78	348.75	-12.5	
78	348.75	-12.5	
78	348.75	-12.5	
78	348.75	-12.5	
78	348.75	-12.5	
78	348.75	-12.5	
78	348.75	-12.5	
78	348.75	-12.5	
78	348.75	-12.5	
78	348.75	-12.5	
78	348.75	-12.5	
78	348.75	-12.5	
78	348.75	-12.5	
78	348.75	-12.5	
78	348.75	-12.5	
78	348.75	-12.5	
78	348.75	-12.5	
78	348.75	-12.5	
78	348.75	-12.5	
79	0	0	
79	0	0	
79	0	0	
79	0	0	
79	0	0	
79	0	0	
79	0	0	
79	0	0	
79	0	0	
79	0	0	
79	0	0	
79	0	0	
79	0	0	
79	0	0	
79	0	0	
79	0	0	
79	0	0	
79	0	0	
79	0	0	
79	0	0	
79	2.5	0	
79	3.75	0	
79	7.5	0	
79	13.75	0	
79	17.5	0	
79	26.25	0	
79	36.25	0	
79	50	0	
79	57.5	2.5	
79	65	2.5	
79	90	3.75	
79	98.75	7.5	
79	107.5	7.5	
79	126.25	11.25	
79	135	11.25	
79	153.75	15	
79	173.75	15	
79	193.75	17.5	
79	203.75	18.75	
79	213.75	18.75	
79	245	18.75	
79	255	18.75	
79	263.75	18.75	
79	282.5	18.75	
79	290	18.75	
79	306.25	18.75	
79	321.25	18.75	
79	332.5	18.75	
79	335	18.75	
79	337.5	18.75	
79	342.5	18.75	
79	342.5	18.75	
79	343.75	18.75	
79	343.75	17.5	
79	343.75	17.5	
79	343.75	17.5	
79	345	15	
79	345	15	
79	345	15	
79	345	15	
79	345	15	
79	345	15	
79	345	15	
79	346.25	15	
79	346.25	15	
79	346.25	15	
79	346.25	15	
79	346.25	15	
79	346.25	15	
79	346.25	15	
79	346.25	15	
79	346.25	15	
79	346.25	15	
79	346.25	15	
80	0	0	
80	0	0	
80	0	0	
80	0	0	
80	0	0	
80	0	2.5	
80	0	2.5	
80	0	2.5	
80	0	2.5	
80	0	0	
80	0	0	
80	0	0	
80	0	0	
80	0	0	
80	0	0	
80	0	0	
80	0	0	
80	0	0	
80	0	0	
80	0	0	
80	0	0	
80	0	0	
80	0	0	
80	0	0	
80	0	0	
80	0	0	
80	1.25	0	
80	1.25	0	
80	3.75	0	
80	6.25	0	
80	13.75	0	
80	21.25	0	
80	25	0	
80	31.25	0	
80	36.25	0	
80	58.75	0	
80	66.25	0	
80	76.25	0	
80	95	3.75	
80	105	3.75	
80	137.5	3.75	
80	147.5	3.75	
80	168.75	3.75	
80	180	3.75	
80	191.25	3.75	
80	223.75	3.75	
80	233.75	3.75	
80	242.5	3.75	
80	262.5	3.75	
80	270	3.75	
80	292.5	6.25	
80	298.75	6.25	
80	307.5	7.5	
80	310	7.5	
80	312.5	7.5	
80	315	7.5	
80	317.5	7.5	
80	317.5	7.5	
80	317.5	7.5	
80	317.5	7.5	
80	317.5	6.25	
80	317.5	6.25	
80	317.5	6.25	
80	317.5	6.25	
80	317.5	6.25	
80	317.5	6.25	
80	317.5	6.25	
80	317.5	6.25	
80	317.5	6.25	
80	317.5	6.25	
80	317.5	6.25	
80	317.5	6.25	
80	317.5	6.25	
80	317.5	6.25	
81	0	0	
81	0	0	
81	0	0	
81	0	0	
81	0	0	
81	0	0	
81	0	0	
81	0	0	
81	0	0	
81	0	0	
81	0	0	
81	0	0	
81	0	0	
81	0	0	
81	0	0	
81	0	0	
81	0	0	
81	0	0	
81	0	0	
81	0	0	
81	1.25	1.25	
81	3.75	1.25	
81	7.5	1.25	
81	15	1.25	
81	20	1.25	
81	37.5	0	
81	43.75	0	
81	57.5	-2.5	
81	66.25	-2.5	
81	75	-2.5	
81	102.5	-6.25	
81	112.5	-6.25	
81	122.5	-6.25	
81	131.25	-7.5	
81	151.25	-10	
81	178.75	-11.25	
81	187.5	-11.25	
81	206.25	-10	
81	215	-10	
81	223.75	-10	
81	248.75	-7.5	
81	256.25	-7.5	
81	263.75	-6.25	
81	277.5	-3.75	
81	283.75	-2.5	
81	302.5	1.25	
81	308.75	1.25	
81	313.75	1.25	
81	323.75	5	
81	328.75	5	
81	336.25	7.5	
81	337.5	7.5	
81	338.75	7.5	
81	340	7.5	
81	341.25	7.5	
81	341.25	7.5	
81	341.25	7.5	
81	341.25	7.5	
81	341.25	7.5	
81	341.25	7.5	
81	342.5	5	
81	342.5	7.5	
81	342.5	7.5	
81	342.5	7.5	
81	342.5	7.5	
81	342.5	7.5	
81	342.5	7.5	
81	342.5	7.5	
81	342.5	7.5	
81	342.5	7.5	
81	342.5	7.5	
81	342.5	7.5	
81	342.5	7.5	
81	342.5	7.5	
82	0	0	
82	0	0	
82	0	0	
82	0	0	
82	0	0	
82	0	0	
82	0	0	
82	0	0	
82	0	0	
82	0	0	
82	0	0	
82	0	0	
82	0	0	
82	0	0	
82	0	0	
82	0	0	
82	0	0	
82	0	0	
82	0	0	
82	0	0	
82	0	0	
82	0	0	
82	0	0	
82	0	0	
82	0	0	
82	0	0	
82	0	0	
82	0	0	
82	0	0	
82	0	0	
82	0	-1.25	
82	2.5	-1.25	
82	3.75	-1.25	
82	5	-1.25	
82	7.5	-3.75	
82	17.5	-3.75	
82	22.5	-5	
82	33.75	-5	
82	41.25	-7.5	
82	57.5	-7.5	
82	75	-11.25	
82	93.75	-11.25	
82	103.75	-12.5	
82	113.75	-12.5	
82	123.75	-15	
82	147.5	-16.25	
82	170	-18.75	
82	181.25	-20	
82	192.5	-22.5	
82	211.25	-23.75	
82	228.75	-23.75	
82	245	-26.25	
82	252.5	-26.25	
82	260	-26.25	
82	266.25	-26.25	
82	285	-26.25	
82	295	-26.25	
82	297.5	-26.25	
82	300	-26.25	
82	302.5	-26.25	
82	305	-26.25	
82	305	-26.25	
82	305	-26.25	
82	305	-26.25	
82	305	-26.25	
82	306.25	-26.25	
82	306.25	-26.25	
82	306.25	-26.25	
82	306.25	-26.25	
82	306.25	-26.25	
82	306.25	-26.25	
82	306.25	-26.25	
82	306.25	-26.25	
82	306.25	-26.25	
83	0	0	
83	0	0	
83	0	0	
83	0	0	
83	0	0	
83	0	-1.25	
83	0	-1.25	
83	0	-1.25	
83	0	-1.25	
83	0	-1.25	
83	0	-1.25	
83	0	-1.25	
83	0	-1.25	
83	0	-1.25	
83	0	-1.25	
83	0	-1.25	
83	0	-1.25	
83	0	-1.25	
83	0	-1.25	
83	0	-1.25	
83	0	-1.25	
83	0	-1.25	
83	0	-1.25	
83	0	-1.25	
83	0	-1.25	
83	0	-1.25	
83	0	-1.25	
83	0	-1.25	
83	1.25	-1.25	
83	3.75	-1.25	
83	11.25	-3.75	
83	15	-3.75	
83	18.75	-3.75	
83	25	-3.75	
83	31.25	-3.75	
83	53.75	-5	
83	62.5	-5	
83	71.25	-5	
83	83.75	-5	
83	83.75	-5	
83	126.25	-3.75	
83	138.75	-3.75	
83	152.5	-3.75	
83	152.5	-3.75	
83	170	-3.75	
83	186.25	-3.75	
83	215	-5	
83	226.25	-7.5	
83	236.25	-7.5	
83	253.75	-8.75	
83	275	-11.25	
83	280	-11.25	
83	285	-11.25	
83	287.5	-11.25	
83	291.25	-11.25	
83	293.75	-12.5	
83	293.75	-12.5	
83	295	-11.25	
83	295	-12.5	
83	295	-12.5	
83	296.25	-15	
83	296.25	-15	
83	296.25	-12.5	
83	296.25	-12.5	
83	296.25	-12.5	
83	296.25	-12.5	
83	296.25	-12.5	
83	296.25	-12.5	
83	296.25	-12.5	
83	296.25	-15	
83	296.25	-15	
83	296.25	-15	
83	296.25	-15	
83	296.25	-15	
84	0	0	
84	0	0	
84	0	0	
84	0	0	
84	0	0	
84	0	0	
84	0	0	
84	0	0	
84	0	0	
84	0	0	
84	0	0	
84	0	0	
84	0	0	
84	0	0	
84	0	0	
84	0	0	
84	0	0	
84	0	0	
84	0	0	
84	0	0	
84	0	0	
84	0	0	
84	0	0	
84	2.5	0	
84	3.75	2.5	
84	12.5	2.5	
84	15	0	
84	20	2.5	
84	30	0	
84	37.5	0	
84	52.5	0	
84	70	0	
84	80	-1.25	
84	101.25	-1.25	
84	111.25	-3.75	
84	143.75	-3.75	
84	155	-5	
84	166.25	-7.5	
84	177.5	-7.5	
84	198.75	-8.75	
84	220	-11.25	
84	240	-11.25	
84	248.75	-11.25	
84	266.25	-11.25	
84	273.75	-11.25	
84	292.5	-11.25	
84	298.75	-11.25	
84	303.75	-11.25	
84	307.5	-11.25	
84	315	-11.25	
84	321.25	-11.25	
84	323.75	-12.5	
84	323.75	-11.25	
84	326.25	-12.5	
84	326.25	-12.5	
84	326.25	-12.5	
84	326.25	-12.5	
84	326.25	-12.5	
84	326.25	-12.5	
84	326.25	-12.5	
84	326.25	-12.5	
84	327.5	-12.5	
84	327.5	-12.5	
84	327.5	-12.5	
84	327.5	-12.5	
84	327.5	-12.5	
84	327.5	-12.5	
84	327.5	-12.5	
84	327.5	-12.5	
84	327.5	-12.5	
84	327.5	-12.5	
84	327.5	-12.5	
84	327.5	-12.5	
84	327.5	-12.5	
85	0	0	
85	0	0	
85	0	0	
85	0	0	
85	0	0	
85	0	0	
85	0	0	
85	0	0	
85	0	0	
85	0	0	
85	0	0	
85	0	0	
85	0	0	
85	0	0	
85	0	0	
85	0	0	
85	0	0	
85	0	0	
85	0	0	
85	0	0	
85	0	0	
85	0	0	
85	0	0	
85	0	0	
85	0	0	
85	1.25	0	
85	3.75	0	
85	6.25	0	
85	11.25	0	
85	15	0	
85	21.25	0	
85	31.25	0	
85	37.5	0	
85	43.75	0	
85	56.25	0	
85	72.5	0	
85	88.75	-1.25	
85	97.5	-1.25	
85	116.25	-3.75	
85	126.25	-3.75	
85	145	-5	
85	156.25	-7.5	
85	176.25	-7.5	
85	186.25	-7.5	
85	196.25	-8.75	
85	222.5	-11.25	
85	232.5	-11.25	
85	235	-12.5	
85	237.5	-12.5	
85	238.75	-12.5	
85	242.5	-15	
85	243.75	-15	
85	243.75	-15	
85	243.75	-15	
85	243.75	-16.25	
85	245	-16.25	
85	245	-16.25	
85	245	-16.25	
85	245	-16.25	
85	245	-16.25	
85	245	-16.25	
85	245	-16.25	
85	245	-16.25	
85	245	-16.25	
85	245	-16.25	
85	245	-15	
85	245	-16.25	
85	245	-16.25	
85	245	-16.25	
85	245	-16.25	
85	245	-16.25	
85	245	-16.25	
85	245	-16.25	
85	245	-16.25	
86	0	0	
86	0	0	
86	0	0	
86	0	0	
86	0	0	
86	0	0	
86	0	0	
86	0	0	
86	0	0	
86	0	0	
86	0	0	
86	0	0	
86	0	0	
86	0	0	
86	0	0	
86	0	0	
86	0	0	
86	0	0	
86	0	0	
86	0	0	
86	1.25	0	
86	3.75	0	
86	6.25	0	
86	7.5	0	
86	10	0	
86	20	0	
86	23.75	-1.25	
86	28.75	-3.75	
86	38.75	-3.75	
86	45	-7.5	
86	65	-11.25	
86	73.75	-12.5	
86	90	-16.25	
86	98.75	-18.75	
86	107.5	-20	
86	135	-27.5	
86	143.75	-30	
86	153.75	-33.75	
86	162.5	-35	
86	178.75	-38.75	
86	200	-42.5	
86	206.25	-45	
86	211.25	-45	
86	222.5	-46.25	
86	226.25	-48.75	
86	233.75	-48.75	
86	240	-48.75	
86	242.5	-48.75	
86	245	-48.75	
86	247.5	-50	
86	248.75	-50	
86	248.75	-50	
86	248.75	-50	
86	248.75	-50	
86	248.75	-50	
86	248.75	-50	
86	248.75	-50	
86	248.75	-50	
86	248.75	-50	
86	248.75	-50	
86	250	-50	
86	250	-50	
86	250	-50	
86	250	-50	
86	250	-50	
86	250	-50	
86	250	-50	
86	250	-50	
86	250	-50	
86	250	-50	
86	250	-50	
86	250	-50	
86	250	-52.5	
86	250	-52.5	
87	0	0	
87	0	0	
87	0	0	
87	0	0	
87	0	0	
87	0	0	
87	0	0	
87	0	0	
87	0	1.25	
87	0	0	
87	0	0	
87	0	0	
87	0	0	
87	0	0	
87	0	0	
87	0	0	
87	0	0	
87	0	0	
87	0	0	
87	0	0	
87	2.5	0	
87	3.75	1.25	
87	6.25	1.25	
87	12.5	1.25	
87	27.5	1.25	
87	32.5	1.25	
87	40	0	
87	46.25	-2.5	
87	62.5	-6.25	
87	82.5	-10	
87	103.75	-13.75	
87	116.25	-17.5	
87	127.5	-17.5	
87	151.25	-22.5	
87	176.25	-28.75	
87	200	-32.5	
87	210	-36.25	
87	220	-36.25	
87	230	-40	
87	253.75	-45	
87	260	-47.5	
87	266.25	-47.5	
87	275	-51.25	
87	282.5	-52.5	
87	287.5	-55	
87	291.25	-55	
87	295	-58.75	
87	297.5	-58.75	
87	298.75	-58.75	
87	305	-58.75	
87	308.75	-60	
87	310	-58.75	
87	315	-60	
87	318.75	-60	
87	320	-60	
87	322.5	-62.5	
87	325	-60	
87	326.25	-60	
87	328.75	-62.5	
87	331.25	-62.5	
87	332.5	-62.5	
87	333.75	-62.5	
87	336.25	-62.5	
87	336.25	-62.5	
87	336.25	-62.5	
87	337.5	-62.5	
87	337.5	-62.5	
87	337.5	-62.5	
87	337.5	-62.5	
87	337.5	-62.5	
87	338.75	-62.5	
87	338.75	-62.5	
87	340	-62.5	
87	340	-62.5	
88	0	0	
88	0	0	
88	0	0	
88	0	0	
88	0	0	
88	0	0	
88	0	0	
88	0	0	
88	0	0	
88	0	0	
88	0	0	
88	0	0	
88	0	0	
88	0	0	
88	0	0	
88	0	0	
88	0	0	
88	0	0	
88	0	0	
88	0	0	
88	0	-1.25	
88	0	-1.25	
88	1.25	0	
88	3.75	0	
88	6.25	0	
88	16.25	2.5	
88	20	2.5	
88	30	0	
88	36.25	0	
88	42.5	0	
88	65	-3.75	
88	73.75	-5	
88	82.5	-7.5	
88	90	-7.5	
88	101.25	-11.25	
88	133.75	-16.25	
88	156.25	-22.5	
88	166.25	-22.5	
88	177.5	-26.25	
88	188.75	-27.5	
88	220	-31.25	
88	230	-33.75	
88	240	-35	
88	250	-37.5	
88	261.25	-37.5	
88	295	-41.25	
88	301.25	-41.25	
88	308.75	-41.25	
88	313.75	-41.25	
88	323.75	-41.25	
88	331.25	-41.25	
88	337.5	-42.5	
88	341.25	-42.5	
88	343.75	-42.5	
88	346.25	-45	
88	346.25	-45	
88	346.25	-45	
88	346.25	-45	
88	346.25	-45	
88	346.25	-45	
88	346.25	-45	
88	346.25	-45	
88	346.25	-45	
88	346.25	-45	
88	346.25	-45	
88	346.25	-45	
88	346.25	-45	
88	346.25	-45	
88	346.25	-45	
88	346.25	-45	
88	346.25	-45	
88	346.25	-45	
88	346.25	-45	
88	346.25	-45	
89	0	0	
89	0	0	
89	0	0	
89	0	0	
89	0	0	
89	0	0	
89	0	0	
89	0	0	
89	0	0	
89	0	0	
89	0	0	
89	0	0	
89	0	0	
89	0	0	
89	0	0	
89	0	0	
89	0	0	
89	0	0	
89	0	0	
89	0	0	
89	0	0	
89	0	0	
89	0	0	
89	0	0	
89	0	0	
89	2.5	0	
89	7.5	2.5	
89	10	0	
89	13.75	0	
89	23.75	0	
89	28.75	-1.25	
89	50	-5	
89	58.75	-7.5	
89	67.5	-8.75	
89	76.25	-11.25	
89	96.25	-12.5	
89	128.75	-16.25	
89	140	-18.75	
89	151.25	-20	
89	172.5	-23.75	
89	182.5	-26.25	
89	202.5	-30	
89	222.5	-33.75	
89	230	-37.5	
89	235	-37.5	
89	242.5	-41.25	
89	247.5	-52.5	
89	248.75	-53.75	
89	250	-56.25	
89	250	-61.25	
89	251.25	-63.75	
89	252.5	-67.5	
89	252.5	-71.25	
89	252.5	-71.25	
89	252.5	-71.25	
89	252.5	-71.25	
89	253.75	-71.25	
89	253.75	-71.25	
89	253.75	-71.25	
89	253.75	-71.25	
89	253.75	-72.5	
89	253.75	-72.5	
89	253.75	-72.5	
89	253.75	-71.25	
89	253.75	-71.25	
89	253.75	-68.75	
89	253.75	-65	
89	253.75	-63.75	
89	253.75	-60	
89	253.75	-56.25	
89	253.75	-53.75	
89	252.5	-50	
89	253.75	-46.25	
89	253.75	-45	
90	0	0	
90	0	0	
90	0	0	
90	0	0	
90	0	0	
90	0	0	
90	0	0	
90	0	0	
90	0	0	
90	0	0	
90	0	0	
90	0	0	
90	0	0	
90	0	0	
90	0	0	
90	0	0	
90	0	0	
90	0	0	
90	0	0	
90	0	0	
90	0	0	
90	0	0	
90	0	0	
90	0	0	
90	0	0	
90	3.75	-1.25	
90	5	-1.25	
90	6.25	-1.25	
90	12.5	-1.25	
90	16.25	-1.25	
90	31.25	-1.25	
90	37.5	-1.25	
90	50	-1.25	
90	57.5	-1.25	
90	65	-1.25	
90	91.25	0	
90	100	0	
90	110	0	
90	130	0	
90	140	2.5	
90	171.25	3.75	
90	181.25	3.75	
90	201.25	7.5	
90	208.75	7.5	
90	217.5	7.5	
90	241.25	7.5	
90	248.75	7.5	
90	256.25	7.5	
90	263.75	7.5	
90	278.75	10	
90	301.25	10	
90	308.75	10	
90	322.5	11.25	
90	328.75	11.25	
90	335	11.25	
90	340	11.25	
90	340	11.25	
90	340	11.25	
90	340	11.25	
90	340	11.25	
90	340	11.25	
90	340	11.25	
90	340	11.25	
90	340	11.25	
90	340	11.25	
90	340	11.25	
90	340	11.25	
90	340	11.25	
90	340	11.25	
90	340	11.25	
90	340	11.25	
90	340	11.25	
90	340	11.25	
90	340	11.25	
91	0	0	
91	0	0	
91	0	0	
91	0	0	
91	0	0	
91	0	0	
91	0	0	
91	0	0	
91	0	0	
91	0	0	
91	0	0	
91	0	0	
91	0	0	
91	0	0	
91	0	0	
91	0	0	
91	0	0	
91	0	0	
91	0	0	
91	0	0	
91	0	0	
91	0	0	
91	0	0	
91	0	0	
91	0	0	
91	0	0	
91	12.5	-2.5	
91	22.5	-2.5	
91	27.5	-3.75	
91	33.75	-3.75	
91	52.5	-6.25	
91	60	-7.5	
91	67.5	-7.5	
91	83.75	-10	
91	102.5	-10	
91	121.25	-11.25	
91	130	-11.25	
91	148.75	-13.75	
91	157.5	-13.75	
91	167.5	-13.75	
91	195	-11.25	
91	202.5	-11.25	
91	211.25	-10	
91	226.25	-10	
91	240	-6.25	
91	251.25	-6.25	
91	256.25	-3.75	
91	266.25	-2.5	
91	268.75	-2.5	
91	273.75	0	
91	281.25	1.25	
91	285	1.25	
91	291.25	1.25	
91	293.75	1.25	
91	298.75	1.25	
91	302.5	3.75	
91	306.25	3.75	
91	310	3.75	
91	312.5	1.25	
91	313.75	1.25	
91	320	1.25	
91	320	1.25	
91	322.5	1.25	
91	323.75	3.75	
91	323.75	3.75	
91	323.75	3.75	
91	323.75	3.75	
91	323.75	3.75	
91	323.75	3.75	
91	325	3.75	
91	325	3.75	
91	325	3.75	
91	325	3.75	
91	325	3.75	
92	0	0	
92	0	0	
92	0	0	
92	0	0	
92	0	0	
92	0	0	
92	0	0	
92	0	0	
92	0	0	
92	0	0	
92	0	0	
92	0	0	
92	0	0	
92	0	0	
92	0	0	
92	0	0	
92	0	0	
92	0	0	
92	0	0	
92	0	0	
92	0	0	
92	0	0	
92	0	-1.25	
92	1.25	-1.25	
92	3.75	-3.75	
92	6.25	-3.75	
92	10	-7.5	
92	12.5	-7.5	
92	18.75	-7.5	
92	22.5	-7.5	
92	35	-8.75	
92	40	-8.75	
92	46.25	-8.75	
92	51.25	-8.75	
92	63.75	-8.75	
92	77.5	-7.5	
92	91.25	-5	
92	100	-3.75	
92	115	-3.75	
92	122.5	-1.25	
92	138.75	0	
92	156.25	0	
92	163.75	2.5	
92	172.5	2.5	
92	188.75	3.75	
92	202.5	3.75	
92	216.25	3.75	
92	223.75	3.75	
92	236.25	3.75	
92	241.25	3.75	
92	252.5	3.75	
92	261.25	3.75	
92	265	2.5	
92	270	0	
92	278.75	0	
92	286.25	-3.75	
92	290	-3.75	
92	297.5	-5	
92	301.25	-7.5	
92	305	-7.5	
92	315	-7.5	
92	318.75	-7.5	
92	321.25	-7.5	
92	327.5	-7.5	
92	331.25	-7.5	
92	338.75	-7.5	
92	342.5	-5	
92	347.5	-3.75	
92	347.5	-3.75	
92	347.5	-3.75	
92	347.5	-3.75	
92	347.5	-3.75	
92	347.5	-3.75	
92	347.5	-3.75	
93	0	0	
93	0	0	
93	0	0	
93	0	0	
93	0	0	
93	0	0	
93	0	0	
93	0	0	
93	0	0	
93	0	0	
93	0	0	
93	0	0	
93	0	0	
93	0	0	
93	0	0	
93	0	0	
93	0	0	
93	0	0	
93	0	0	
93	0	0	
93	0	0	
93	0	0	
93	0	0	
93	0	0	
93	0	0	
93	0	0	
93	0	0	
93	0	0	
93	0	0	
93	0	0	
93	0	0	
93	0	0	
93	0	0	
93	0	0	
93	0	0	
93	0	0	
93	1.25	0	
93	2.5	0	
93	8.75	0	
93	12.5	0	
93	27.5	-3.75	
93	33.75	-7.5	
93	48.75	-11.25	
93	57.5	-11.25	
93	66.25	-12.5	
93	91.25	-18.75	
93	100	-18.75	
93	107.5	-18.75	
93	125	-22.5	
93	133.75	-22.5	
93	160	-22.5	
93	168.75	-22.5	
93	185	-23.75	
93	192.5	-23.75	
93	201.25	-23.75	
93	223.75	-22.5	
93	230	-22.5	
93	236.25	-22.5	
93	248.75	-20	
93	258.75	-18.75	
93	268.75	-15	
93	272.5	-15	
93	280	-11.25	
93	281.25	-11.25	
93	283.75	-8.75	
93	286.25	-7.5	
93	287.5	-7.5	
93	287.5	-7.5	
93	287.5	-7.5	
93	287.5	-7.5	
93	287.5	-7.5	
93	287.5	-7.5	
93	287.5	-7.5	
93	287.5	-7.5	
94	0	0	
94	0	0	
94	0	0	
94	0	0	
94	0	0	
94	0	0	
94	0	0	
94	0	0	
94	0	0	
94	0	0	
94	0	0	
94	0	0	
94	0	0	
94	0	0	
94	0	0	
94	0	0	
94	0	0	
94	0	0	
94	0	0	
94	0	0	
94	2.5	0	
94	5	0	
94	8.75	0	
94	17.5	0	
94	27.5	2.5	
94	40	2.5	
94	47.5	2.5	
94	61.25	0	
94	70	-1.25	
94	77.5	-3.75	
94	106.25	-7.5	
94	117.5	-7.5	
94	128.75	-7.5	
94	152.5	-8.75	
94	163.75	-8.75	
94	196.25	-8.75	
94	206.25	-8.75	
94	216.25	-8.75	
94	235	-8.75	
94	243.75	-8.75	
94	261.25	-8.75	
94	275	-8.75	
94	281.25	-11.25	
94	293.75	-11.25	
94	300	-11.25	
94	317.5	-12.5	
94	322.5	-12.5	
94	328.75	-12.5	
94	337.5	-12.5	
94	341.25	-11.25	
94	345	-11.25	
94	347.5	-11.25	
94	348.75	-11.25	
94	348.75	-11.25	
94	348.75	-11.25	
94	348.75	-11.25	
94	348.75	-11.25	
94	348.75	-11.25	
94	348.75	-11.25	
94	348.75	-11.25	
94	348.75	-11.25	
94	348.75	-11.25	
94	348.75	-11.25	
94	348.75	-11.25	
94	348.75	-11.25	
94	348.75	-11.25	
94	348.75	-11.25	
94	348.75	-11.25	
94	348.75	-11.25	
94	348.75	-11.25	
94	348.75	-11.25	
94	348.75	-11.25	
94	348.75	-11.25	
94	348.75	-11.25	
