34
66
191
213
221
135
242
173
58
88
105
123
26
15
97
65
240
37
215
226
60
230
144
145
118
83
139
228
32
222
130
194
174
198
252
91
4
227
148
208
236
197
211
99
201
185
87
112
101
146
255
261
113
119
17
224
82
250
154
178
68
192
142
238
206
225
106
8
18
248
143
98
164
260
35
114
74
25
109
125
10
160
167
48
162
212
177
253
166
36
188
19
24
27
200
84
30
100
233
147
205
170
171
140
138
128
180
44
69
22
43
149
20
254
132
127
262
219
9
176
244
245
62
75
108
120
6
121
70
264
56
141
214
161
190
90
223
220
183
157
41
263
204
28
52
93
103
202
116
57
209
156
92
257
86
38
115
235
256
117
1
129
231
232
186
195
50
150
33
218
42
134
13
172
63
72
80
152
61
243
23
55
237
29
207
239
64
122
85
2
259
3
196
181
94
111
124
16
81
5
203
131
246
78
151
137
46
187
249
104
40
76
182
158
49
216
21
169
168
258
102
12
67
217
107
77
165
89
11
59
189
175
7
234
184
133
95
136
229
241
159
199
47
39
210
51
110
45
79
155
251
73
193
126
71
31
247
14
96
179
153
54
53
163
