Trial	X	Y
1	0	0	
1	0	0	
1	0	0	
1	0	0	
1	0	0	
1	0	0	
1	0	0	
1	0	0	
1	0	0	
1	0	0	
1	0	0	
1	0	0	
1	0	0	
1	1.25	1.25	
1	5	8.75	
1	11.25	15	
1	16.25	20	
1	21.25	23.75	
1	32.5	31.25	
1	43.75	41.25	
1	55	46.25	
1	61.25	50	
1	71.25	53.75	
1	76.25	56.25	
1	83.75	57.5	
1	90	57.5	
1	92.5	57.5	
1	96.25	57.5	
1	103.75	56.25	
1	112.5	53.75	
1	121.25	53.75	
1	126.25	53.75	
1	137.5	53.75	
1	143.75	53.75	
1	156.25	53.75	
1	166.25	53.75	
1	171.25	53.75	
1	176.25	53.75	
1	180	53.75	
1	192.5	52.5	
1	200	50	
1	202.5	50	
1	207.5	46.25	
1	213.75	42.5	
1	222.5	37.5	
1	231.25	31.25	
1	236.25	27.5	
1	241.25	26.25	
1	241.25	26.25	
1	257.5	16.25	
1	266.25	12.5	
1	270	11.25	
1	273.75	8.75	
1	277.5	8.75	
1	286.25	5	
1	290	5	
1	296.25	5	
1	297.5	5	
1	300	5	
1	311.25	1.25	
1	320	0	
1	325	-3.75	
1	328.75	-5	
1	332.5	-5	
1	342.5	-7.5	
1	343.75	-7.5	
1	347.5	-7.5	
1	348.75	-5	
1	348.75	-5	
1	348.75	-5	
1	348.75	-5	
1	348.75	-5	
1	348.75	-5	
1	348.75	-5	
2	0	0	
2	0	2.5	
2	0	2.5	
2	0	2.5	
2	0	3.75	
2	0	3.75	
2	0	3.75	
2	0	3.75	
2	0	3.75	
2	0	3.75	
2	0	3.75	
2	0	3.75	
2	0	3.75	
2	0	3.75	
2	0	3.75	
2	0	3.75	
2	1.25	6.25	
2	1.25	7.5	
2	2.5	7.5	
2	10	15	
2	18.75	21.25	
2	23.75	22.5	
2	30	26.25	
2	37.5	30	
2	61.25	37.5	
2	70	40	
2	86.25	43.75	
2	95	45	
2	103.75	45	
2	131.25	48.75	
2	147.5	51.25	
2	156.25	51.25	
2	156.25	51.25	
2	165	52.5	
2	181.25	52.5	
2	190	52.5	
2	190	52.5	
2	207.5	52.5	
2	215	51.25	
2	231.25	47.5	
2	245	41.25	
2	258.75	36.25	
2	265	33.75	
2	271.25	30	
2	291.25	18.75	
2	296.25	15	
2	301.25	11.25	
2	311.25	6.25	
2	315	3.75	
2	322.5	0	
2	327.5	-3.75	
2	331.25	-5	
2	332.5	-5	
2	332.5	-5	
2	333.75	-7.5	
2	333.75	-7.5	
2	333.75	-7.5	
2	333.75	-7.5	
2	333.75	-7.5	
2	333.75	-7.5	
2	333.75	-7.5	
2	333.75	-7.5	
2	333.75	-7.5	
2	333.75	-7.5	
2	333.75	-7.5	
2	333.75	-7.5	
2	333.75	-7.5	
2	333.75	-7.5	
2	333.75	-7.5	
2	333.75	-7.5	
2	333.75	-7.5	
2	333.75	-7.5	
2	333.75	-7.5	
2	333.75	-7.5	
3	0	0	
3	-16.25	-11.25	
3	-47.5	-26.25	
3	-61.25	-30	
3	-85	-31.25	
3	-103.75	-27.5	
3	-112.5	-22.5	
3	-117.5	-18.75	
3	-126.25	-8.75	
3	-131.25	2.5	
3	-132.5	11.25	
3	-135	15	
3	-133.75	26.25	
3	-133.75	30	
3	-132.5	40	
3	-132.5	47.5	
3	-131.25	51.25	
3	-131.25	52.5	
3	-130	58.75	
3	-130	63.75	
3	-130	70	
3	-130	73.75	
3	-128.75	81.25	
3	-127.5	85	
3	-125	90	
3	-123.75	96.25	
3	-121.25	97.5	
3	-121.25	97.5	
3	-117.5	100	
3	-113.75	100	
3	-107.5	100	
3	-105	101.25	
3	-98.75	101.25	
3	-96.25	101.25	
3	-91.25	101.25	
3	-86.25	101.25	
3	-83.75	101.25	
3	-78.75	101.25	
3	-71.25	101.25	
3	-61.25	103.75	
3	-47.5	107.5	
3	-38.75	108.75	
3	-17.5	116.25	
3	-5	120	
3	22.5	127.5	
3	53.75	137.5	
3	70	142.5	
3	87.5	148.75	
3	106.25	153.75	
3	161.25	163.75	
3	200	168.75	
3	218.75	170	
3	256.25	170	
3	273.75	168.75	
3	307.5	163.75	
3	307.5	163.75	
3	307.5	163.75	
3	307.5	163.75	
3	307.5	163.75	
3	307.5	163.75	
3	307.5	163.75	
3	307.5	163.75	
3	307.5	163.75	
3	307.5	163.75	
3	307.5	163.75	
3	307.5	163.75	
3	307.5	163.75	
3	307.5	163.75	
3	307.5	163.75	
3	342.5	45	
3	336.25	45	
3	331.25	45	
3	326.25	45	
3	316.25	45	
4	0	0	
4	0	0	
4	0	0	
4	0	0	
4	0	0	
4	0	0	
4	0	0	
4	0	0	
4	0	0	
4	0	0	
4	0	0	
4	0	0	
4	0	0	
4	0	0	
4	0	0	
4	0	0	
4	0	0	
4	0	2.5	
4	0	2.5	
4	0	3.75	
4	3.75	3.75	
4	5	6.25	
4	10	7.5	
4	13.75	10	
4	21.25	13.75	
4	30	15	
4	33.75	17.5	
4	38.75	18.75	
4	51.25	18.75	
4	66.25	22.5	
4	85	22.5	
4	97.5	22.5	
4	123.75	26.25	
4	137.5	26.25	
4	167.5	26.25	
4	198.75	30	
4	213.75	33.75	
4	230	36.25	
4	262.5	41.25	
4	292.5	45	
4	322.5	47.5	
4	335	47.5	
4	335	47.5	
4	335	47.5	
4	335	47.5	
4	335	47.5	
4	335	47.5	
4	335	47.5	
4	335	47.5	
4	335	47.5	
4	335	47.5	
4	335	47.5	
4	335	47.5	
4	335	47.5	
4	342.5	0	
4	336.25	-3.75	
4	333.75	-7.5	
4	331.25	-7.5	
4	330	-8.75	
4	326.25	-15	
4	325	-18.75	
4	325	-18.75	
4	325	-18.75	
4	323.75	-20	
4	323.75	-20	
4	323.75	-20	
4	323.75	-20	
4	323.75	-20	
4	325	-20	
4	326.25	-16.25	
4	328.75	-15	
4	330	-12.5	
4	330	-11.25	
4	331.25	-11.25	
5	0	0	
5	0	0	
5	0	0	
5	0	0	
5	0	0	
5	0	0	
5	0	0	
5	0	0	
5	0	0	
5	0	0	
5	0	0	
5	0	0	
5	0	0	
5	0	0	
5	0	0	
5	0	0	
5	0	0	
5	0	0	
5	0	0	
5	0	0	
5	0	0	
5	0	0	
5	0	0	
5	0	0	
5	0	0	
5	0	0	
5	0	0	
5	0	0	
5	2.5	0	
5	28.75	7.5	
5	38.75	11.25	
5	51.25	13.75	
5	62.5	15	
5	88.75	15	
5	112.5	15	
5	125	13.75	
5	150	10	
5	161.25	6.25	
5	173.75	3.75	
5	207.5	-8.75	
5	227.5	-16.25	
5	235	-18.75	
5	243.75	-22.5	
5	258.75	-26.25	
5	273.75	-26.25	
5	280	-26.25	
5	291.25	-26.25	
5	297.5	-26.25	
5	303.75	-23.75	
5	323.75	-20	
5	335	-18.75	
5	340	-18.75	
5	343.75	-18.75	
5	343.75	-18.75	
5	343.75	-18.75	
5	343.75	-18.75	
5	343.75	-18.75	
5	343.75	-18.75	
5	343.75	-18.75	
5	343.75	-18.75	
5	343.75	-18.75	
5	343.75	-18.75	
5	343.75	-18.75	
5	343.75	-18.75	
5	343.75	-18.75	
5	343.75	-18.75	
5	343.75	-18.75	
5	343.75	-18.75	
5	343.75	-18.75	
5	343.75	-18.75	
5	343.75	-18.75	
5	343.75	-18.75	
5	343.75	-18.75	
5	343.75	-18.75	
6	0	0	
6	0	0	
6	0	0	
6	0	0	
6	0	0	
6	0	0	
6	0	0	
6	0	0	
6	0	0	
6	0	0	
6	0	0	
6	0	0	
6	0	0	
6	0	0	
6	0	0	
6	0	0	
6	0	0	
6	0	0	
6	0	0	
6	6.25	7.5	
6	15	15	
6	22.5	21.25	
6	31.25	26.25	
6	40	30	
6	72.5	41.25	
6	83.75	41.25	
6	107.5	43.75	
6	120	43.75	
6	131.25	41.25	
6	167.5	37.5	
6	187.5	32.5	
6	197.5	30	
6	207.5	26.25	
6	216.25	25	
6	241.25	15	
6	248.75	11.25	
6	256.25	10	
6	271.25	3.75	
6	277.5	0	
6	300	-5	
6	307.5	-7.5	
6	321.25	-7.5	
6	326.25	-7.5	
6	331.25	-7.5	
6	342.5	-5	
6	343.75	-5	
6	345	-5	
6	347.5	-5	
6	347.5	-5	
6	348.75	-5	
6	348.75	-5	
6	348.75	-5	
6	348.75	-5	
6	348.75	-5	
6	348.75	-5	
6	348.75	-5	
6	348.75	-5	
6	348.75	-5	
6	348.75	-5	
6	348.75	-5	
6	348.75	-5	
6	348.75	-5	
6	348.75	-5	
6	348.75	-5	
6	348.75	-5	
6	348.75	-5	
6	348.75	-5	
6	348.75	-5	
6	348.75	-5	
6	348.75	-5	
6	348.75	-5	
6	348.75	-5	
6	348.75	-5	
6	348.75	-5	
7	0	0	
7	0	0	
7	0	0	
7	0	0	
7	0	0	
7	0	0	
7	0	0	
7	0	0	
7	0	0	
7	0	0	
7	0	0	
7	0	0	
7	0	0	
7	1.25	2.5	
7	10	6.25	
7	15	10	
7	30	15	
7	40	18.75	
7	50	22.5	
7	88.75	32.5	
7	101.25	33.75	
7	113.75	33.75	
7	140	37.5	
7	152.5	37.5	
7	176.25	37.5	
7	190	36.25	
7	201.25	33.75	
7	222.5	32.5	
7	231.25	30	
7	255	25	
7	261.25	22.5	
7	271.25	18.75	
7	276.25	17.5	
7	280	13.75	
7	293.75	6.25	
7	297.5	3.75	
7	302.5	0	
7	308.75	-1.25	
7	312.5	-1.25	
7	315	-3.75	
7	316.25	-3.75	
7	316.25	-3.75	
7	316.25	-3.75	
7	316.25	-3.75	
7	316.25	-3.75	
7	316.25	-3.75	
7	316.25	-3.75	
7	316.25	-3.75	
7	316.25	-3.75	
7	316.25	-3.75	
7	316.25	-3.75	
7	316.25	-3.75	
7	316.25	-3.75	
7	316.25	-3.75	
7	316.25	-3.75	
7	316.25	-3.75	
7	316.25	-3.75	
7	316.25	-3.75	
7	317.5	-3.75	
7	317.5	-3.75	
7	317.5	-3.75	
7	317.5	-3.75	
7	317.5	-3.75	
7	317.5	-3.75	
7	317.5	-3.75	
7	317.5	-3.75	
7	317.5	-3.75	
7	317.5	-3.75	
7	317.5	-3.75	
7	317.5	-3.75	
7	317.5	-3.75	
7	317.5	-3.75	
7	317.5	-3.75	
7	317.5	-3.75	
8	0	0	
8	0	0	
8	0	0	
8	0	0	
8	-6.25	0	
8	-7.5	2.5	
8	-7.5	2.5	
8	-7.5	2.5	
8	-7.5	2.5	
8	-7.5	2.5	
8	-7.5	2.5	
8	-6.25	2.5	
8	-6.25	2.5	
8	-6.25	2.5	
8	-5	0	
8	-5	0	
8	-5	0	
8	-5	0	
8	-5	0	
8	-2.5	0	
8	0	2.5	
8	5	3.75	
8	11.25	6.25	
8	18.75	7.5	
8	50	18.75	
8	62.5	22.5	
8	76.25	26.25	
8	90	32.5	
8	121.25	40	
8	163.75	47.5	
8	177.5	48.75	
8	190	52.5	
8	212.5	53.75	
8	223.75	53.75	
8	242.5	53.75	
8	257.5	52.5	
8	263.75	48.75	
8	270	47.5	
8	275	45	
8	298.75	30	
8	303.75	26.25	
8	308.75	22.5	
8	313.75	18.75	
8	320	11.25	
8	320	11.25	
8	320	11.25	
8	320	11.25	
8	320	11.25	
8	320	11.25	
8	320	11.25	
8	320	11.25	
8	320	11.25	
8	320	11.25	
8	320	11.25	
8	320	11.25	
8	320	11.25	
8	320	11.25	
8	320	11.25	
8	320	11.25	
8	320	11.25	
8	320	11.25	
8	320	11.25	
8	320	11.25	
8	346.25	-18.75	
8	346.25	-18.75	
8	346.25	-18.75	
8	346.25	-18.75	
8	346.25	-18.75	
8	346.25	-18.75	
8	346.25	-18.75	
8	346.25	-18.75	
8	346.25	-18.75	
8	346.25	-18.75	
8	346.25	-18.75	
9	0	0	
9	0	0	
9	0	0	
9	0	0	
9	0	0	
9	0	0	
9	0	0	
9	0	0	
9	0	0	
9	0	0	
9	0	0	
9	0	0	
9	0	0	
9	0	0	
9	0	2.5	
9	0	3.75	
9	2.5	7.5	
9	7.5	11.25	
9	23.75	18.75	
9	60	33.75	
9	75	40	
9	106.25	47.5	
9	122.5	48.75	
9	138.75	51.25	
9	172.5	51.25	
9	187.5	48.75	
9	201.25	48.75	
9	212.5	47.5	
9	231.25	48.75	
9	253.75	37.5	
9	258.75	33.75	
9	263.75	30	
9	268.75	26.25	
9	278.75	15	
9	291.25	2.5	
9	297.5	-3.75	
9	303.75	-7.5	
9	316.25	-15	
9	323.75	-16.25	
9	338.75	-22.5	
9	343.75	-22.5	
9	343.75	-22.5	
9	343.75	-22.5	
9	343.75	-22.5	
9	343.75	-22.5	
9	343.75	-22.5	
9	343.75	-22.5	
9	343.75	-22.5	
9	343.75	-22.5	
9	343.75	-22.5	
9	343.75	-22.5	
9	343.75	-22.5	
9	343.75	-22.5	
9	343.75	-22.5	
9	343.75	-22.5	
9	343.75	-22.5	
9	343.75	-22.5	
9	343.75	-22.5	
9	343.75	-22.5	
9	343.75	-22.5	
9	343.75	-22.5	
9	343.75	-22.5	
9	343.75	-22.5	
9	343.75	-22.5	
9	343.75	-22.5	
9	343.75	-22.5	
9	343.75	-22.5	
9	343.75	-22.5	
9	343.75	-22.5	
9	343.75	-22.5	
9	343.75	-22.5	
9	343.75	-22.5	
9	343.75	-22.5	
9	343.75	-22.5	
10	0	0	
10	0	0	
10	0	0	
10	0	0	
10	0	0	
10	0	0	
10	1.25	-1.25	
10	2.5	-3.75	
10	5	-3.75	
10	7.5	-7.5	
10	8.75	-7.5	
10	10	-7.5	
10	10	-7.5	
10	11.25	-8.75	
10	12.5	-11.25	
10	12.5	-11.25	
10	12.5	-11.25	
10	12.5	-11.25	
10	12.5	-11.25	
10	22.5	0	
10	28.75	5	
10	35	11.25	
10	45	15	
10	67.5	23.75	
10	97.5	31.25	
10	113.75	37.5	
10	150	46.25	
10	168.75	48.75	
10	186.25	50	
10	237.5	50	
10	265	45	
10	277.5	42.5	
10	287.5	38.75	
10	305	31.25	
10	318.75	23.75	
10	322.5	20	
10	330	16.25	
10	331.25	15	
10	333.75	12.5	
10	337.5	7.5	
10	341.25	3.75	
10	342.5	0	
10	343.75	0	
10	347.5	-1.25	
10	348.75	-3.75	
10	348.75	-3.75	
10	348.75	-3.75	
10	348.75	-3.75	
10	348.75	-3.75	
10	348.75	-3.75	
10	348.75	-3.75	
10	348.75	-3.75	
10	348.75	-3.75	
10	348.75	-3.75	
10	348.75	-3.75	
10	348.75	-3.75	
10	348.75	-3.75	
10	348.75	-3.75	
10	348.75	-3.75	
10	348.75	-3.75	
10	348.75	-3.75	
10	348.75	-3.75	
10	348.75	-3.75	
10	348.75	-3.75	
10	348.75	-3.75	
10	348.75	-3.75	
10	348.75	-3.75	
10	348.75	-3.75	
10	348.75	-3.75	
10	348.75	-3.75	
10	348.75	-3.75	
10	348.75	-3.75	
10	348.75	-3.75	
10	348.75	-3.75	
11	0	0	
11	0	0	
11	0	0	
11	0	0	
11	0	0	
11	0	0	
11	0	0	
11	0	0	
11	0	0	
11	0	0	
11	0	2.5	
11	1.25	3.75	
11	2.5	6.25	
11	6.25	7.5	
11	18.75	18.75	
11	26.25	22.5	
11	35	26.25	
11	43.75	30	
11	57.5	33.75	
11	115	45	
11	131.25	47.5	
11	146.25	47.5	
11	146.25	47.5	
11	181.25	45	
11	211.25	43.75	
11	225	40	
11	247.5	32.5	
11	258.75	28.75	
11	267.5	25	
11	295	15	
11	307.5	11.25	
11	313.75	11.25	
11	317.5	10	
11	325	7.5	
11	330	6.25	
11	332.5	3.75	
11	335	3.75	
11	337.5	3.75	
11	340	2.5	
11	346.25	0	
11	346.25	0	
11	346.25	0	
11	346.25	0	
11	346.25	0	
11	346.25	0	
11	346.25	0	
11	346.25	0	
11	346.25	0	
11	346.25	0	
11	346.25	0	
11	346.25	0	
11	346.25	0	
11	346.25	0	
11	346.25	0	
11	346.25	0	
11	346.25	0	
11	346.25	0	
11	346.25	0	
11	346.25	0	
11	346.25	0	
11	346.25	0	
11	346.25	0	
11	346.25	0	
11	346.25	0	
11	346.25	0	
11	346.25	0	
11	346.25	0	
11	346.25	0	
11	346.25	0	
11	346.25	0	
11	346.25	0	
11	346.25	0	
11	346.25	0	
11	346.25	0	
12	0	0	
12	0	0	
12	0	0	
12	0	0	
12	0	0	
12	0	0	
12	0	0	
12	0	0	
12	0	0	
12	0	0	
12	0	0	
12	0	0	
12	0	0	
12	0	0	
12	0	0	
12	0	0	
12	0	0	
12	0	0	
12	0	0	
12	0	0	
12	0	0	
12	1.25	0	
12	1.25	0	
12	3.75	2.5	
12	10	6.25	
12	11.25	7.5	
12	12.5	7.5	
12	15	7.5	
12	15	7.5	
12	22.5	11.25	
12	26.25	13.75	
12	36.25	15	
12	43.75	18.75	
12	51.25	21.25	
12	78.75	26.25	
12	93.75	26.25	
12	110	30	
12	143.75	33.75	
12	160	33.75	
12	208.75	30	
12	223.75	30	
12	251.25	26.25	
12	262.5	22.5	
12	272.5	21.25	
12	292.5	11.25	
12	297.5	7.5	
12	301.25	6.25	
12	308.75	3.75	
12	315	2.5	
12	318.75	0	
12	320	0	
12	327.5	0	
12	333.75	0	
12	341.25	3.75	
12	341.25	3.75	
12	341.25	3.75	
12	341.25	3.75	
12	341.25	3.75	
12	341.25	3.75	
12	341.25	3.75	
12	341.25	3.75	
12	341.25	3.75	
12	341.25	3.75	
12	341.25	3.75	
12	341.25	3.75	
12	341.25	3.75	
12	341.25	3.75	
12	341.25	3.75	
12	341.25	3.75	
12	341.25	3.75	
12	341.25	3.75	
12	341.25	3.75	
12	341.25	3.75	
12	341.25	3.75	
13	0	0	
13	0	0	
13	0	0	
13	0	0	
13	0	0	
13	0	0	
13	0	0	
13	0	0	
13	0	0	
13	0	0	
13	0	0	
13	0	0	
13	0	0	
13	0	0	
13	3.75	0	
13	6.25	0	
13	11.25	1.25	
13	18.75	1.25	
13	37.5	8.75	
13	78.75	18.75	
13	78.75	18.75	
13	78.75	18.75	
13	132.5	23.75	
13	156.25	23.75	
13	200	22.5	
13	238.75	16.25	
13	255	15	
13	270	11.25	
13	295	3.75	
13	323.75	-6.25	
13	331.25	-10	
13	337.5	-10	
13	343.75	-13.75	
13	343.75	-13.75	
13	343.75	-13.75	
13	343.75	-13.75	
13	343.75	-13.75	
13	343.75	-13.75	
13	343.75	-13.75	
13	343.75	-13.75	
13	343.75	-13.75	
13	343.75	-13.75	
13	343.75	-13.75	
13	343.75	-13.75	
13	343.75	-13.75	
13	343.75	-13.75	
13	343.75	-13.75	
13	343.75	-13.75	
13	343.75	-13.75	
13	343.75	-13.75	
13	343.75	-13.75	
13	343.75	-13.75	
13	343.75	-13.75	
13	343.75	-13.75	
13	343.75	-13.75	
13	343.75	-13.75	
13	343.75	-13.75	
13	343.75	-13.75	
13	343.75	-13.75	
13	343.75	-13.75	
13	343.75	-13.75	
13	343.75	-13.75	
13	343.75	-13.75	
13	343.75	-13.75	
13	343.75	-13.75	
13	343.75	-13.75	
13	343.75	-13.75	
13	343.75	-13.75	
13	343.75	-13.75	
13	343.75	-13.75	
13	343.75	-13.75	
13	343.75	-13.75	
13	343.75	-13.75	
13	343.75	-13.75	
14	0	0	
14	0	0	
14	0	0	
14	0	0	
14	0	0	
14	0	0	
14	0	0	
14	0	0	
14	0	0	
14	0	0	
14	0	0	
14	0	0	
14	0	0	
14	0	0	
14	-1.25	0	
14	0	2.5	
14	5	7.5	
14	10	11.25	
14	22.5	18.75	
14	42.5	30	
14	67.5	40	
14	82.5	43.75	
14	98.75	47.5	
14	131.25	52.5	
14	165	55	
14	181.25	55	
14	213.75	52.5	
14	228.75	52.5	
14	255	47.5	
14	278.75	41.25	
14	297.5	33.75	
14	307.5	30	
14	315	26.25	
14	321.25	22.5	
14	336.25	15	
14	340	13.75	
14	345	10	
14	347.5	7.5	
14	348.75	3.75	
14	348.75	3.75	
14	348.75	3.75	
14	348.75	3.75	
14	348.75	3.75	
14	348.75	3.75	
14	348.75	3.75	
14	348.75	3.75	
14	348.75	3.75	
14	348.75	3.75	
14	348.75	3.75	
14	348.75	3.75	
14	348.75	3.75	
14	348.75	3.75	
14	348.75	3.75	
14	348.75	3.75	
14	348.75	3.75	
14	348.75	3.75	
14	348.75	3.75	
14	348.75	3.75	
14	348.75	3.75	
14	348.75	3.75	
14	348.75	3.75	
14	348.75	3.75	
14	348.75	3.75	
14	348.75	3.75	
14	348.75	3.75	
14	348.75	3.75	
14	348.75	3.75	
14	348.75	3.75	
14	348.75	3.75	
14	348.75	3.75	
14	348.75	3.75	
14	348.75	3.75	
14	348.75	3.75	
14	348.75	3.75	
15	0	0	
15	0	0	
15	0	0	
15	0	0	
15	0	0	
15	0	0	
15	0	0	
15	0	0	
15	0	0	
15	0	0	
15	0	0	
15	0	0	
15	0	0	
15	0	0	
15	2.5	1.25	
15	2.5	1.25	
15	12.5	3.75	
15	18.75	5	
15	35	8.75	
15	56.25	15	
15	78.75	20	
15	92.5	22.5	
15	106.25	23.75	
15	120	26.25	
15	147.5	27.5	
15	163.75	26.25	
15	177.5	26.25	
15	203.75	22.5	
15	227.5	18.75	
15	250	12.5	
15	261.25	8.75	
15	280	3.75	
15	288.75	1.25	
15	297.5	-2.5	
15	320	-10	
15	326.25	-10	
15	331.25	-11.25	
15	342.5	-13.75	
15	342.5	-13.75	
15	342.5	-13.75	
15	342.5	-13.75	
15	342.5	-13.75	
15	342.5	-13.75	
15	342.5	-13.75	
15	342.5	-13.75	
15	342.5	-13.75	
15	342.5	-13.75	
15	342.5	-13.75	
15	342.5	-13.75	
15	342.5	-13.75	
15	342.5	-13.75	
15	342.5	-13.75	
15	342.5	-13.75	
15	342.5	-13.75	
15	342.5	-13.75	
15	342.5	-13.75	
15	342.5	-13.75	
15	342.5	-13.75	
15	342.5	-13.75	
15	342.5	-13.75	
15	342.5	-13.75	
15	342.5	-13.75	
15	342.5	-13.75	
15	342.5	-13.75	
15	342.5	-13.75	
15	342.5	-13.75	
15	342.5	-13.75	
15	342.5	-13.75	
15	342.5	-13.75	
15	342.5	-13.75	
15	342.5	-13.75	
15	342.5	-13.75	
15	342.5	-13.75	
15	342.5	-13.75	
16	0	0	
16	0	0	
16	0	0	
16	0	0	
16	0	0	
16	0	0	
16	0	0	
16	0	0	
16	0	0	
16	0	0	
16	0	0	
16	0	0	
16	0	0	
16	0	0	
16	0	0	
16	0	2.5	
16	2.5	3.75	
16	7.5	6.25	
16	11.25	7.5	
16	30	15	
16	37.5	17.5	
16	47.5	18.75	
16	66.25	25	
16	77.5	28.75	
16	105	33.75	
16	120	33.75	
16	133.75	36.25	
16	146.25	37.5	
16	165	37.5	
16	212.5	32.5	
16	226.25	30	
16	240	28.75	
16	252.5	26.25	
16	275	18.75	
16	296.25	15	
16	305	11.25	
16	321.25	7.5	
16	328.75	3.75	
16	337.5	0	
16	346.25	-1.25	
16	347.5	-1.25	
16	348.75	-1.25	
16	348.75	-1.25	
16	348.75	-1.25	
16	348.75	-1.25	
16	348.75	-1.25	
16	348.75	-1.25	
16	348.75	-1.25	
16	348.75	-1.25	
16	348.75	-1.25	
16	348.75	-1.25	
16	348.75	-1.25	
16	348.75	-1.25	
16	348.75	-1.25	
16	348.75	-1.25	
16	348.75	-1.25	
16	348.75	-1.25	
16	348.75	-1.25	
16	348.75	-1.25	
16	348.75	-1.25	
16	348.75	-1.25	
16	348.75	-1.25	
16	348.75	-1.25	
16	348.75	-1.25	
16	348.75	-1.25	
16	348.75	-1.25	
16	348.75	-1.25	
16	348.75	-1.25	
16	348.75	-1.25	
16	348.75	-1.25	
16	348.75	-1.25	
16	348.75	-1.25	
16	348.75	-1.25	
16	348.75	-1.25	
17	0	0	
17	0	0	
17	0	0	
17	0	0	
17	0	0	
17	0	0	
17	0	0	
17	0	0	
17	0	0	
17	0	0	
17	0	0	
17	0	0	
17	0	0	
17	0	0	
17	0	0	
17	0	0	
17	1.25	0	
17	6.25	0	
17	10	2.5	
17	27.5	7.5	
17	36.25	7.5	
17	43.75	11.25	
17	53.75	13.75	
17	73.75	18.75	
17	98.75	22.5	
17	113.75	25	
17	128.75	25	
17	162.5	25	
17	177.5	22.5	
17	207.5	18.75	
17	237.5	15	
17	251.25	15	
17	265	11.25	
17	278.75	10	
17	313.75	2.5	
17	322.5	0	
17	331.25	-1.25	
17	345	-5	
17	348.75	-7.5	
17	348.75	-7.5	
17	348.75	-7.5	
17	348.75	-7.5	
17	348.75	-7.5	
17	348.75	-7.5	
17	348.75	-7.5	
17	348.75	-7.5	
17	348.75	-7.5	
17	348.75	-7.5	
17	348.75	-7.5	
17	348.75	-7.5	
17	348.75	-7.5	
17	348.75	-7.5	
17	348.75	-7.5	
17	348.75	-7.5	
17	348.75	-7.5	
17	348.75	-7.5	
17	348.75	-7.5	
17	348.75	-7.5	
17	348.75	-7.5	
17	348.75	-7.5	
17	348.75	-7.5	
17	348.75	-7.5	
17	348.75	-7.5	
17	348.75	-7.5	
17	348.75	-7.5	
17	348.75	-7.5	
17	348.75	-7.5	
17	348.75	-7.5	
17	348.75	-7.5	
17	348.75	-7.5	
17	348.75	-7.5	
17	348.75	-7.5	
17	348.75	-7.5	
17	348.75	-7.5	
18	0	0	
18	0	0	
18	0	0	
18	0	0	
18	0	0	
18	0	0	
18	0	0	
18	0	0	
18	0	0	
18	0	0	
18	0	0	
18	0	0	
18	0	0	
18	0	0	
18	0	0	
18	0	0	
18	0	0	
18	0	0	
18	0	0	
18	0	0	
18	3.75	1.25	
18	6.25	1.25	
18	10	1.25	
18	22.5	3.75	
18	38.75	7.5	
18	50	8.75	
18	72.5	12.5	
18	100	16.25	
18	115	20	
18	145	21.25	
18	163.75	21.25	
18	181.25	20	
18	198.75	16.25	
18	215	16.25	
18	260	8.75	
18	272.5	7.5	
18	285	5	
18	306.25	0	
18	316.25	-2.5	
18	338.75	-6.25	
18	342.5	-7.5	
18	342.5	-7.5	
18	342.5	-7.5	
18	342.5	-7.5	
18	342.5	-7.5	
18	342.5	-7.5	
18	342.5	-7.5	
18	342.5	-7.5	
18	342.5	-7.5	
18	342.5	-7.5	
18	342.5	-7.5	
18	342.5	-7.5	
18	342.5	-7.5	
18	342.5	-7.5	
18	342.5	-7.5	
18	342.5	-7.5	
18	342.5	-7.5	
18	342.5	-7.5	
18	342.5	-7.5	
18	342.5	-7.5	
18	342.5	-7.5	
18	342.5	-7.5	
18	342.5	-7.5	
18	342.5	-7.5	
18	342.5	-7.5	
18	342.5	-7.5	
18	342.5	-7.5	
18	342.5	-7.5	
18	342.5	-7.5	
18	342.5	-7.5	
18	342.5	-7.5	
18	342.5	-7.5	
18	342.5	-7.5	
18	342.5	-7.5	
19	0	0	
19	0	0	
19	0	0	
19	0	0	
19	0	0	
19	0	0	
19	0	0	
19	0	0	
19	0	0	
19	0	0	
19	0	0	
19	0	0	
19	0	0	
19	0	0	
19	0	0	
19	0	0	
19	0	0	
19	0	0	
19	0	0	
19	0	0	
19	0	0	
19	0	0	
19	0	0	
19	1.25	0	
19	11.25	3.75	
19	16.25	5	
19	22.5	5	
19	31.25	8.75	
19	52.5	12.5	
19	75	18.75	
19	100	23.75	
19	113.75	25	
19	126.25	25	
19	138.75	27.5	
19	177.5	25	
19	190	23.75	
19	203.75	18.75	
19	228.75	12.5	
19	241.25	8.75	
19	271.25	1.25	
19	280	-2.5	
19	288.75	-3.75	
19	295	-6.25	
19	307.5	-10	
19	318.75	-13.75	
19	323.75	-13.75	
19	332.5	-17.5	
19	341.25	-17.5	
19	345	-17.5	
19	348.75	-17.5	
19	348.75	-17.5	
19	348.75	-17.5	
19	348.75	-17.5	
19	348.75	-17.5	
19	348.75	-17.5	
19	348.75	-17.5	
19	348.75	-17.5	
19	348.75	-17.5	
19	348.75	-17.5	
19	348.75	-17.5	
19	348.75	-17.5	
19	348.75	-17.5	
19	348.75	-17.5	
19	348.75	-17.5	
19	348.75	-17.5	
19	348.75	-17.5	
19	348.75	-17.5	
19	348.75	-17.5	
19	348.75	-17.5	
19	348.75	-17.5	
19	348.75	-17.5	
19	348.75	-17.5	
19	348.75	-17.5	
19	348.75	-17.5	
20	0	0	
20	0	0	
20	0	0	
20	0	0	
20	0	0	
20	0	0	
20	0	0	
20	0	0	
20	0	0	
20	0	0	
20	0	0	
20	0	0	
20	0	0	
20	0	0	
20	0	0	
20	0	0	
20	0	0	
20	0	0	
20	0	0	
20	0	0	
20	1.25	0	
20	2.5	2.5	
20	8.75	3.75	
20	12.5	3.75	
20	25	7.5	
20	32.5	11.25	
20	52.5	15	
20	62.5	18.75	
20	85	23.75	
20	111.25	27.5	
20	123.75	27.5	
20	151.25	30	
20	165	30	
20	177.5	27.5	
20	215	23.75	
20	227.5	22.5	
20	250	15	
20	260	13.75	
20	278.75	7.5	
20	295	3.75	
20	301.25	3.75	
20	312.5	0	
20	317.5	-1.25	
20	321.25	-3.75	
20	330	-3.75	
20	331.25	-5	
20	333.75	-5	
20	335	-5	
20	335	-5	
20	335	-5	
20	335	-5	
20	335	-5	
20	335	-5	
20	335	-5	
20	336.25	-5	
20	336.25	-5	
20	336.25	-5	
20	336.25	-5	
20	336.25	-5	
20	336.25	-5	
20	336.25	-5	
20	336.25	-5	
20	336.25	-5	
20	336.25	-5	
20	336.25	-5	
20	336.25	-5	
20	336.25	-5	
20	336.25	-5	
20	336.25	-5	
20	336.25	-5	
20	336.25	-5	
20	336.25	-5	
20	336.25	-5	
20	336.25	-5	
21	0	0	
21	0	0	
21	0	0	
21	0	0	
21	0	0	
21	0	0	
21	0	0	
21	0	0	
21	0	0	
21	0	0	
21	0	0	
21	0	0	
21	0	0	
21	0	0	
21	0	0	
21	0	0	
21	0	0	
21	0	0	
21	0	0	
21	1.25	1.25	
21	3.75	1.25	
21	6.25	1.25	
21	8.75	1.25	
21	17.5	5	
21	28.75	8.75	
21	45	12.5	
21	63.75	18.75	
21	73.75	20	
21	85	23.75	
21	122.5	31.25	
21	137.5	32.5	
21	150	35	
21	163.75	35	
21	190	36.25	
21	216.25	35	
21	240	32.5	
21	251.25	28.75	
21	272.5	23.75	
21	281.25	22.5	
21	303.75	15	
21	310	12.5	
21	315	8.75	
21	320	7.5	
21	328.75	1.25	
21	335	-2.5	
21	341.25	-6.25	
21	343.75	-6.25	
21	348.75	-10	
21	348.75	-10	
21	348.75	-10	
21	348.75	-10	
21	348.75	-10	
21	348.75	-10	
21	348.75	-10	
21	348.75	-10	
21	348.75	-10	
21	348.75	-10	
21	348.75	-10	
21	348.75	-10	
21	348.75	-10	
21	348.75	-10	
21	348.75	-10	
21	348.75	-10	
21	348.75	-10	
21	348.75	-10	
21	348.75	-10	
21	348.75	-10	
21	348.75	-10	
21	348.75	-10	
21	348.75	-10	
21	348.75	-10	
21	348.75	-10	
21	348.75	-10	
21	348.75	-10	
22	0	0	
22	0	0	
22	0	0	
22	0	0	
22	0	0	
22	0	0	
22	0	0	
22	0	0	
22	0	0	
22	0	0	
22	0	0	
22	0	0	
22	0	0	
22	0	0	
22	1.25	0	
22	2.5	0	
22	7.5	3.75	
22	10	3.75	
22	20	7.5	
22	35	15	
22	43.75	20	
22	55	23.75	
22	66.25	27.5	
22	77.5	31.25	
22	116.25	42.5	
22	130	42.5	
22	157.5	46.25	
22	183.75	46.25	
22	197.5	46.25	
22	221.25	42.5	
22	242.5	38.75	
22	252.5	38.75	
22	261.25	35	
22	270	31.25	
22	290	23.75	
22	293.75	20	
22	301.25	15	
22	305	11.25	
22	310	7.5	
22	313.75	3.75	
22	316.25	2.5	
22	318.75	0	
22	322.5	0	
22	325	-1.25	
22	335	-3.75	
22	340	-5	
22	346.25	-5	
22	346.25	-5	
22	346.25	-5	
22	346.25	-5	
22	346.25	-5	
22	346.25	-5	
22	346.25	-5	
22	346.25	-5	
22	346.25	-5	
22	346.25	-5	
22	346.25	-5	
22	346.25	-5	
22	346.25	-5	
22	346.25	-5	
22	346.25	-5	
22	346.25	-5	
22	346.25	-5	
22	346.25	-5	
22	346.25	-5	
22	346.25	-5	
22	346.25	-5	
22	346.25	-5	
22	346.25	-5	
22	346.25	-5	
22	346.25	-5	
22	346.25	-5	
22	346.25	-5	
22	346.25	-5	
23	0	0	
23	0	0	
23	0	0	
23	0	0	
23	0	0	
23	0	0	
23	0	0	
23	0	0	
23	0	0	
23	0	0	
23	0	0	
23	0	0	
23	0	0	
23	0	0	
23	0	0	
23	0	0	
23	0	0	
23	0	0	
23	0	0	
23	0	0	
23	0	0	
23	0	0	
23	0	0	
23	0	0	
23	0	0	
23	2.5	2.5	
23	5	3.75	
23	12.5	7.5	
23	17.5	10	
23	38.75	17.5	
23	48.75	22.5	
23	57.5	26.25	
23	68.75	27.5	
23	93.75	35	
23	120	38.75	
23	150	42.5	
23	163.75	42.5	
23	192.5	42.5	
23	206.25	41.25	
23	243.75	33.75	
23	255	31.25	
23	265	27.5	
23	276.25	23.75	
23	292.5	15	
23	307.5	10	
23	313.75	7.5	
23	322.5	3.75	
23	328.75	0	
23	331.25	-1.25	
23	335	-3.75	
23	338.75	-7.5	
23	341.25	-7.5	
23	343.75	-7.5	
23	346.25	-8.75	
23	348.75	-11.25	
23	348.75	-11.25	
23	348.75	-11.25	
23	348.75	-11.25	
23	348.75	-11.25	
23	348.75	-11.25	
23	348.75	-11.25	
23	348.75	-11.25	
23	348.75	-11.25	
23	348.75	-11.25	
23	348.75	-11.25	
23	348.75	-11.25	
23	348.75	-11.25	
23	348.75	-11.25	
23	348.75	-11.25	
23	348.75	-11.25	
23	348.75	-11.25	
23	348.75	-11.25	
23	348.75	-11.25	
23	348.75	-11.25	
24	0	0	
24	0	0	
24	0	0	
24	0	0	
24	0	0	
24	0	0	
24	0	0	
24	0	0	
24	0	0	
24	0	0	
24	0	0	
24	0	0	
24	0	0	
24	0	0	
24	0	0	
24	0	0	
24	0	0	
24	0	0	
24	0	0	
24	0	0	
24	0	0	
24	0	0	
24	0	0	
24	0	0	
24	1.25	0	
24	3.75	0	
24	6.25	0	
24	13.75	3.75	
24	18.75	3.75	
24	42.5	10	
24	52.5	13.75	
24	63.75	15	
24	76.25	18.75	
24	102.5	22.5	
24	131.25	30	
24	161.25	31.25	
24	176.25	33.75	
24	206.25	35	
24	221.25	35	
24	258.75	31.25	
24	268.75	26.25	
24	268.75	26.25	
24	290	21.25	
24	298.75	17.5	
24	313.75	11.25	
24	325	3.75	
24	333.75	0	
24	336.25	-3.75	
24	338.75	-3.75	
24	342.5	-7.5	
24	343.75	-7.5	
24	343.75	-7.5	
24	345	-8.75	
24	345	-8.75	
24	345	-8.75	
24	345	-8.75	
24	345	-8.75	
24	345	-8.75	
24	345	-8.75	
24	345	-8.75	
24	345	-8.75	
24	345	-8.75	
24	345	-8.75	
24	345	-8.75	
24	345	-8.75	
24	345	-8.75	
24	345	-8.75	
24	345	-8.75	
24	345	-8.75	
24	345	-8.75	
24	345	-8.75	
24	345	-8.75	
24	345	-8.75	
24	345	-8.75	
25	0	0	
25	0	0	
25	0	0	
25	0	0	
25	0	0	
25	0	0	
25	0	0	
25	0	0	
25	0	0	
25	0	0	
25	0	0	
25	0	0	
25	0	0	
25	0	0	
25	0	0	
25	0	0	
25	0	0	
25	1.25	0	
25	2.5	0	
25	7.5	2.5	
25	16.25	3.75	
25	22.5	7.5	
25	30	10	
25	41.25	11.25	
25	76.25	22.5	
25	102.5	31.25	
25	117.5	33.75	
25	130	35	
25	145	37.5	
25	185	37.5	
25	197.5	35	
25	208.75	35	
25	231.25	31.25	
25	241.25	30	
25	267.5	21.25	
25	282.5	15	
25	288.75	15	
25	293.75	11.25	
25	298.75	11.25	
25	308.75	7.5	
25	310	6.25	
25	311.25	6.25	
25	313.75	3.75	
25	313.75	3.75	
25	315	3.75	
25	316.25	3.75	
25	318.75	3.75	
25	321.25	3.75	
25	323.75	3.75	
25	331.25	6.25	
25	333.75	6.25	
25	337.5	7.5	
25	341.25	7.5	
25	342.5	7.5	
25	345	7.5	
25	345	7.5	
25	346.25	10	
25	346.25	10	
25	346.25	10	
25	346.25	10	
25	346.25	10	
25	346.25	10	
25	346.25	10	
25	346.25	10	
25	346.25	10	
25	346.25	10	
25	346.25	10	
25	346.25	10	
25	346.25	10	
25	346.25	10	
25	346.25	10	
25	346.25	10	
25	346.25	10	
25	346.25	10	
26	0	0	
26	0	0	
26	0	0	
26	0	0	
26	0	0	
26	0	0	
26	0	0	
26	0	0	
26	0	0	
26	0	0	
26	0	0	
26	0	0	
26	0	0	
26	0	0	
26	0	0	
26	0	0	
26	0	0	
26	0	0	
26	0	0	
26	0	0	
26	0	0	
26	0	0	
26	2.5	0	
26	5	0	
26	16.25	0	
26	22.5	2.5	
26	37.5	3.75	
26	46.25	7.5	
26	56.25	7.5	
26	88.75	13.75	
26	100	15	
26	112.5	15	
26	136.25	17.5	
26	148.75	17.5	
26	185	15	
26	196.25	15	
26	208.75	11.25	
26	220	11.25	
26	241.25	7.5	
26	258.75	2.5	
26	267.5	0	
26	282.5	-3.75	
26	288.75	-5	
26	295	-8.75	
26	311.25	-12.5	
26	320	-13.75	
26	325	-16.25	
26	327.5	-16.25	
26	331.25	-16.25	
26	337.5	-16.25	
26	338.75	-16.25	
26	341.25	-16.25	
26	342.5	-16.25	
26	342.5	-16.25	
26	342.5	-16.25	
26	342.5	-16.25	
26	342.5	-16.25	
26	342.5	-16.25	
26	342.5	-16.25	
26	342.5	-16.25	
26	342.5	-16.25	
26	342.5	-16.25	
26	342.5	-16.25	
26	342.5	-16.25	
26	342.5	-16.25	
26	342.5	-16.25	
26	342.5	-16.25	
26	342.5	-16.25	
26	342.5	-16.25	
26	342.5	-16.25	
26	342.5	-16.25	
26	342.5	-16.25	
26	342.5	-16.25	
26	342.5	-16.25	
27	0	0	
27	0	0	
27	0	0	
27	0	0	
27	0	0	
27	0	0	
27	0	0	
27	0	0	
27	0	0	
27	0	0	
27	0	0	
27	0	0	
27	0	0	
27	0	0	
27	0	0	
27	2.5	1.25	
27	5	1.25	
27	12.5	1.25	
27	17.5	3.75	
27	31.25	7.5	
27	50	12.5	
27	60	15	
27	70	16.25	
27	81.25	20	
27	115	23.75	
27	140	23.75	
27	151.25	23.75	
27	163.75	23.75	
27	186.25	23.75	
27	208.75	20	
27	231.25	16.25	
27	241.25	16.25	
27	250	12.5	
27	260	11.25	
27	286.25	5	
27	303.75	1.25	
27	311.25	-2.5	
27	320	-3.75	
27	333.75	-7.5	
27	345	-10	
27	345	-10	
27	345	-10	
27	345	-10	
27	345	-10	
27	345	-10	
27	345	-10	
27	345	-10	
27	345	-10	
27	345	-10	
27	345	-10	
27	345	-10	
27	345	-10	
27	345	-10	
27	345	-10	
27	345	-10	
27	345	-10	
27	345	-10	
27	345	-10	
27	345	-10	
27	345	-10	
27	345	-10	
27	345	-10	
27	345	-10	
27	345	-10	
27	345	-10	
27	345	-10	
27	345	-10	
27	345	-10	
27	345	-10	
27	345	-10	
27	345	-10	
27	345	-10	
27	345	-10	
27	345	-10	
28	0	0	
28	0	0	
28	0	0	
28	0	0	
28	0	0	
28	0	0	
28	0	0	
28	0	0	
28	0	0	
28	0	0	
28	0	0	
28	0	0	
28	0	0	
28	0	0	
28	0	0	
28	0	0	
28	1.25	0	
28	3.75	1.25	
28	7.5	1.25	
28	23.75	8.75	
28	31.25	12.5	
28	40	13.75	
28	52.5	17.5	
28	65	21.25	
28	102.5	28.75	
28	115	31.25	
28	140	32.5	
28	153.75	32.5	
28	165	31.25	
28	192.5	28.75	
28	205	27.5	
28	228.75	23.75	
28	240	21.25	
28	251.25	20	
28	283.75	13.75	
28	302.5	8.75	
28	311.25	8.75	
28	318.75	7.5	
28	331.25	5	
28	341.25	3.75	
28	345	1.25	
28	345	1.25	
28	345	1.25	
28	345	1.25	
28	345	1.25	
28	345	1.25	
28	345	1.25	
28	345	1.25	
28	345	1.25	
28	345	1.25	
28	345	1.25	
28	345	1.25	
28	345	1.25	
28	345	1.25	
28	345	1.25	
28	345	1.25	
28	345	1.25	
28	345	1.25	
28	345	1.25	
28	345	1.25	
28	345	1.25	
28	345	1.25	
28	345	1.25	
28	345	1.25	
28	345	1.25	
28	345	1.25	
28	345	1.25	
28	345	1.25	
28	345	1.25	
28	345	1.25	
28	345	1.25	
28	345	1.25	
28	345	1.25	
28	345	1.25	
29	0	0	
29	0	0	
29	0	0	
29	0	0	
29	0	0	
29	0	0	
29	0	0	
29	0	0	
29	0	0	
29	0	0	
29	0	0	
29	1.25	0	
29	1.25	2.5	
29	1.25	2.5	
29	3.75	7.5	
29	7.5	12.5	
29	11.25	15	
29	15	16.25	
29	25	23.75	
29	40	30	
29	48.75	31.25	
29	67.5	37.5	
29	78.75	38.75	
29	88.75	41.25	
29	125	41.25	
29	151.25	38.75	
29	163.75	38.75	
29	176.25	37.5	
29	202.5	35	
29	215	33.75	
29	228.75	31.25	
29	253.75	27.5	
29	263.75	23.75	
29	273.75	22.5	
29	297.5	16.25	
29	310	12.5	
29	315	7.5	
29	318.75	7.5	
29	322.5	6.25	
29	327.5	3.75	
29	328.75	3.75	
29	331.25	2.5	
29	331.25	0	
29	332.5	0	
29	333.75	0	
29	333.75	0	
29	333.75	0	
29	333.75	0	
29	333.75	0	
29	333.75	0	
29	333.75	0	
29	333.75	0	
29	333.75	0	
29	333.75	0	
29	333.75	0	
29	333.75	0	
29	333.75	0	
29	333.75	0	
29	333.75	0	
29	333.75	0	
29	333.75	0	
29	333.75	0	
29	333.75	0	
29	333.75	0	
29	333.75	0	
29	333.75	0	
29	333.75	0	
29	333.75	0	
29	333.75	0	
29	333.75	0	
29	333.75	0	
29	333.75	0	
29	333.75	0	
29	333.75	0	
30	0	0	
30	0	0	
30	0	0	
30	0	0	
30	0	0	
30	0	0	
30	0	0	
30	0	0	
30	0	0	
30	0	0	
30	0	0	
30	0	0	
30	0	0	
30	0	0	
30	0	0	
30	0	0	
30	0	0	
30	0	0	
30	0	0	
30	0	0	
30	0	0	
30	0	0	
30	0	0	
30	0	0	
30	0	0	
30	1.25	1.25	
30	2.5	3.75	
30	6.25	5	
30	11.25	8.75	
30	23.75	12.5	
30	33.75	16.25	
30	58.75	23.75	
30	72.5	26.25	
30	86.25	30	
30	132.5	37.5	
30	163.75	38.75	
30	163.75	38.75	
30	182.5	38.75	
30	213.75	37.5	
30	241.25	31.25	
30	253.75	27.5	
30	275	22.5	
30	283.75	18.75	
30	292.5	15	
30	311.25	5	
30	321.25	0	
30	323.75	-2.5	
30	327.5	-6.25	
30	330	-6.25	
30	333.75	-10	
30	335	-10	
30	337.5	-11.25	
30	338.75	-13.75	
30	340	-13.75	
30	342.5	-13.75	
30	342.5	-13.75	
30	342.5	-13.75	
30	342.5	-13.75	
30	342.5	-13.75	
30	342.5	-13.75	
30	342.5	-13.75	
30	342.5	-13.75	
30	342.5	-13.75	
30	342.5	-13.75	
30	342.5	-13.75	
30	342.5	-13.75	
30	342.5	-13.75	
30	342.5	-13.75	
30	342.5	-13.75	
30	342.5	-13.75	
30	342.5	-13.75	
30	342.5	-13.75	
30	342.5	-13.75	
30	342.5	-13.75	
31	0	0	
31	0	0	
31	0	0	
31	0	0	
31	0	0	
31	0	0	
31	0	0	
31	0	0	
31	0	0	
31	0	0	
31	0	0	
31	0	0	
31	0	0	
31	1.25	0	
31	8.75	3.75	
31	13.75	6.25	
31	26.25	10	
31	35	11.25	
31	45	15	
31	70	21.25	
31	98.75	26.25	
31	115	28.75	
31	130	30	
31	143.75	30	
31	188.75	26.25	
31	203.75	26.25	
31	216.25	22.5	
31	228.75	21.25	
31	250	17.5	
31	267.5	11.25	
31	283.75	7.5	
31	290	7.5	
31	296.25	3.75	
31	301.25	3.75	
31	315	0	
31	317.5	-1.25	
31	321.25	-3.75	
31	323.75	-3.75	
31	328.75	-3.75	
31	332.5	-5	
31	335	-3.75	
31	337.5	-3.75	
31	337.5	-5	
31	337.5	-5	
31	338.75	-3.75	
31	338.75	-3.75	
31	338.75	-3.75	
31	338.75	-3.75	
31	338.75	-3.75	
31	338.75	-3.75	
31	338.75	-3.75	
31	338.75	-3.75	
31	338.75	-3.75	
31	338.75	-3.75	
31	338.75	-3.75	
31	338.75	-3.75	
31	338.75	-3.75	
31	338.75	-3.75	
31	338.75	-3.75	
31	338.75	-3.75	
31	338.75	-3.75	
31	338.75	-3.75	
31	338.75	-3.75	
31	338.75	-3.75	
31	338.75	-3.75	
31	338.75	-3.75	
31	338.75	-3.75	
31	338.75	-3.75	
31	338.75	-3.75	
31	338.75	-3.75	
31	338.75	-3.75	
31	338.75	-3.75	
31	338.75	-3.75	
31	338.75	-3.75	
32	0	0	
32	0	0	
32	0	0	
32	0	0	
32	0	0	
32	0	0	
32	0	0	
32	0	0	
32	0	0	
32	0	0	
32	0	0	
32	0	0	
32	0	0	
32	0	0	
32	0	0	
32	0	0	
32	0	0	
32	1.25	1.25	
32	3.75	1.25	
32	17.5	5	
32	25	5	
32	33.75	8.75	
32	42.5	11.25	
32	63.75	16.25	
32	100	26.25	
32	112.5	27.5	
32	126.25	27.5	
32	153.75	31.25	
32	167.5	31.25	
32	195	31.25	
32	207.5	31.25	
32	231.25	27.5	
32	242.5	27.5	
32	252.5	23.75	
32	277.5	20	
32	291.25	16.25	
32	297.5	16.25	
32	303.75	15	
32	312.5	11.25	
32	321.25	8.75	
32	323.75	7.5	
32	330	5	
32	332.5	5	
32	335	3.75	
32	341.25	0	
32	345	-2.5	
32	346.25	-2.5	
32	347.5	-2.5	
32	348.75	-2.5	
32	348.75	-2.5	
32	348.75	-2.5	
32	348.75	-2.5	
32	348.75	-2.5	
32	348.75	-2.5	
32	348.75	-2.5	
32	348.75	-2.5	
32	348.75	-2.5	
32	348.75	-2.5	
32	348.75	-2.5	
32	348.75	-2.5	
32	348.75	-2.5	
32	348.75	-2.5	
32	348.75	-2.5	
32	348.75	-2.5	
32	348.75	-2.5	
32	348.75	-2.5	
32	348.75	-2.5	
32	348.75	-2.5	
32	348.75	-2.5	
32	348.75	-2.5	
32	348.75	-2.5	
32	348.75	-2.5	
32	348.75	-2.5	
32	348.75	-2.5	
33	0	0	
33	0	0	
33	0	0	
33	0	0	
33	0	0	
33	0	0	
33	0	0	
33	0	0	
33	0	0	
33	0	0	
33	0	0	
33	0	0	
33	0	0	
33	1.25	0	
33	7.5	0	
33	11.25	2.5	
33	16.25	3.75	
33	28.75	7.5	
33	37.5	7.5	
33	67.5	15	
33	80	18.75	
33	92.5	21.25	
33	106.25	22.5	
33	133.75	22.5	
33	176.25	22.5	
33	190	21.25	
33	202.5	18.75	
33	230	13.75	
33	243.75	11.25	
33	277.5	0	
33	286.25	-1.25	
33	295	-3.75	
33	301.25	-5	
33	311.25	-8.75	
33	320	-11.25	
33	321.25	-11.25	
33	322.5	-11.25	
33	323.75	-12.5	
33	325	-12.5	
33	325	-12.5	
33	325	-12.5	
33	325	-12.5	
33	325	-12.5	
33	325	-12.5	
33	325	-12.5	
33	325	-12.5	
33	325	-12.5	
33	325	-12.5	
33	325	-12.5	
33	325	-12.5	
33	325	-12.5	
33	325	-12.5	
33	325	-12.5	
33	325	-12.5	
33	325	-12.5	
33	325	-12.5	
33	325	-12.5	
33	325	-12.5	
33	325	-12.5	
33	325	-12.5	
33	325	-12.5	
33	325	-12.5	
33	325	-12.5	
33	325	-12.5	
33	325	-12.5	
33	325	-12.5	
33	325	-12.5	
33	325	-12.5	
33	325	-12.5	
33	325	-12.5	
33	325	-12.5	
33	325	-12.5	
33	325	-12.5	
33	325	-12.5	
34	0	0	
34	0	0	
34	0	0	
34	0	0	
34	0	0	
34	0	0	
34	0	0	
34	0	0	
34	0	0	
34	0	0	
34	0	0	
34	0	0	
34	0	0	
34	0	0	
34	6.25	3.75	
34	13.75	7.5	
34	20	10	
34	26.25	11.25	
34	43.75	18.75	
34	66.25	26.25	
34	78.75	30	
34	105	38.75	
34	120	42.5	
34	133.75	46.25	
34	176.25	53.75	
34	203.75	57.5	
34	216.25	57.5	
34	228.75	57.5	
34	251.25	57.5	
34	271.25	53.75	
34	280	53.75	
34	295	52.5	
34	301.25	50	
34	307.5	50	
34	317.5	50	
34	320	48.75	
34	322.5	48.75	
34	323.75	48.75	
34	323.75	48.75	
34	325	48.75	
34	325	48.75	
34	325	48.75	
34	325	48.75	
34	325	48.75	
34	325	48.75	
34	325	48.75	
34	323.75	50	
34	322.5	50	
34	321.25	50	
34	313.75	53.75	
34	311.25	53.75	
34	307.5	53.75	
34	301.25	56.25	
34	301.25	56.25	
34	301.25	56.25	
34	301.25	56.25	
34	301.25	56.25	
34	301.25	56.25	
34	301.25	56.25	
34	301.25	56.25	
34	301.25	56.25	
34	301.25	56.25	
34	301.25	56.25	
34	301.25	56.25	
34	301.25	56.25	
34	301.25	56.25	
34	301.25	56.25	
34	301.25	56.25	
34	301.25	56.25	
34	301.25	56.25	
34	301.25	56.25	
34	301.25	56.25	
34	301.25	56.25	
34	301.25	56.25	
35	0	0	
35	0	0	
35	0	0	
35	0	0	
35	0	0	
35	0	0	
35	0	0	
35	0	0	
35	0	0	
35	0	0	
35	0	0	
35	0	0	
35	0	0	
35	0	0	
35	0	0	
35	0	0	
35	0	0	
35	0	0	
35	0	2.5	
35	6.25	6.25	
35	18.75	15	
35	26.25	21.25	
35	35	26.25	
35	57.5	41.25	
35	96.25	65	
35	111.25	72.5	
35	127.5	80	
35	157.5	91.25	
35	173.75	95	
35	201.25	101.25	
35	225	105	
35	236.25	106.25	
35	245	106.25	
35	260	105	
35	275	102.5	
35	278.75	101.25	
35	281.25	98.75	
35	285	98.75	
35	286.25	98.75	
35	287.5	98.75	
35	290	98.75	
35	290	98.75	
35	290	98.75	
35	290	98.75	
35	290	98.75	
35	290	98.75	
35	290	98.75	
35	290	98.75	
35	290	98.75	
35	290	98.75	
35	290	98.75	
35	290	98.75	
35	290	98.75	
35	290	98.75	
35	290	98.75	
35	290	98.75	
35	290	98.75	
35	290	98.75	
35	290	98.75	
35	290	98.75	
35	290	98.75	
35	290	98.75	
35	290	98.75	
35	290	98.75	
35	290	98.75	
35	290	98.75	
35	290	98.75	
35	290	98.75	
35	290	98.75	
35	290	98.75	
35	290	98.75	
35	290	98.75	
35	290	98.75	
35	290	98.75	
36	0	0	
36	0	0	
36	0	0	
36	0	0	
36	0	0	
36	0	0	
36	0	0	
36	0	0	
36	0	0	
36	0	0	
36	0	0	
36	0	0	
36	0	0	
36	0	0	
36	0	0	
36	0	0	
36	0	0	
36	0	0	
36	0	0	
36	0	0	
36	0	0	
36	0	0	
36	0	0	
36	0	0	
36	0	0	
36	0	0	
36	0	0	
36	0	0	
36	0	0	
36	0	0	
36	0	0	
36	2.5	1.25	
36	3.75	1.25	
36	7.5	1.25	
36	11.25	5	
36	17.5	5	
36	20	7.5	
36	23.75	8.75	
36	27.5	11.25	
36	40	16.25	
36	43.75	16.25	
36	55	23.75	
36	60	25	
36	71.25	28.75	
36	83.75	32.5	
36	96.25	36.25	
36	103.75	40	
36	111.25	40	
36	118.75	42.5	
36	141.25	46.25	
36	150	46.25	
36	157.5	46.25	
36	173.75	46.25	
36	188.75	43.75	
36	203.75	42.5	
36	218.75	40	
36	226.25	38.75	
36	233.75	36.25	
36	240	36.25	
36	257.5	32.5	
36	262.5	31.25	
36	267.5	31.25	
36	276.25	28.75	
36	282.5	28.75	
36	287.5	28.75	
36	288.75	28.75	
36	291.25	28.75	
36	291.25	28.75	
36	291.25	28.75	
36	292.5	28.75	
36	292.5	28.75	
36	292.5	28.75	
36	292.5	28.75	
36	292.5	28.75	
37	0	0	
37	0	0	
37	0	0	
37	0	0	
37	0	0	
37	0	0	
37	0	0	
37	0	0	
37	0	0	
37	0	0	
37	0	0	
37	0	0	
37	0	0	
37	0	0	
37	0	0	
37	0	0	
37	0	0	
37	0	0	
37	0	0	
37	0	0	
37	0	0	
37	0	0	
37	0	0	
37	0	0	
37	0	0	
37	0	0	
37	0	0	
37	0	0	
37	0	0	
37	0	0	
37	0	0	
37	0	0	
37	0	0	
37	0	0	
37	0	0	
37	0	0	
37	0	0	
37	0	0	
37	0	0	
37	0	0	
37	0	0	
37	0	0	
37	0	0	
37	0	0	
37	0	0	
37	0	0	
37	0	0	
37	0	0	
37	0	0	
37	0	0	
37	0	0	
37	0	0	
37	0	0	
37	0	0	
37	0	0	
37	0	0	
37	0	0	
37	0	0	
37	0	0	
37	0	0	
37	0	0	
37	0	0	
37	0	0	
37	0	0	
37	0	0	
37	0	0	
37	0	0	
37	0	0	
37	0	0	
37	0	0	
37	0	0	
37	0	0	
37	1.25	0	
37	7.5	3.75	
38	0	0	
38	0	0	
38	0	0	
38	0	0	
38	0	0	
38	0	0	
38	0	0	
38	0	0	
38	0	0	
38	0	0	
38	0	0	
38	0	0	
38	0	0	
38	0	0	
38	0	0	
38	0	0	
38	0	0	
38	0	0	
38	0	0	
38	0	0	
38	0	0	
38	0	0	
38	0	0	
38	0	0	
38	0	0	
38	0	0	
38	0	0	
38	0	0	
38	0	0	
38	0	0	
38	0	0	
38	0	0	
38	0	0	
38	0	0	
38	0	0	
38	0	0	
38	0	0	
38	0	0	
38	0	0	
38	0	0	
38	0	0	
38	0	0	
38	0	0	
38	0	0	
38	0	0	
38	0	0	
38	0	0	
38	1.25	2.5	
38	2.5	2.5	
38	8.75	6.25	
38	12.5	7.5	
38	22.5	11.25	
38	28.75	13.75	
38	43.75	18.75	
38	62.5	26.25	
38	83.75	33.75	
38	95	37.5	
38	106.25	42.5	
38	118.75	46.25	
38	158.75	53.75	
38	172.5	56.25	
38	200	57.5	
38	213.75	57.5	
38	241.25	57.5	
38	267.5	57.5	
38	291.25	57.5	
38	302.5	56.25	
38	311.25	53.75	
38	318.75	53.75	
38	332.5	53.75	
38	333.75	53.75	
38	336.25	53.75	
38	338.75	52.5	
38	340	52.5	
39	0	0	
39	0	0	
39	0	0	
39	0	0	
39	0	0	
39	0	0	
39	0	0	
39	0	0	
39	0	0	
39	0	0	
39	0	0	
39	0	0	
39	0	0	
39	0	0	
39	0	0	
39	0	0	
39	0	0	
39	0	0	
39	0	0	
39	0	0	
39	0	0	
39	0	0	
39	0	0	
39	0	0	
39	0	0	
39	0	0	
39	0	0	
39	0	0	
39	2.5	0	
39	16.25	5	
39	23.75	8.75	
39	32.5	12.5	
39	55	20	
39	82.5	30	
39	113.75	40	
39	130	43.75	
39	162.5	51.25	
39	178.75	55	
39	193.75	57.5	
39	237.5	58.75	
39	250	58.75	
39	261.25	58.75	
39	281.25	58.75	
39	288.75	57.5	
39	306.25	55	
39	310	55	
39	315	53.75	
39	316.25	53.75	
39	317.5	53.75	
39	320	53.75	
39	320	53.75	
39	320	53.75	
39	320	53.75	
39	320	53.75	
39	320	53.75	
39	320	53.75	
39	320	53.75	
39	320	53.75	
39	320	53.75	
39	320	53.75	
39	320	53.75	
39	320	53.75	
39	320	53.75	
39	320	53.75	
39	320	53.75	
39	320	53.75	
39	320	53.75	
39	320	53.75	
39	320	53.75	
39	320	53.75	
39	320	53.75	
39	320	53.75	
39	320	53.75	
39	320	53.75	
40	0	0	
40	0	0	
40	0	0	
40	0	0	
40	0	0	
40	0	0	
40	0	0	
40	0	0	
40	0	0	
40	0	0	
40	0	0	
40	0	0	
40	0	0	
40	0	0	
40	0	0	
40	0	0	
40	0	0	
40	0	0	
40	0	0	
40	0	0	
40	0	0	
40	0	0	
40	0	0	
40	0	0	
40	0	0	
40	0	0	
40	0	0	
40	0	0	
40	0	0	
40	0	0	
40	0	0	
40	0	0	
40	0	0	
40	0	0	
40	3.75	0	
40	5	1.25	
40	8.75	1.25	
40	11.25	3.75	
40	21.25	5	
40	33.75	12.5	
40	51.25	17.5	
40	61.25	21.25	
40	87.5	28.75	
40	100	32.5	
40	146.25	40	
40	162.5	42.5	
40	178.75	43.75	
40	195	43.75	
40	227.5	43.75	
40	257.5	42.5	
40	268.75	42.5	
40	285	40	
40	292.5	40	
40	296.25	40	
40	301.25	38.75	
40	301.25	38.75	
40	301.25	38.75	
40	301.25	38.75	
40	301.25	38.75	
40	301.25	38.75	
40	301.25	38.75	
40	301.25	38.75	
40	301.25	38.75	
40	301.25	38.75	
40	301.25	38.75	
40	301.25	38.75	
40	301.25	38.75	
40	301.25	38.75	
40	300	38.75	
40	297.5	38.75	
40	296.25	36.25	
40	292.5	36.25	
40	288.75	35	
40	286.25	32.5	
41	0	0	
41	0	0	
41	0	0	
41	0	0	
41	0	0	
41	0	0	
41	0	0	
41	0	0	
41	0	0	
41	0	0	
41	0	0	
41	0	0	
41	0	0	
41	0	0	
41	0	0	
41	0	0	
41	0	0	
41	0	0	
41	0	0	
41	0	0	
41	0	0	
41	0	0	
41	0	0	
41	0	0	
41	0	0	
41	0	0	
41	0	0	
41	0	0	
41	0	0	
41	0	0	
41	0	1.25	
41	2.5	1.25	
41	7.5	1.25	
41	16.25	5	
41	31.25	8.75	
41	38.75	11.25	
41	58.75	16.25	
41	68.75	18.75	
41	78.75	20	
41	113.75	27.5	
41	125	28.75	
41	136.25	28.75	
41	157.5	28.75	
41	178.75	28.75	
41	198.75	27.5	
41	208.75	25	
41	225	23.75	
41	233.75	20	
41	241.25	20	
41	263.75	16.25	
41	270	15	
41	277.5	12.5	
41	290	12.5	
41	295	11.25	
41	308.75	8.75	
41	313.75	8.75	
41	320	8.75	
41	323.75	8.75	
41	325	8.75	
41	330	7.5	
41	331.25	7.5	
41	332.5	7.5	
41	333.75	7.5	
41	333.75	7.5	
41	333.75	7.5	
41	333.75	7.5	
41	333.75	7.5	
41	333.75	7.5	
41	333.75	7.5	
41	333.75	7.5	
41	333.75	7.5	
41	333.75	7.5	
41	333.75	7.5	
41	333.75	7.5	
42	0	0	
42	0	0	
42	0	0	
42	0	0	
42	0	0	
42	0	0	
42	0	0	
42	0	0	
42	0	0	
42	0	0	
42	0	0	
42	0	0	
42	0	0	
42	0	0	
42	0	0	
42	0	0	
42	0	0	
42	0	0	
42	0	0	
42	0	0	
42	0	0	
42	1.25	1.25	
42	7.5	7.5	
42	12.5	12.5	
42	23.75	20	
42	38.75	25	
42	47.5	28.75	
42	56.25	32.5	
42	78.75	36.25	
42	101.25	43.75	
42	113.75	46.25	
42	127.5	47.5	
42	155	47.5	
42	181.25	47.5	
42	206.25	43.75	
42	218.75	42.5	
42	241.25	36.25	
42	251.25	32.5	
42	261.25	28.75	
42	287.5	17.5	
42	296.25	13.75	
42	302.5	8.75	
42	313.75	1.25	
42	320	-2.5	
42	331.25	-10	
42	335	-13.75	
42	337.5	-17.5	
42	342.5	-21.25	
42	346.25	-22.5	
42	347.5	-25	
42	347.5	-25	
42	347.5	-25	
42	347.5	-25	
42	347.5	-25	
42	347.5	-25	
42	347.5	-25	
42	347.5	-25	
42	347.5	-25	
42	347.5	-25	
42	347.5	-25	
42	347.5	-25	
42	347.5	-25	
42	347.5	-25	
42	347.5	-25	
42	347.5	-25	
42	347.5	-25	
42	347.5	-25	
42	347.5	-25	
42	347.5	-25	
42	347.5	-25	
42	347.5	-25	
42	347.5	-25	
42	347.5	-25	
42	347.5	-25	
43	0	0	
43	0	0	
43	0	0	
43	0	0	
43	0	0	
43	0	0	
43	0	0	
43	0	0	
43	0	0	
43	0	0	
43	0	0	
43	0	0	
43	0	0	
43	0	0	
43	0	0	
43	0	0	
43	0	0	
43	0	0	
43	0	0	
43	1.25	0	
43	2.5	2.5	
43	7.5	6.25	
43	12.5	7.5	
43	23.75	15	
43	40	23.75	
43	47.5	27.5	
43	67.5	35	
43	78.75	38.75	
43	91.25	42.5	
43	128.75	50	
43	141.25	50	
43	166.25	50	
43	178.75	50	
43	202.5	46.25	
43	226.25	38.75	
43	237.5	37.5	
43	248.75	33.75	
43	268.75	27.5	
43	276.25	23.75	
43	297.5	15	
43	302.5	15	
43	310	11.25	
43	311.25	11.25	
43	313.75	11.25	
43	317.5	10	
43	318.75	10	
43	320	7.5	
43	322.5	6.25	
43	326.25	3.75	
43	335	0	
43	342.5	-3.75	
43	342.5	-3.75	
43	342.5	-3.75	
43	342.5	-3.75	
43	342.5	-3.75	
43	342.5	-3.75	
43	342.5	-3.75	
43	342.5	-3.75	
43	342.5	-3.75	
43	342.5	-3.75	
43	342.5	-3.75	
43	342.5	-3.75	
43	342.5	-3.75	
43	342.5	-3.75	
43	342.5	-3.75	
43	342.5	-3.75	
43	342.5	-3.75	
43	342.5	-3.75	
43	342.5	-3.75	
43	342.5	-3.75	
43	342.5	-3.75	
43	342.5	-3.75	
43	342.5	-3.75	
43	342.5	-3.75	
44	0	0	
44	0	0	
44	0	0	
44	0	0	
44	0	0	
44	0	0	
44	0	0	
44	0	0	
44	0	0	
44	0	0	
44	0	0	
44	0	0	
44	0	0	
44	0	0	
44	0	0	
44	0	0	
44	1.25	0	
44	5	1.25	
44	7.5	1.25	
44	17.5	5	
44	31.25	12.5	
44	52.5	20	
44	63.75	23.75	
44	77.5	27.5	
44	107.5	35	
44	137.5	42.5	
44	152.5	45	
44	168.75	46.25	
44	182.5	46.25	
44	223.75	42.5	
44	236.25	41.25	
44	260	35	
44	280	30	
44	287.5	27.5	
44	300	23.75	
44	311.25	18.75	
44	315	16.25	
44	318.75	16.25	
44	322.5	12.5	
44	327.5	11.25	
44	328.75	8.75	
44	330	8.75	
44	331.25	8.75	
44	331.25	8.75	
44	331.25	8.75	
44	331.25	8.75	
44	331.25	8.75	
44	331.25	8.75	
44	331.25	8.75	
44	331.25	8.75	
44	331.25	8.75	
44	331.25	8.75	
44	331.25	8.75	
44	331.25	8.75	
44	331.25	8.75	
44	331.25	8.75	
44	331.25	8.75	
44	331.25	8.75	
44	331.25	8.75	
44	331.25	8.75	
44	331.25	8.75	
44	331.25	8.75	
44	331.25	8.75	
44	331.25	8.75	
44	331.25	8.75	
44	331.25	8.75	
44	331.25	8.75	
44	331.25	8.75	
44	331.25	8.75	
44	331.25	8.75	
44	331.25	8.75	
44	331.25	8.75	
44	331.25	8.75	
44	331.25	8.75	
45	0	0	
45	0	0	
45	0	0	
45	0	0	
45	0	0	
45	0	0	
45	0	0	
45	0	0	
45	0	0	
45	0	0	
45	0	0	
45	0	0	
45	0	0	
45	0	0	
45	2.5	1.25	
45	7.5	3.75	
45	11.25	5	
45	16.25	5	
45	27.5	8.75	
45	41.25	12.5	
45	48.75	12.5	
45	67.5	16.25	
45	77.5	16.25	
45	87.5	18.75	
45	117.5	16.25	
45	128.75	16.25	
45	138.75	16.25	
45	147.5	15	
45	165	12.5	
45	181.25	12.5	
45	196.25	11.25	
45	205	8.75	
45	220	8.75	
45	227.5	8.75	
45	238.75	7.5	
45	240	7.5	
45	242.5	7.5	
45	243.75	7.5	
45	245	7.5	
45	245	7.5	
45	245	7.5	
45	245	7.5	
45	245	7.5	
45	245	7.5	
45	245	7.5	
45	245	7.5	
45	245	7.5	
45	245	7.5	
45	245	7.5	
45	245	7.5	
45	245	7.5	
45	245	7.5	
45	245	7.5	
45	245	7.5	
45	245	7.5	
45	245	7.5	
45	245	7.5	
45	245	7.5	
45	245	8.75	
45	245	8.75	
45	245	8.75	
45	245	8.75	
45	245	8.75	
45	245	8.75	
45	245	8.75	
45	245	8.75	
45	245	8.75	
45	245	8.75	
45	245	8.75	
45	245	8.75	
45	245	8.75	
45	245	8.75	
45	245	8.75	
45	245	8.75	
46	0	0	
46	0	0	
46	0	0	
46	0	0	
46	0	0	
46	0	0	
46	0	0	
46	0	0	
46	0	0	
46	0	0	
46	0	0	
46	0	0	
46	0	0	
46	0	0	
46	0	0	
46	0	0	
46	0	0	
46	0	0	
46	0	0	
46	2.5	0	
46	10	3.75	
46	16.25	6.25	
46	23.75	7.5	
46	38.75	15	
46	60	22.5	
46	72.5	26.25	
46	97.5	33.75	
46	110	37.5	
46	123.75	41.25	
46	166.25	45	
46	193.75	47.5	
46	206.25	45	
46	221.25	43.75	
46	235	41.25	
46	272.5	32.5	
46	283.75	28.75	
46	302.5	22.5	
46	312.5	18.75	
46	320	17.5	
46	338.75	10	
46	347.5	3.75	
46	347.5	3.75	
46	347.5	3.75	
46	347.5	3.75	
46	347.5	3.75	
46	347.5	3.75	
46	347.5	3.75	
46	347.5	3.75	
46	347.5	3.75	
46	347.5	3.75	
46	347.5	3.75	
46	347.5	3.75	
46	347.5	3.75	
46	347.5	3.75	
46	347.5	3.75	
46	347.5	3.75	
46	347.5	3.75	
46	347.5	3.75	
46	347.5	3.75	
46	347.5	3.75	
46	347.5	3.75	
46	347.5	3.75	
46	347.5	3.75	
46	347.5	3.75	
46	347.5	3.75	
46	347.5	3.75	
46	347.5	3.75	
46	347.5	3.75	
46	347.5	3.75	
46	347.5	3.75	
46	347.5	3.75	
46	347.5	3.75	
46	347.5	3.75	
46	347.5	3.75	
47	0	0	
47	0	0	
47	0	0	
47	0	0	
47	0	0	
47	0	0	
47	0	0	
47	0	0	
47	0	0	
47	0	0	
47	0	0	
47	0	0	
47	0	0	
47	0	0	
47	0	0	
47	0	0	
47	0	0	
47	0	0	
47	0	0	
47	0	0	
47	0	0	
47	0	0	
47	0	0	
47	0	0	
47	0	0	
47	1.25	0	
47	6.25	3.75	
47	12.5	6.25	
47	18.75	10	
47	52.5	26.25	
47	82.5	37.5	
47	100	43.75	
47	117.5	48.75	
47	155	56.25	
47	195	60	
47	215	62.5	
47	253.75	63.75	
47	271.25	62.5	
47	287.5	60	
47	330	51.25	
47	330	51.25	
47	330	51.25	
47	330	51.25	
47	330	51.25	
47	330	51.25	
47	330	51.25	
47	330	51.25	
47	330	51.25	
47	330	51.25	
47	330	51.25	
47	330	51.25	
47	330	51.25	
47	330	51.25	
47	330	51.25	
47	330	51.25	
47	330	51.25	
47	330	51.25	
47	330	51.25	
47	330	51.25	
47	330	51.25	
47	330	51.25	
47	330	51.25	
47	330	51.25	
47	330	51.25	
47	330	51.25	
47	330	51.25	
47	330	51.25	
47	330	51.25	
47	330	51.25	
47	330	51.25	
47	330	51.25	
47	330	51.25	
47	330	51.25	
47	330	51.25	
48	0	0	
48	0	0	
48	0	0	
48	0	0	
48	0	0	
48	0	0	
48	0	0	
48	0	0	
48	0	0	
48	0	0	
48	0	0	
48	0	0	
48	0	0	
48	0	0	
48	0	0	
48	2.5	3.75	
48	5	7.5	
48	15	17.5	
48	22.5	22.5	
48	42.5	36.25	
48	68.75	47.5	
48	100	60	
48	118.75	63.75	
48	137.5	70	
48	192.5	78.75	
48	210	81.25	
48	226.25	81.25	
48	255	75	
48	267.5	71.25	
48	288.75	60	
48	305	45	
48	318.75	33.75	
48	323.75	28.75	
48	328.75	25	
48	335	18.75	
48	336.25	17.5	
48	337.5	15	
48	338.75	15	
48	340	13.75	
48	340	13.75	
48	340	13.75	
48	340	13.75	
48	340	13.75	
48	340	13.75	
48	340	11.25	
48	340	11.25	
48	341.25	11.25	
48	341.25	11.25	
48	341.25	11.25	
48	341.25	11.25	
48	341.25	11.25	
48	341.25	11.25	
48	341.25	11.25	
48	341.25	11.25	
48	341.25	11.25	
48	341.25	11.25	
48	341.25	11.25	
48	341.25	11.25	
48	341.25	11.25	
48	341.25	11.25	
48	341.25	11.25	
48	341.25	11.25	
48	341.25	11.25	
48	341.25	11.25	
48	341.25	11.25	
48	341.25	11.25	
48	341.25	11.25	
48	341.25	11.25	
48	341.25	11.25	
48	341.25	11.25	
48	341.25	11.25	
48	341.25	11.25	
48	341.25	11.25	
48	341.25	11.25	
49	0	0	
49	0	0	
49	0	0	
49	0	0	
49	0	0	
49	0	0	
49	0	0	
49	0	0	
49	0	0	
49	0	0	
49	0	0	
49	0	0	
49	0	0	
49	0	0	
49	0	0	
49	0	0	
49	0	0	
49	0	0	
49	0	0	
49	0	0	
49	1.25	1.25	
49	2.5	5	
49	3.75	5	
49	12.5	12.5	
49	33.75	26.25	
49	46.25	31.25	
49	58.75	37.5	
49	73.75	42.5	
49	106.25	52.5	
49	140	57.5	
49	172.5	60	
49	172.5	60	
49	205	56.25	
49	220	53.75	
49	242.5	48.75	
49	260	41.25	
49	266.25	37.5	
49	272.5	33.75	
49	282.5	27.5	
49	290	23.75	
49	295	20	
49	298.75	20	
49	303.75	20	
49	306.25	20	
49	310	20	
49	312.5	23.75	
49	315	27.5	
49	315	31.25	
49	316.25	42.5	
49	317.5	60	
49	318.75	76.25	
49	318.75	83.75	
49	317.5	95	
49	317.5	101.25	
49	317.5	106.25	
49	317.5	110	
49	317.5	112.5	
49	317.5	112.5	
49	316.25	113.75	
49	316.25	113.75	
49	316.25	113.75	
49	316.25	113.75	
49	316.25	113.75	
49	316.25	113.75	
49	316.25	113.75	
49	316.25	113.75	
49	316.25	113.75	
49	316.25	113.75	
49	316.25	113.75	
49	316.25	113.75	
49	316.25	113.75	
49	316.25	113.75	
49	316.25	113.75	
49	316.25	113.75	
50	0	0	
50	0	0	
50	0	0	
50	0	0	
50	0	0	
50	0	0	
50	0	0	
50	0	-2.5	
50	0	-2.5	
50	0	-2.5	
50	0	-2.5	
50	0	-2.5	
50	0	-2.5	
50	0	-2.5	
50	0	-2.5	
50	0	-2.5	
50	1.25	0	
50	2.5	1.25	
50	3.75	3.75	
50	20	18.75	
50	27.5	23.75	
50	35	30	
50	45	35	
50	67.5	46.25	
50	93.75	56.25	
50	107.5	61.25	
50	140	68.75	
50	157.5	72.5	
50	173.75	75	
50	223.75	72.5	
50	252.5	65	
50	265	60	
50	277.5	53.75	
50	298.75	42.5	
50	315	33.75	
50	321.25	27.5	
50	332.5	22.5	
50	336.25	20	
50	338.75	16.25	
50	343.75	15	
50	343.75	12.5	
50	345	12.5	
50	345	12.5	
50	345	16.25	
50	345	20	
50	343.75	20	
50	343.75	26.25	
50	342.5	27.5	
50	342.5	31.25	
50	342.5	37.5	
50	342.5	38.75	
50	342.5	41.25	
50	342.5	42.5	
50	342.5	42.5	
50	342.5	42.5	
50	342.5	42.5	
50	342.5	42.5	
50	342.5	42.5	
50	342.5	42.5	
50	342.5	42.5	
50	342.5	42.5	
50	342.5	42.5	
50	342.5	42.5	
50	342.5	42.5	
50	342.5	42.5	
50	342.5	42.5	
50	342.5	42.5	
50	342.5	42.5	
50	342.5	42.5	
50	342.5	42.5	
50	342.5	42.5	
50	342.5	42.5	
50	342.5	42.5	
50	342.5	42.5	
51	0	0	
51	0	0	
51	0	0	
51	0	0	
51	0	0	
51	0	0	
51	0	0	
51	0	0	
51	0	0	
51	0	0	
51	0	0	
51	0	0	
51	0	0	
51	0	0	
51	0	0	
51	0	0	
51	0	0	
51	0	0	
51	0	0	
51	2.5	3.75	
51	10	11.25	
51	16.25	15	
51	22.5	18.75	
51	31.25	25	
51	53.75	33.75	
51	82.5	43.75	
51	98.75	47.5	
51	115	48.75	
51	131.25	52.5	
51	190	55	
51	202.5	52.5	
51	215	51.25	
51	225	48.75	
51	246.25	41.25	
51	262.5	33.75	
51	278.75	26.25	
51	285	22.5	
51	290	21.25	
51	296.25	18.75	
51	310	11.25	
51	311.25	11.25	
51	312.5	11.25	
51	313.75	11.25	
51	315	10	
51	315	10	
51	315	10	
51	315	10	
51	315	10	
51	315	10	
51	315	10	
51	316.25	10	
51	316.25	10	
51	316.25	10	
51	316.25	10	
51	316.25	10	
51	316.25	10	
51	316.25	10	
51	316.25	10	
51	316.25	10	
51	316.25	10	
51	316.25	10	
51	316.25	10	
51	316.25	10	
51	316.25	10	
51	316.25	10	
51	316.25	10	
51	316.25	10	
51	316.25	10	
51	316.25	10	
51	316.25	10	
51	316.25	10	
51	316.25	10	
51	316.25	10	
51	316.25	10	
52	0	0	
52	0	0	
52	0	0	
52	0	0	
52	0	0	
52	0	0	
52	0	0	
52	0	0	
52	0	0	
52	0	0	
52	0	0	
52	0	0	
52	0	0	
52	0	0	
52	0	0	
52	0	0	
52	0	0	
52	0	0	
52	0	0	
52	1.25	1.25	
52	3.75	1.25	
52	11.25	7.5	
52	16.25	8.75	
52	22.5	12.5	
52	46.25	23.75	
52	56.25	27.5	
52	66.25	31.25	
52	90	38.75	
52	101.25	42.5	
52	141.25	50	
52	155	50	
52	181.25	53.75	
52	195	53.75	
52	208.75	53.75	
52	245	52.5	
52	256.25	50	
52	266.25	48.75	
52	286.25	42.5	
52	293.75	41.25	
52	315	33.75	
52	320	31.25	
52	326.25	27.5	
52	328.75	27.5	
52	330	27.5	
52	332.5	26.25	
52	332.5	26.25	
52	332.5	26.25	
52	333.75	23.75	
52	333.75	23.75	
52	333.75	23.75	
52	333.75	23.75	
52	333.75	23.75	
52	333.75	23.75	
52	333.75	23.75	
52	333.75	23.75	
52	333.75	23.75	
52	333.75	23.75	
52	333.75	23.75	
52	333.75	23.75	
52	333.75	23.75	
52	333.75	23.75	
52	333.75	23.75	
52	333.75	23.75	
52	333.75	23.75	
52	333.75	23.75	
52	333.75	23.75	
52	333.75	23.75	
52	333.75	23.75	
52	333.75	23.75	
52	333.75	23.75	
52	333.75	23.75	
52	333.75	23.75	
52	333.75	23.75	
52	333.75	23.75	
53	0	0	
53	0	0	
53	0	0	
53	0	0	
53	0	0	
53	0	0	
53	0	0	
53	0	0	
53	0	0	
53	0	0	
53	0	0	
53	0	0	
53	0	0	
53	0	0	
53	0	0	
53	0	0	
53	0	0	
53	0	0	
53	0	0	
53	5	1.25	
53	7.5	3.75	
53	12.5	5	
53	23.75	11.25	
53	30	12.5	
53	53.75	22.5	
53	62.5	23.75	
53	72.5	27.5	
53	83.75	30	
53	107.5	33.75	
53	146.25	38.75	
53	158.75	38.75	
53	172.5	41.25	
53	198.75	41.25	
53	212.5	38.75	
53	247.5	33.75	
53	257.5	30	
53	266.25	26.25	
53	276.25	23.75	
53	291.25	16.25	
53	306.25	7.5	
53	308.75	5	
53	311.25	5	
53	313.75	3.75	
53	315	1.25	
53	316.25	1.25	
53	316.25	1.25	
53	316.25	1.25	
53	316.25	1.25	
53	316.25	1.25	
53	316.25	1.25	
53	316.25	1.25	
53	316.25	1.25	
53	316.25	1.25	
53	316.25	1.25	
53	316.25	1.25	
53	316.25	1.25	
53	316.25	1.25	
53	316.25	1.25	
53	316.25	1.25	
53	316.25	1.25	
53	316.25	1.25	
53	316.25	1.25	
53	316.25	1.25	
53	316.25	1.25	
53	316.25	1.25	
53	316.25	1.25	
53	316.25	1.25	
53	316.25	1.25	
53	316.25	1.25	
53	316.25	1.25	
53	316.25	1.25	
53	316.25	1.25	
53	316.25	1.25	
53	316.25	1.25	
54	0	0	
54	0	0	
54	0	0	
54	0	0	
54	0	0	
54	0	0	
54	0	0	
54	0	0	
54	0	0	
54	0	0	
54	0	0	
54	0	0	
54	0	0	
54	0	0	
54	0	0	
54	0	0	
54	0	0	
54	0	0	
54	0	0	
54	0	0	
54	1.25	2.5	
54	3.75	3.75	
54	6.25	7.5	
54	18.75	15	
54	36.25	22.5	
54	47.5	26.25	
54	72.5	30	
54	85	33.75	
54	98.75	33.75	
54	137.5	33.75	
54	161.25	30	
54	171.25	28.75	
54	181.25	25	
54	190	22.5	
54	212.5	11.25	
54	217.5	10	
54	225	6.25	
54	227.5	3.75	
54	228.75	3.75	
54	232.5	0	
54	233.75	0	
54	233.75	0	
54	233.75	0	
54	233.75	0	
54	233.75	0	
54	233.75	0	
54	233.75	0	
54	233.75	0	
54	233.75	0	
54	235	0	
54	235	0	
54	235	0	
54	235	0	
54	235	0	
54	235	0	
54	235	0	
54	235	0	
54	235	0	
54	235	0	
54	235	0	
54	235	0	
54	235	0	
54	235	0	
54	235	0	
54	235	0	
54	235	0	
54	235	0	
54	235	0	
54	235	0	
54	235	0	
54	235	0	
54	235	0	
54	235	0	
54	235	0	
55	0	0	
55	0	0	
55	0	0	
55	0	0	
55	0	0	
55	0	0	
55	0	0	
55	0	0	
55	0	0	
55	0	0	
55	0	0	
55	0	0	
55	0	0	
55	0	0	
55	0	0	
55	0	0	
55	0	0	
55	0	0	
55	0	0	
55	1.25	3.75	
55	3.75	5	
55	6.25	8.75	
55	16.25	16.25	
55	21.25	22.5	
55	45	38.75	
55	55	42.5	
55	66.25	48.75	
55	77.5	53.75	
55	102.5	61.25	
55	143.75	71.25	
55	157.5	72.5	
55	170	72.5	
55	196.25	75	
55	208.75	72.5	
55	241.25	68.75	
55	251.25	65	
55	260	63.75	
55	268.75	61.25	
55	281.25	57.5	
55	292.5	52.5	
55	295	50	
55	297.5	50	
55	298.75	50	
55	300	48.75	
55	301.25	48.75	
55	301.25	48.75	
55	301.25	48.75	
55	301.25	48.75	
55	301.25	48.75	
55	301.25	48.75	
55	301.25	48.75	
55	301.25	48.75	
55	301.25	48.75	
55	301.25	48.75	
55	301.25	48.75	
55	301.25	48.75	
55	301.25	48.75	
55	301.25	48.75	
55	301.25	48.75	
55	301.25	48.75	
55	301.25	48.75	
55	301.25	48.75	
55	301.25	48.75	
55	301.25	48.75	
55	301.25	48.75	
55	301.25	48.75	
55	301.25	48.75	
55	301.25	48.75	
55	301.25	48.75	
55	301.25	48.75	
55	301.25	48.75	
55	301.25	48.75	
55	301.25	48.75	
55	301.25	48.75	
56	0	0	
56	-5	3.75	
56	-8.75	3.75	
56	-11.25	6.25	
56	-20	7.5	
56	-22.5	10	
56	-25	10	
56	-26.25	11.25	
56	-27.5	11.25	
56	-28.75	11.25	
56	-28.75	11.25	
56	-28.75	11.25	
56	-28.75	11.25	
56	-28.75	11.25	
56	-28.75	11.25	
56	-28.75	11.25	
56	-28.75	11.25	
56	-28.75	11.25	
56	-28.75	11.25	
56	-28.75	11.25	
56	-28.75	11.25	
56	-28.75	11.25	
56	-28.75	11.25	
56	-28.75	11.25	
56	-27.5	13.75	
56	-25	15	
56	-20	21.25	
56	-12.5	26.25	
56	7.5	37.5	
56	48.75	52.5	
56	66.25	56.25	
56	82.5	60	
56	118.75	60	
56	137.5	60	
56	188.75	52.5	
56	203.75	48.75	
56	218.75	45	
56	231.25	43.75	
56	253.75	36.25	
56	276.25	28.75	
56	281.25	26.25	
56	285	25	
56	290	22.5	
56	292.5	21.25	
56	293.75	21.25	
56	295	21.25	
56	295	21.25	
56	295	21.25	
56	295	21.25	
56	295	21.25	
56	295	21.25	
56	295	21.25	
56	295	21.25	
56	295	21.25	
56	295	21.25	
56	295	21.25	
56	295	21.25	
56	295	21.25	
56	295	18.75	
56	295	18.75	
56	295	18.75	
56	295	18.75	
56	295	18.75	
56	295	18.75	
56	295	18.75	
56	295	18.75	
56	295	18.75	
56	295	18.75	
56	295	18.75	
56	295	18.75	
56	295	18.75	
56	295	18.75	
56	295	18.75	
56	295	18.75	
57	0	0	
57	0	0	
57	0	0	
57	0	0	
57	0	0	
57	0	0	
57	0	0	
57	0	0	
57	0	0	
57	0	0	
57	0	0	
57	0	0	
57	0	0	
57	0	0	
57	0	0	
57	0	0	
57	0	0	
57	0	0	
57	0	0	
57	0	0	
57	0	0	
57	0	0	
57	0	1.25	
57	0	1.25	
57	7.5	12.5	
57	12.5	16.25	
57	12.5	16.25	
57	28.75	27.5	
57	38.75	35	
57	73.75	52.5	
57	86.25	57.5	
57	115	72.5	
57	130	77.5	
57	145	83.75	
57	188.75	95	
57	201.25	96.25	
57	213.75	98.75	
57	237.5	96.25	
57	247.5	96.25	
57	276.25	88.75	
57	283.75	85	
57	297.5	77.5	
57	303.75	73.75	
57	308.75	70	
57	321.25	56.25	
57	325	52.5	
57	327.5	50	
57	332.5	42.5	
57	335	38.75	
57	341.25	27.5	
57	342.5	23.75	
57	345	18.75	
57	346.25	16.25	
57	346.25	15	
57	347.5	12.5	
57	347.5	12.5	
57	347.5	12.5	
57	347.5	11.25	
57	347.5	11.25	
57	347.5	11.25	
57	347.5	11.25	
57	347.5	11.25	
57	347.5	11.25	
57	347.5	11.25	
57	347.5	11.25	
57	347.5	11.25	
57	347.5	11.25	
57	347.5	11.25	
57	347.5	11.25	
57	347.5	11.25	
57	347.5	11.25	
57	347.5	11.25	
57	347.5	11.25	
57	347.5	11.25	
58	0	0	
58	0	0	
58	0	0	
58	0	0	
58	0	0	
58	0	0	
58	0	0	
58	0	0	
58	0	0	
58	0	0	
58	0	0	
58	0	0	
58	0	0	
58	0	0	
58	0	0	
58	3.75	1.25	
58	6.25	3.75	
58	10	5	
58	16.25	7.5	
58	45	16.25	
58	55	18.75	
58	65	20	
58	87.5	23.75	
58	98.75	23.75	
58	121.25	23.75	
58	142.5	23.75	
58	152.5	22.5	
58	163.75	20	
58	183.75	15	
58	212.5	7.5	
58	222.5	5	
58	232.5	3.75	
58	251.25	1.25	
58	260	0	
58	275	-2.5	
58	286.25	-3.75	
58	291.25	-6.25	
58	296.25	-6.25	
58	305	-6.25	
58	320	-10	
58	323.75	-10	
58	327.5	-10	
58	332.5	-10	
58	340	-10	
58	343.75	-10	
58	347.5	-10	
58	347.5	-10	
58	348.75	-10	
58	348.75	-10	
58	348.75	-10	
58	348.75	-10	
58	348.75	-10	
58	348.75	-10	
58	348.75	-10	
58	348.75	-10	
58	348.75	-10	
58	348.75	-10	
58	348.75	-10	
58	348.75	-10	
58	348.75	-10	
58	348.75	-10	
58	348.75	-10	
58	348.75	-10	
58	348.75	-10	
58	348.75	-10	
58	348.75	-10	
58	348.75	-10	
58	348.75	-10	
58	348.75	-10	
58	348.75	-10	
58	348.75	-10	
58	348.75	-10	
58	348.75	-10	
58	348.75	-10	
59	0	0	
59	0	0	
59	0	0	
59	0	0	
59	0	0	
59	0	0	
59	0	0	
59	0	0	
59	0	0	
59	0	0	
59	0	0	
59	0	0	
59	0	0	
59	0	0	
59	0	0	
59	0	0	
59	3.75	0	
59	5	1.25	
59	12.5	1.25	
59	21.25	5	
59	35	7.5	
59	42.5	8.75	
59	50	11.25	
59	58.75	12.5	
59	87.5	20	
59	97.5	20	
59	117.5	23.75	
59	127.5	26.25	
59	148.75	27.5	
59	167.5	26.25	
59	186.25	23.75	
59	195	20	
59	205	18.75	
59	212.5	16.25	
59	237.5	11.25	
59	243.75	8.75	
59	251.25	7.5	
59	265	1.25	
59	277.5	-2.5	
59	288.75	-6.25	
59	293.75	-7.5	
59	301.25	-10	
59	303.75	-11.25	
59	305	-11.25	
59	308.75	-13.75	
59	308.75	-13.75	
59	308.75	-13.75	
59	308.75	-13.75	
59	308.75	-13.75	
59	308.75	-13.75	
59	308.75	-13.75	
59	308.75	-13.75	
59	308.75	-13.75	
59	308.75	-13.75	
59	308.75	-13.75	
59	308.75	-13.75	
59	308.75	-13.75	
59	308.75	-13.75	
59	308.75	-13.75	
59	310	-13.75	
59	310	-13.75	
59	310	-13.75	
59	310	-13.75	
59	310	-13.75	
59	310	-13.75	
59	310	-13.75	
59	310	-13.75	
59	310	-13.75	
59	310	-13.75	
59	310	-13.75	
59	310	-13.75	
59	310	-13.75	
59	310	-13.75	
59	310	-13.75	
60	0	0	
60	0	0	
60	0	0	
60	0	0	
60	0	0	
60	0	0	
60	0	0	
60	0	0	
60	0	0	
60	0	0	
60	0	0	
60	0	0	
60	0	0	
60	0	0	
60	1.25	2.5	
60	2.5	3.75	
60	5	7.5	
60	12.5	17.5	
60	25	26.25	
60	42.5	37.5	
60	52.5	41.25	
60	76.25	48.75	
60	90	52.5	
60	103.75	56.25	
60	148.75	60	
60	163.75	62.5	
60	163.75	62.5	
60	201.25	60	
60	233.75	58.75	
60	261.25	52.5	
60	272.5	48.75	
60	292.5	41.25	
60	301.25	37.5	
60	307.5	33.75	
60	325	22.5	
60	328.75	18.75	
60	332.5	15	
60	340	7.5	
60	343.75	3.75	
60	343.75	3.75	
60	343.75	3.75	
60	343.75	3.75	
60	343.75	3.75	
60	343.75	3.75	
60	343.75	3.75	
60	343.75	3.75	
60	343.75	3.75	
60	343.75	3.75	
60	343.75	3.75	
60	343.75	3.75	
60	343.75	3.75	
60	343.75	3.75	
60	343.75	3.75	
60	343.75	3.75	
60	343.75	3.75	
60	343.75	3.75	
60	343.75	3.75	
60	343.75	3.75	
60	343.75	3.75	
60	343.75	3.75	
60	343.75	3.75	
60	343.75	3.75	
60	343.75	3.75	
60	343.75	3.75	
60	343.75	3.75	
60	343.75	3.75	
60	343.75	3.75	
60	343.75	3.75	
60	343.75	3.75	
60	343.75	3.75	
60	343.75	3.75	
60	343.75	3.75	
60	343.75	3.75	
60	343.75	3.75	
61	0	0	
61	0	0	
61	0	0	
61	0	0	
61	0	0	
61	0	0	
61	0	0	
61	0	0	
61	0	0	
61	0	0	
61	0	0	
61	0	0	
61	0	0	
61	0	0	
61	0	0	
61	1.25	3.75	
61	2.5	7.5	
61	12.5	18.75	
61	18.75	25	
61	36.25	36.25	
61	50	41.25	
61	63.75	45	
61	93.75	52.5	
61	108.75	55	
61	157.5	60	
61	173.75	60	
61	188.75	60	
61	220	58.75	
61	233.75	56.25	
61	275	45	
61	287.5	41.25	
61	297.5	36.25	
61	318.75	26.25	
61	327.5	22.5	
61	343.75	15	
61	343.75	15	
61	343.75	15	
61	343.75	15	
61	343.75	15	
61	343.75	15	
61	343.75	15	
61	343.75	15	
61	343.75	15	
61	343.75	15	
61	343.75	15	
61	343.75	15	
61	343.75	15	
61	343.75	15	
61	343.75	15	
61	343.75	15	
61	343.75	15	
61	343.75	15	
61	343.75	15	
61	343.75	15	
61	343.75	15	
61	343.75	15	
61	343.75	15	
61	343.75	15	
61	343.75	15	
61	343.75	15	
61	343.75	15	
61	343.75	15	
61	343.75	15	
61	343.75	15	
61	343.75	15	
61	343.75	15	
61	343.75	15	
61	343.75	15	
61	343.75	15	
61	343.75	15	
61	343.75	15	
61	343.75	15	
61	343.75	15	
61	343.75	15	
62	0	0	
62	0	0	
62	0	0	
62	0	0	
62	0	0	
62	0	0	
62	0	0	
62	0	0	
62	0	0	
62	0	0	
62	0	0	
62	0	0	
62	0	0	
62	0	0	
62	0	0	
62	0	0	
62	0	0	
62	0	0	
62	0	0	
62	0	0	
62	0	0	
62	0	0	
62	0	0	
62	0	0	
62	1.25	2.5	
62	2.5	3.75	
62	10	7.5	
62	21.25	11.25	
62	27.5	15	
62	46.25	21.25	
62	68.75	28.75	
62	81.25	30	
62	93.75	33.75	
62	106.25	36.25	
62	145	40	
62	156.25	40	
62	180	37.5	
62	191.25	36.25	
62	212.5	30	
62	232.5	25	
62	250	17.5	
62	258.75	13.75	
62	267.5	10	
62	276.25	7.5	
62	303.75	-1.25	
62	311.25	-3.75	
62	321.25	-5	
62	336.25	-7.5	
62	336.25	-7.5	
62	336.25	-7.5	
62	336.25	-7.5	
62	336.25	-7.5	
62	336.25	-7.5	
62	336.25	-7.5	
62	336.25	-7.5	
62	336.25	-7.5	
62	336.25	-7.5	
62	336.25	-7.5	
62	336.25	-7.5	
62	336.25	-7.5	
62	336.25	-7.5	
62	336.25	-7.5	
62	336.25	-7.5	
62	336.25	-7.5	
62	336.25	-7.5	
62	336.25	-7.5	
62	336.25	-7.5	
62	336.25	-7.5	
62	336.25	-7.5	
62	336.25	-7.5	
62	336.25	-7.5	
62	336.25	-7.5	
62	336.25	-7.5	
62	336.25	-7.5	
63	0	0	
63	0	0	
63	0	0	
63	0	0	
63	0	0	
63	0	0	
63	0	0	
63	0	0	
63	0	0	
63	0	0	
63	0	0	
63	0	0	
63	0	0	
63	0	0	
63	0	0	
63	2.5	1.25	
63	6.25	5	
63	17.5	11.25	
63	26.25	16.25	
63	61.25	30	
63	76.25	33.75	
63	92.5	37.5	
63	108.75	38.75	
63	145	42.5	
63	181.25	42.5	
63	200	42.5	
63	233.75	37.5	
63	263.75	27.5	
63	277.5	23.75	
63	310	8.75	
63	318.75	5	
63	325	3.75	
63	331.25	0	
63	341.25	-3.75	
63	347.5	-6.25	
63	347.5	-6.25	
63	347.5	-6.25	
63	347.5	-6.25	
63	347.5	-6.25	
63	347.5	-6.25	
63	347.5	-6.25	
63	347.5	-6.25	
63	347.5	-6.25	
63	347.5	-6.25	
63	347.5	-6.25	
63	347.5	-6.25	
63	347.5	-6.25	
63	347.5	-6.25	
63	347.5	-6.25	
63	347.5	-6.25	
63	347.5	-6.25	
63	347.5	-6.25	
63	347.5	-6.25	
63	347.5	-6.25	
63	347.5	-6.25	
63	347.5	-6.25	
63	347.5	-6.25	
63	347.5	-6.25	
63	347.5	-6.25	
63	347.5	-6.25	
63	347.5	-6.25	
63	347.5	-6.25	
63	347.5	-6.25	
63	347.5	-6.25	
63	347.5	-6.25	
63	347.5	-6.25	
63	347.5	-6.25	
63	347.5	-6.25	
63	347.5	-6.25	
63	347.5	-6.25	
63	347.5	-6.25	
63	347.5	-6.25	
63	347.5	-6.25	
63	347.5	-6.25	
64	0	0	
64	0	0	
64	0	0	
64	0	0	
64	0	0	
64	0	0	
64	0	0	
64	0	0	
64	0	0	
64	0	0	
64	0	0	
64	0	0	
64	0	0	
64	0	0	
64	0	0	
64	0	0	
64	0	0	
64	0	0	
64	0	0	
64	0	0	
64	1.25	2.5	
64	5	3.75	
64	7.5	6.25	
64	11.25	7.5	
64	26.25	11.25	
64	33.75	13.75	
64	42.5	15	
64	62.5	22.5	
64	83.75	26.25	
64	108.75	30	
64	121.25	33.75	
64	136.25	33.75	
64	163.75	33.75	
64	177.5	33.75	
64	205	30	
64	231.25	26.25	
64	245	25	
64	270	18.75	
64	282.5	17.5	
64	305	11.25	
64	322.5	7.5	
64	328.75	6.25	
64	335	3.75	
64	340	3.75	
64	347.5	0	
64	348.75	0	
64	348.75	0	
64	348.75	0	
64	348.75	0	
64	348.75	0	
64	348.75	0	
64	348.75	0	
64	348.75	0	
64	348.75	0	
64	348.75	0	
64	348.75	0	
64	348.75	0	
64	348.75	0	
64	348.75	0	
64	348.75	0	
64	348.75	0	
64	348.75	0	
64	348.75	0	
64	348.75	0	
64	348.75	0	
64	348.75	0	
64	348.75	0	
64	348.75	0	
64	348.75	0	
64	348.75	0	
64	348.75	0	
64	348.75	0	
64	348.75	0	
64	348.75	0	
65	0	0	
65	0	0	
65	0	0	
65	0	0	
65	0	0	
65	0	0	
65	0	0	
65	0	0	
65	0	0	
65	0	0	
65	0	0	
65	0	0	
65	0	0	
65	0	0	
65	0	0	
65	0	0	
65	0	0	
65	0	0	
65	0	0	
65	0	0	
65	0	0	
65	0	0	
65	0	0	
65	0	0	
65	3.75	0	
65	6.25	3.75	
65	18.75	7.5	
65	26.25	11.25	
65	37.5	15	
65	77.5	30	
65	91.25	33.75	
65	106.25	36.25	
65	137.5	40	
65	152.5	41.25	
65	172.5	41.25	
65	206.25	37.5	
65	237.5	33.75	
65	252.5	32.5	
65	266.25	30	
65	303.75	22.5	
65	313.75	18.75	
65	322.5	17.5	
65	336.25	15	
65	342.5	13.75	
65	347.5	11.25	
65	347.5	11.25	
65	347.5	11.25	
65	347.5	11.25	
65	347.5	11.25	
65	347.5	11.25	
65	347.5	11.25	
65	347.5	11.25	
65	347.5	11.25	
65	347.5	11.25	
65	347.5	11.25	
65	347.5	11.25	
65	347.5	11.25	
65	347.5	11.25	
65	347.5	11.25	
65	347.5	11.25	
65	347.5	11.25	
65	347.5	11.25	
65	347.5	11.25	
65	347.5	11.25	
65	347.5	11.25	
65	347.5	11.25	
65	347.5	11.25	
65	347.5	11.25	
65	347.5	11.25	
65	347.5	11.25	
65	347.5	11.25	
65	347.5	11.25	
65	347.5	11.25	
65	347.5	11.25	
66	0	0	
66	0	0	
66	0	0	
66	0	0	
66	0	0	
66	0	0	
66	0	0	
66	0	0	
66	0	0	
66	0	0	
66	0	0	
66	0	0	
66	0	0	
66	0	0	
66	0	0	
66	0	0	
66	0	0	
66	0	0	
66	0	0	
66	0	0	
66	0	0	
66	0	0	
66	1.25	0	
66	3.75	3.75	
66	23.75	15	
66	33.75	21.25	
66	50	28.75	
66	83.75	41.25	
66	101.25	48.75	
66	140	56.25	
66	161.25	60	
66	202.5	62.5	
66	223.75	62.5	
66	243.75	60	
66	297.5	56.25	
66	313.75	52.5	
66	342.5	47.5	
66	342.5	47.5	
66	342.5	47.5	
66	342.5	47.5	
66	342.5	47.5	
66	342.5	47.5	
66	342.5	47.5	
66	342.5	47.5	
66	342.5	47.5	
66	342.5	47.5	
66	342.5	47.5	
66	342.5	47.5	
66	342.5	47.5	
66	342.5	47.5	
66	342.5	47.5	
66	342.5	47.5	
66	342.5	47.5	
66	342.5	47.5	
66	342.5	47.5	
66	342.5	47.5	
66	342.5	47.5	
66	342.5	47.5	
66	342.5	47.5	
66	342.5	47.5	
66	342.5	47.5	
66	342.5	47.5	
66	342.5	47.5	
66	342.5	47.5	
66	342.5	47.5	
66	342.5	47.5	
66	342.5	47.5	
66	342.5	47.5	
66	342.5	47.5	
66	342.5	47.5	
66	342.5	47.5	
66	342.5	47.5	
66	342.5	47.5	
66	342.5	47.5	
67	0	0	
67	0	0	
67	0	0	
67	0	0	
67	0	0	
67	0	0	
67	0	0	
67	0	0	
67	0	0	
67	0	0	
67	0	0	
67	0	0	
67	0	0	
67	0	0	
67	0	0	
67	0	0	
67	0	0	
67	0	0	
67	1.25	0	
67	8.75	10	
67	12.5	13.75	
67	18.75	17.5	
67	32.5	26.25	
67	41.25	32.5	
67	61.25	41.25	
67	83.75	52.5	
67	108.75	60	
67	122.5	63.75	
67	138.75	67.5	
67	188.75	75	
67	206.25	77.5	
67	222.5	77.5	
67	257.5	77.5	
67	273.75	75	
67	306.25	73.75	
67	336.25	70	
67	336.25	70	
67	336.25	70	
67	336.25	70	
67	336.25	70	
67	336.25	70	
67	336.25	70	
67	336.25	70	
67	336.25	70	
67	336.25	70	
67	336.25	70	
67	336.25	70	
67	336.25	70	
67	336.25	70	
67	336.25	70	
67	336.25	70	
67	336.25	70	
67	336.25	70	
67	336.25	70	
67	336.25	70	
67	336.25	70	
67	336.25	70	
67	336.25	70	
67	336.25	70	
67	336.25	70	
67	336.25	70	
67	336.25	70	
67	336.25	70	
67	336.25	70	
67	336.25	70	
67	336.25	70	
67	336.25	70	
67	336.25	70	
67	336.25	70	
67	336.25	70	
67	336.25	70	
67	336.25	70	
67	336.25	70	
67	336.25	70	
68	0	0	
68	0	0	
68	0	0	
68	0	0	
68	0	0	
68	0	0	
68	0	0	
68	0	0	
68	0	0	
68	0	0	
68	0	0	
68	0	0	
68	0	0	
68	0	0	
68	0	0	
68	0	0	
68	0	0	
68	0	0	
68	0	0	
68	0	0	
68	0	0	
68	-1.25	2.5	
68	2.5	6.25	
68	2.5	6.25	
68	17.5	18.75	
68	25	22.5	
68	40	30	
68	50	36.25	
68	61.25	40	
68	97.5	52.5	
68	111.25	56.25	
68	125	58.75	
68	138.75	62.5	
68	163.75	66.25	
68	188.75	67.5	
68	212.5	67.5	
68	223.75	67.5	
68	243.75	66.25	
68	253.75	66.25	
68	281.25	62.5	
68	290	60	
68	297.5	60	
68	305	60	
68	318.75	60	
68	330	58.75	
68	337.5	58.75	
68	340	58.75	
68	343.75	56.25	
68	345	56.25	
68	345	56.25	
68	345	56.25	
68	345	56.25	
68	345	56.25	
68	345	56.25	
68	345	56.25	
68	345	56.25	
68	345	56.25	
68	345	56.25	
68	345	56.25	
68	345	56.25	
68	345	56.25	
68	345	56.25	
68	345	56.25	
68	345	56.25	
68	345	56.25	
68	345	56.25	
68	345	56.25	
68	345	56.25	
68	345	56.25	
68	345	56.25	
68	345	56.25	
68	345	56.25	
68	345	56.25	
68	345	56.25	
69	0	0	
69	0	0	
69	0	0	
69	0	0	
69	0	0	
69	0	0	
69	0	0	
69	0	0	
69	0	0	
69	0	0	
69	0	0	
69	0	0	
69	0	0	
69	0	0	
69	0	0	
69	0	0	
69	0	0	
69	0	0	
69	0	0	
69	0	0	
69	0	0	
69	0	0	
69	0	0	
69	-1.25	0	
69	-1.25	0	
69	-1.25	0	
69	-1.25	0	
69	-1.25	1.25	
69	0	1.25	
69	2.5	7.5	
69	7.5	12.5	
69	11.25	18.75	
69	13.75	23.75	
69	25	33.75	
69	40	45	
69	57.5	57.5	
69	67.5	61.25	
69	78.75	67.5	
69	92.5	72.5	
69	137.5	87.5	
69	152.5	90	
69	168.75	91.25	
69	182.5	91.25	
69	212.5	91.25	
69	240	87.5	
69	265	80	
69	276.25	76.25	
69	297.5	65	
69	306.25	60	
69	328.75	41.25	
69	336.25	35	
69	340	31.25	
69	345	26.25	
69	345	26.25	
69	345	26.25	
69	345	26.25	
69	345	26.25	
69	345	26.25	
69	345	26.25	
69	345	26.25	
69	345	26.25	
69	345	26.25	
69	345	26.25	
69	345	26.25	
69	345	26.25	
69	345	26.25	
69	345	26.25	
69	345	26.25	
69	345	26.25	
69	345	26.25	
69	345	26.25	
69	345	26.25	
69	345	26.25	
69	345	26.25	
70	0	0	
70	0	0	
70	0	0	
70	0	0	
70	0	0	
70	0	0	
70	0	0	
70	0	0	
70	0	0	
70	0	0	
70	0	0	
70	0	0	
70	0	0	
70	0	0	
70	0	0	
70	0	0	
70	0	0	
70	0	0	
70	0	0	
70	-1.25	1.25	
70	0	3.75	
70	1.25	8.75	
70	2.5	12.5	
70	5	16.25	
70	16.25	35	
70	26.25	46.25	
70	32.5	52.5	
70	41.25	57.5	
70	58.75	71.25	
70	81.25	83.75	
70	92.5	90	
70	118.75	101.25	
70	132.5	105	
70	147.5	108.75	
70	188.75	116.25	
70	217.5	117.5	
70	230	117.5	
70	243.75	116.25	
70	268.75	110	
70	291.25	102.5	
70	301.25	97.5	
70	320	83.75	
70	327.5	80	
70	335	72.5	
70	341.25	67.5	
70	341.25	67.5	
70	341.25	67.5	
70	341.25	67.5	
70	341.25	67.5	
70	341.25	67.5	
70	341.25	67.5	
70	341.25	67.5	
70	341.25	67.5	
70	341.25	67.5	
70	341.25	67.5	
70	341.25	67.5	
70	341.25	67.5	
70	341.25	67.5	
70	341.25	67.5	
70	341.25	67.5	
70	341.25	67.5	
70	341.25	67.5	
70	341.25	67.5	
70	341.25	67.5	
70	341.25	67.5	
70	341.25	67.5	
70	341.25	67.5	
70	341.25	67.5	
70	341.25	67.5	
70	341.25	67.5	
70	341.25	67.5	
70	341.25	67.5	
70	341.25	67.5	
70	341.25	67.5	
71	0	0	
71	0	0	
71	0	0	
71	0	0	
71	0	0	
71	0	0	
71	0	0	
71	0	0	
71	0	0	
71	0	0	
71	0	0	
71	0	0	
71	0	0	
71	0	0	
71	0	0	
71	0	0	
71	0	0	
71	0	0	
71	0	0	
71	0	0	
71	1.25	0	
71	2.5	2.5	
71	5	3.75	
71	7.5	6.25	
71	22.5	15	
71	35	21.25	
71	43.75	26.25	
71	51.25	30	
71	71.25	37.5	
71	92.5	45	
71	116.25	52.5	
71	128.75	56.25	
71	140	58.75	
71	152.5	60	
71	191.25	66.25	
71	215	67.5	
71	227.5	67.5	
71	240	67.5	
71	262.5	66.25	
71	283.75	63.75	
71	302.5	60	
71	311.25	60	
71	318.75	58.75	
71	325	56.25	
71	340	55	
71	340	55	
71	340	55	
71	340	55	
71	340	55	
71	340	55	
71	340	55	
71	340	55	
71	340	55	
71	340	55	
71	340	55	
71	340	55	
71	340	55	
71	340	55	
71	340	55	
71	340	55	
71	340	55	
71	340	55	
71	340	55	
71	340	55	
71	340	55	
71	340	55	
71	340	55	
71	340	55	
71	340	55	
71	340	55	
71	340	55	
71	340	55	
71	340	55	
71	340	55	
72	0	0	
72	0	0	
72	0	0	
72	0	0	
72	0	0	
72	0	0	
72	0	0	
72	0	0	
72	0	0	
72	0	0	
72	0	0	
72	0	0	
72	0	0	
72	0	0	
72	0	0	
72	0	0	
72	0	0	
72	0	0	
72	0	0	
72	0	0	
72	0	0	
72	0	0	
72	0	0	
72	0	0	
72	0	0	
72	0	0	
72	0	0	
72	0	0	
72	0	0	
72	0	0	
72	0	0	
72	0	0	
72	1.25	3.75	
72	11.25	10	
72	36.25	26.25	
72	47.5	33.75	
72	78.75	48.75	
72	96.25	58.75	
72	115	63.75	
72	175	82.5	
72	196.25	86.25	
72	217.5	86.25	
72	237.5	88.75	
72	275	88.75	
72	320	82.5	
72	331.25	78.75	
72	340	77.5	
72	340	77.5	
72	340	77.5	
72	340	77.5	
72	340	77.5	
72	340	77.5	
72	340	77.5	
72	340	77.5	
72	340	77.5	
72	340	77.5	
72	340	77.5	
72	340	77.5	
72	340	77.5	
72	340	77.5	
72	340	77.5	
72	340	77.5	
72	340	77.5	
72	340	77.5	
72	340	77.5	
72	340	77.5	
72	340	77.5	
72	340	77.5	
72	340	77.5	
72	340	77.5	
72	340	77.5	
72	340	77.5	
72	340	77.5	
72	340	77.5	
73	0	0	
73	0	0	
73	0	0	
73	0	0	
73	0	0	
73	0	0	
73	0	0	
73	0	0	
73	0	0	
73	0	0	
73	0	0	
73	0	0	
73	0	0	
73	0	0	
73	0	0	
73	0	0	
73	0	0	
73	0	0	
73	0	0	
73	0	0	
73	0	0	
73	3.75	2.5	
73	8.75	3.75	
73	13.75	7.5	
73	38.75	21.25	
73	61.25	30	
73	73.75	36.25	
73	87.5	41.25	
73	117.5	48.75	
73	150	56.25	
73	167.5	58.75	
73	200	60	
73	216.25	60	
73	232.5	60	
73	277.5	56.25	
73	302.5	51.25	
73	313.75	47.5	
73	325	45	
73	342.5	37.5	
73	342.5	37.5	
73	342.5	37.5	
73	342.5	37.5	
73	342.5	37.5	
73	342.5	37.5	
73	342.5	37.5	
73	342.5	37.5	
73	342.5	37.5	
73	342.5	37.5	
73	342.5	37.5	
73	342.5	37.5	
73	342.5	37.5	
73	342.5	37.5	
73	342.5	37.5	
73	342.5	37.5	
73	342.5	37.5	
73	342.5	37.5	
73	342.5	37.5	
73	342.5	37.5	
73	342.5	37.5	
73	342.5	37.5	
73	342.5	37.5	
73	342.5	37.5	
73	342.5	37.5	
73	342.5	37.5	
73	342.5	37.5	
73	342.5	37.5	
73	342.5	37.5	
73	342.5	37.5	
73	342.5	37.5	
73	342.5	37.5	
73	342.5	37.5	
73	342.5	37.5	
73	342.5	37.5	
73	342.5	37.5	
74	0	0	
74	0	0	
74	0	0	
74	0	0	
74	0	0	
74	0	0	
74	0	0	
74	0	0	
74	0	0	
74	0	0	
74	0	0	
74	0	0	
74	0	0	
74	0	0	
74	0	0	
74	0	0	
74	0	0	
74	0	0	
74	0	0	
74	0	0	
74	0	0	
74	0	0	
74	1.25	0	
74	3.75	3.75	
74	15	17.5	
74	30	30	
74	40	37.5	
74	51.25	47.5	
74	65	55	
74	113.75	71.25	
74	132.5	75	
74	151.25	78.75	
74	188.75	78.75	
74	206.25	77.5	
74	257.5	63.75	
74	271.25	58.75	
74	295	45	
74	305	37.5	
74	313.75	30	
74	331.25	11.25	
74	336.25	7.5	
74	340	2.5	
74	345	-5	
74	346.25	-8.75	
74	348.75	-15	
74	348.75	-15	
74	348.75	-15	
74	348.75	-15	
74	348.75	-15	
74	348.75	-15	
74	348.75	-15	
74	348.75	-15	
74	348.75	-15	
74	348.75	-15	
74	348.75	-15	
74	348.75	-15	
74	348.75	-15	
74	348.75	-15	
74	348.75	-15	
74	348.75	-15	
74	348.75	-15	
74	348.75	-15	
74	348.75	-15	
74	348.75	-15	
74	348.75	-15	
74	348.75	-15	
74	348.75	-15	
74	348.75	-15	
74	348.75	-15	
74	348.75	-15	
74	348.75	-15	
74	348.75	-15	
74	348.75	-15	
74	348.75	-15	
75	0	0	
75	0	0	
75	0	0	
75	0	0	
75	0	0	
75	0	0	
75	0	0	
75	0	0	
75	0	0	
75	0	0	
75	0	0	
75	0	0	
75	0	0	
75	0	0	
75	0	0	
75	0	0	
75	0	0	
75	0	0	
75	0	0	
75	0	1.25	
75	1.25	1.25	
75	3.75	3.75	
75	7.5	7.5	
75	15	12.5	
75	43.75	27.5	
75	56.25	33.75	
75	82.5	41.25	
75	96.25	45	
75	112.5	46.25	
75	156.25	50	
75	170	50	
75	185	46.25	
75	211.25	42.5	
75	223.75	38.75	
75	258.75	27.5	
75	267.5	26.25	
75	283.75	20	
75	291.25	16.25	
75	297.5	15	
75	311.25	8.75	
75	315	8.75	
75	316.25	8.75	
75	321.25	5	
75	322.5	5	
75	327.5	5	
75	328.75	5	
75	333.75	3.75	
75	337.5	1.25	
75	338.75	1.25	
75	343.75	1.25	
75	343.75	1.25	
75	345	1.25	
75	345	1.25	
75	345	1.25	
75	345	1.25	
75	345	1.25	
75	345	1.25	
75	345	1.25	
75	345	1.25	
75	345	1.25	
75	345	1.25	
75	345	1.25	
75	345	1.25	
75	346.25	1.25	
75	346.25	1.25	
75	346.25	1.25	
75	346.25	1.25	
75	346.25	1.25	
75	346.25	1.25	
75	346.25	1.25	
75	346.25	1.25	
75	346.25	1.25	
75	346.25	1.25	
75	346.25	1.25	
76	0	0	
76	0	0	
76	0	0	
76	0	0	
76	0	0	
76	0	0	
76	0	0	
76	0	0	
76	0	0	
76	0	0	
76	0	0	
76	0	0	
76	0	0	
76	0	0	
76	0	0	
76	0	0	
76	0	0	
76	0	0	
76	0	0	
76	0	0	
76	1.25	0	
76	2.5	3.75	
76	5	7.5	
76	15	17.5	
76	42.5	36.25	
76	55	41.25	
76	68.75	48.75	
76	98.75	58.75	
76	115	63.75	
76	163.75	71.25	
76	180	71.25	
76	180	71.25	
76	197.5	71.25	
76	228.75	71.25	
76	262.5	63.75	
76	271.25	60	
76	280	58.75	
76	291.25	52.5	
76	297.5	48.75	
76	307.5	43.75	
76	310	41.25	
76	312.5	40	
76	313.75	37.5	
76	317.5	33.75	
76	321.25	26.25	
76	322.5	26.25	
76	322.5	25	
76	325	21.25	
76	326.25	18.75	
76	330	15	
76	332.5	11.25	
76	332.5	7.5	
76	333.75	7.5	
76	336.25	3.75	
76	337.5	3.75	
76	337.5	3.75	
76	337.5	2.5	
76	337.5	2.5	
76	337.5	2.5	
76	337.5	2.5	
76	337.5	2.5	
76	337.5	2.5	
76	337.5	2.5	
76	337.5	2.5	
76	337.5	2.5	
76	337.5	2.5	
76	337.5	2.5	
76	337.5	2.5	
76	337.5	2.5	
76	337.5	2.5	
76	337.5	2.5	
76	337.5	2.5	
76	337.5	2.5	
76	337.5	2.5	
77	0	0	
77	0	0	
77	0	0	
77	0	0	
77	0	0	
77	0	0	
77	0	0	
77	0	0	
77	0	0	
77	0	0	
77	0	0	
77	0	0	
77	0	0	
77	0	0	
77	0	0	
77	0	0	
77	0	0	
77	0	0	
77	0	0	
77	0	0	
77	0	0	
77	0	0	
77	0	0	
77	0	0	
77	2.5	3.75	
77	10	10	
77	15	13.75	
77	23.75	17.5	
77	33.75	21.25	
77	68.75	30	
77	82.5	32.5	
77	98.75	33.75	
77	98.75	33.75	
77	145	37.5	
77	205	33.75	
77	222.5	33.75	
77	238.75	30	
77	266.25	26.25	
77	277.5	22.5	
77	297.5	17.5	
77	311.25	11.25	
77	316.25	11.25	
77	320	10	
77	322.5	7.5	
77	328.75	6.25	
77	328.75	6.25	
77	330	6.25	
77	331.25	6.25	
77	331.25	6.25	
77	335	3.75	
77	338.75	3.75	
77	341.25	2.5	
77	343.75	2.5	
77	345	0	
77	348.75	0	
77	348.75	0	
77	348.75	0	
77	348.75	0	
77	348.75	0	
77	348.75	0	
77	348.75	0	
77	348.75	0	
77	348.75	0	
77	348.75	0	
77	348.75	0	
77	348.75	0	
77	348.75	0	
77	348.75	0	
77	348.75	0	
77	348.75	0	
77	348.75	0	
77	348.75	0	
77	348.75	0	
77	348.75	0	
78	0	0	
78	0	0	
78	0	0	
78	0	0	
78	0	0	
78	0	0	
78	0	0	
78	0	0	
78	0	0	
78	0	0	
78	0	0	
78	0	0	
78	0	0	
78	0	0	
78	0	0	
78	0	0	
78	0	0	
78	0	0	
78	0	2.5	
78	10	6.25	
78	16.25	7.5	
78	35	15	
78	47.5	18.75	
78	60	21.25	
78	108.75	26.25	
78	127.5	28.75	
78	148.75	28.75	
78	171.25	28.75	
78	210	22.5	
78	242.5	17.5	
78	267.5	10	
78	278.75	7.5	
78	286.25	3.75	
78	293.75	2.5	
78	307.5	-3.75	
78	308.75	-3.75	
78	311.25	-3.75	
78	311.25	-3.75	
78	312.5	-3.75	
78	313.75	-3.75	
78	313.75	-3.75	
78	316.25	-3.75	
78	317.5	-3.75	
78	318.75	-5	
78	323.75	-5	
78	323.75	-5	
78	325	-5	
78	326.25	-5	
78	331.25	-7.5	
78	335	-7.5	
78	335	-7.5	
78	336.25	-7.5	
78	336.25	-7.5	
78	336.25	-7.5	
78	337.5	-7.5	
78	337.5	-7.5	
78	337.5	-7.5	
78	337.5	-7.5	
78	337.5	-7.5	
78	337.5	-7.5	
78	337.5	-7.5	
78	337.5	-7.5	
78	337.5	-7.5	
78	337.5	-7.5	
78	337.5	-7.5	
78	337.5	-7.5	
78	337.5	-7.5	
78	337.5	-7.5	
78	337.5	-7.5	
78	337.5	-7.5	
78	337.5	-7.5	
78	337.5	-7.5	
78	337.5	-7.5	
78	337.5	-7.5	
79	0	0	
79	0	0	
79	0	0	
79	0	0	
79	0	0	
79	0	0	
79	0	0	
79	0	0	
79	0	0	
79	0	0	
79	0	0	
79	0	0	
79	0	0	
79	0	0	
79	0	0	
79	0	0	
79	0	0	
79	0	0	
79	0	0	
79	2.5	2.5	
79	5	3.75	
79	8.75	7.5	
79	23.75	17.5	
79	35	22.5	
79	76.25	40	
79	92.5	45	
79	128.75	48.75	
79	147.5	48.75	
79	166.25	48.75	
79	223.75	41.25	
79	241.25	37.5	
79	241.25	37.5	
79	275	26.25	
79	288.75	21.25	
79	316.25	7.5	
79	322.5	3.75	
79	331.25	0	
79	333.75	-1.25	
79	336.25	-1.25	
79	340	-3.75	
79	340	-3.75	
79	340	-3.75	
79	341.25	-3.75	
79	342.5	-5	
79	345	-5	
79	346.25	-5	
79	346.25	-7.5	
79	346.25	-7.5	
79	346.25	-7.5	
79	346.25	-7.5	
79	346.25	-7.5	
79	346.25	-7.5	
79	346.25	-7.5	
79	347.5	-7.5	
79	347.5	-7.5	
79	347.5	-7.5	
79	347.5	-7.5	
79	347.5	-7.5	
79	347.5	-7.5	
79	347.5	-7.5	
79	347.5	-7.5	
79	347.5	-7.5	
79	347.5	-7.5	
79	347.5	-7.5	
79	347.5	-7.5	
79	347.5	-7.5	
79	347.5	-7.5	
79	347.5	-7.5	
79	347.5	-7.5	
79	347.5	-7.5	
79	347.5	-7.5	
79	347.5	-7.5	
79	347.5	-7.5	
79	347.5	-7.5	
80	0	0	
80	0	0	
80	0	0	
80	0	0	
80	0	0	
80	0	0	
80	0	0	
80	0	0	
80	0	0	
80	0	0	
80	0	0	
80	0	0	
80	0	0	
80	0	0	
80	0	0	
80	0	0	
80	0	0	
80	0	0	
80	0	0	
80	0	0	
80	1.25	0	
80	3.75	2.5	
80	8.75	3.75	
80	22.5	11.25	
80	56.25	21.25	
80	71.25	22.5	
80	86.25	26.25	
80	120	28.75	
80	137.5	28.75	
80	173.75	26.25	
80	207.5	21.25	
80	223.75	17.5	
80	238.75	13.75	
80	265	6.25	
80	291.25	-3.75	
80	297.5	-5	
80	302.5	-7.5	
80	307.5	-8.75	
80	308.75	-8.75	
80	311.25	-8.75	
80	312.5	-11.25	
80	313.75	-11.25	
80	313.75	-11.25	
80	315	-11.25	
80	318.75	-11.25	
80	321.25	-11.25	
80	322.5	-11.25	
80	326.25	-11.25	
80	326.25	-11.25	
80	327.5	-11.25	
80	327.5	-11.25	
80	327.5	-11.25	
80	328.75	-11.25	
80	328.75	-11.25	
80	328.75	-11.25	
80	328.75	-11.25	
80	328.75	-11.25	
80	328.75	-11.25	
80	328.75	-11.25	
80	328.75	-11.25	
80	328.75	-11.25	
80	328.75	-11.25	
80	328.75	-11.25	
80	328.75	-11.25	
80	328.75	-11.25	
80	328.75	-11.25	
80	328.75	-11.25	
80	328.75	-11.25	
80	328.75	-11.25	
80	328.75	-11.25	
80	328.75	-11.25	
80	328.75	-11.25	
80	328.75	-11.25	
80	328.75	-11.25	
81	0	0	
81	0	0	
81	0	0	
81	0	0	
81	0	0	
81	0	0	
81	0	0	
81	0	0	
81	-1.25	0	
81	-1.25	0	
81	-2.5	0	
81	-2.5	0	
81	-2.5	0	
81	-2.5	0	
81	-2.5	0	
81	-3.75	0	
81	-3.75	0	
81	-3.75	0	
81	-3.75	0	
81	-3.75	0	
81	-3.75	0	
81	-3.75	0	
81	-3.75	0	
81	1.25	7.5	
81	28.75	26.25	
81	42.5	36.25	
81	60	43.75	
81	97.5	55	
81	117.5	56.25	
81	158.75	60	
81	197.5	58.75	
81	215	56.25	
81	232.5	52.5	
81	263.75	45	
81	298.75	32.5	
81	308.75	28.75	
81	316.25	25	
81	323.75	18.75	
81	336.25	13.75	
81	348.75	7.5	
81	348.75	7.5	
81	348.75	7.5	
81	348.75	7.5	
81	348.75	7.5	
81	348.75	7.5	
81	348.75	7.5	
81	348.75	7.5	
81	348.75	7.5	
81	348.75	7.5	
81	348.75	7.5	
81	348.75	7.5	
81	348.75	7.5	
81	348.75	7.5	
81	348.75	7.5	
81	348.75	7.5	
81	348.75	7.5	
81	348.75	7.5	
81	348.75	7.5	
81	348.75	7.5	
81	348.75	7.5	
81	348.75	7.5	
81	348.75	7.5	
81	348.75	7.5	
81	348.75	7.5	
81	348.75	7.5	
81	348.75	7.5	
81	348.75	7.5	
81	348.75	7.5	
81	348.75	7.5	
81	348.75	7.5	
81	348.75	7.5	
81	348.75	7.5	
81	348.75	7.5	
81	348.75	7.5	
82	0	0	
82	0	0	
82	0	0	
82	0	0	
82	0	0	
82	0	0	
82	0	0	
82	0	0	
82	0	0	
82	0	0	
82	0	0	
82	0	0	
82	0	0	
82	0	0	
82	0	0	
82	0	0	
82	0	0	
82	0	0	
82	0	0	
82	0	0	
82	0	0	
82	0	0	
82	0	0	
82	1.25	0	
82	3.75	2.5	
82	6.25	3.75	
82	12.5	7.5	
82	12.5	7.5	
82	18.75	13.75	
82	41.25	26.25	
82	51.25	30	
82	62.5	36.25	
82	73.75	41.25	
82	97.5	48.75	
82	140	62.5	
82	155	66.25	
82	170	67.5	
82	201.25	73.75	
82	217.5	75	
82	260	78.75	
82	275	77.5	
82	288.75	77.5	
82	302.5	75	
82	327.5	73.75	
82	327.5	73.75	
82	327.5	73.75	
82	327.5	73.75	
82	327.5	73.75	
82	327.5	73.75	
82	327.5	73.75	
82	327.5	73.75	
82	327.5	73.75	
82	327.5	73.75	
82	327.5	73.75	
82	327.5	73.75	
82	327.5	73.75	
82	327.5	73.75	
82	327.5	73.75	
82	327.5	73.75	
82	327.5	73.75	
82	327.5	73.75	
82	327.5	73.75	
82	327.5	73.75	
82	327.5	73.75	
82	327.5	73.75	
82	327.5	73.75	
82	327.5	73.75	
82	327.5	73.75	
82	327.5	73.75	
82	327.5	73.75	
82	327.5	73.75	
82	327.5	73.75	
82	327.5	73.75	
82	327.5	73.75	
83	0	0	
83	0	0	
83	0	0	
83	0	0	
83	0	0	
83	0	0	
83	0	0	
83	0	0	
83	0	0	
83	0	0	
83	0	0	
83	0	0	
83	0	0	
83	0	0	
83	0	0	
83	0	0	
83	0	0	
83	0	0	
83	2.5	3.75	
83	10	10	
83	21.25	17.5	
83	30	22.5	
83	40	26.25	
83	65	36.25	
83	110	48.75	
83	127.5	52.5	
83	143.75	55	
83	161.25	56.25	
83	195	60	
83	226.25	58.75	
83	252.5	55	
83	265	52.5	
83	276.25	48.75	
83	295	43.75	
83	316.25	37.5	
83	320	33.75	
83	323.75	33.75	
83	326.25	33.75	
83	328.75	32.5	
83	331.25	30	
83	331.25	30	
83	331.25	30	
83	332.5	30	
83	332.5	30	
83	332.5	30	
83	332.5	30	
83	332.5	30	
83	332.5	30	
83	332.5	30	
83	332.5	30	
83	332.5	30	
83	332.5	30	
83	332.5	30	
83	332.5	30	
83	332.5	30	
83	332.5	30	
83	332.5	30	
83	332.5	30	
83	332.5	30	
83	332.5	30	
83	332.5	30	
83	332.5	30	
83	332.5	30	
83	332.5	30	
83	332.5	30	
83	332.5	30	
83	332.5	30	
83	332.5	30	
83	332.5	30	
83	332.5	30	
83	332.5	30	
83	332.5	30	
83	332.5	30	
83	332.5	30	
84	0	0	
84	0	0	
84	0	0	
84	0	0	
84	0	0	
84	0	0	
84	0	0	
84	0	0	
84	0	0	
84	0	0	
84	0	0	
84	0	0	
84	0	0	
84	0	0	
84	0	0	
84	0	0	
84	0	0	
84	0	0	
84	0	0	
84	0	0	
84	0	0	
84	0	0	
84	0	0	
84	0	0	
84	0	0	
84	0	0	
84	1.25	0	
84	6.25	3.75	
84	10	6.25	
84	30	15	
84	38.75	18.75	
84	50	22.5	
84	72.5	30	
84	85	33.75	
84	125	37.5	
84	138.75	40	
84	151.25	41.25	
84	178.75	37.5	
84	192.5	37.5	
84	217.5	32.5	
84	240	26.25	
84	250	22.5	
84	268.75	15	
84	276.25	13.75	
84	295	3.75	
84	300	0	
84	303.75	-1.25	
84	310	-3.75	
84	311.25	-5	
84	315	-7.5	
84	316.25	-7.5	
84	316.25	-7.5	
84	316.25	-7.5	
84	316.25	-7.5	
84	316.25	-7.5	
84	316.25	-7.5	
84	316.25	-7.5	
84	316.25	-7.5	
84	316.25	-7.5	
84	317.5	-7.5	
84	317.5	-7.5	
84	317.5	-7.5	
84	317.5	-7.5	
84	317.5	-7.5	
84	317.5	-7.5	
84	317.5	-7.5	
84	318.75	-7.5	
84	318.75	-7.5	
84	318.75	-7.5	
84	318.75	-7.5	
84	318.75	-7.5	
84	318.75	-7.5	
84	318.75	-7.5	
84	318.75	-7.5	
85	0	0	
85	0	0	
85	0	0	
85	0	0	
85	0	0	
85	0	0	
85	0	0	
85	0	0	
85	0	0	
85	0	0	
85	0	0	
85	0	0	
85	0	0	
85	0	0	
85	0	0	
85	0	0	
85	0	0	
85	0	0	
85	0	0	
85	2.5	3.75	
85	6.25	3.75	
85	16.25	11.25	
85	25	17.5	
85	46.25	28.75	
85	76.25	41.25	
85	112.5	52.5	
85	133.75	58.75	
85	153.75	63.75	
85	175	66.25	
85	240	70	
85	261.25	67.5	
85	298.75	66.25	
85	312.5	63.75	
85	330	60	
85	341.25	58.75	
85	341.25	58.75	
85	341.25	58.75	
85	341.25	58.75	
85	341.25	58.75	
85	341.25	58.75	
85	341.25	58.75	
85	341.25	58.75	
85	341.25	58.75	
85	341.25	58.75	
85	341.25	58.75	
85	341.25	58.75	
85	341.25	58.75	
85	341.25	58.75	
85	341.25	58.75	
85	341.25	58.75	
85	341.25	58.75	
85	341.25	58.75	
85	341.25	58.75	
85	341.25	58.75	
85	341.25	58.75	
85	341.25	58.75	
85	341.25	58.75	
85	341.25	58.75	
85	341.25	58.75	
85	341.25	58.75	
85	341.25	58.75	
85	341.25	58.75	
85	341.25	58.75	
85	341.25	58.75	
85	341.25	58.75	
85	341.25	58.75	
85	341.25	58.75	
85	341.25	58.75	
85	341.25	58.75	
85	341.25	58.75	
85	341.25	58.75	
85	341.25	58.75	
85	341.25	58.75	
85	341.25	58.75	
86	0	0	
86	0	0	
86	0	0	
86	0	0	
86	0	0	
86	0	0	
86	0	0	
86	0	0	
86	0	0	
86	0	0	
86	0	0	
86	0	0	
86	0	0	
86	0	0	
86	0	0	
86	0	0	
86	0	0	
86	0	0	
86	0	0	
86	7.5	3.75	
86	12.5	6.25	
86	18.75	7.5	
86	33.75	15	
86	43.75	18.75	
86	80	30	
86	93.75	33.75	
86	108.75	37.5	
86	138.75	43.75	
86	155	45	
86	200	48.75	
86	215	47.5	
86	228.75	45	
86	252.5	41.25	
86	263.75	40	
86	291.25	32.5	
86	300	30	
86	306.25	26.25	
86	317.5	22.5	
86	322.5	22.5	
86	328.75	21.25	
86	331.25	18.75	
86	332.5	18.75	
86	333.75	18.75	
86	335	18.75	
86	335	18.75	
86	335	18.75	
86	335	18.75	
86	335	18.75	
86	335	18.75	
86	335	18.75	
86	335	18.75	
86	335	18.75	
86	335	18.75	
86	335	18.75	
86	336.25	18.75	
86	337.5	18.75	
86	338.75	18.75	
86	338.75	18.75	
86	340	21.25	
86	340	21.25	
86	340	21.25	
86	341.25	22.5	
86	341.25	22.5	
86	341.25	22.5	
86	341.25	22.5	
86	341.25	22.5	
86	341.25	22.5	
86	341.25	22.5	
86	341.25	22.5	
86	341.25	22.5	
86	341.25	22.5	
86	341.25	22.5	
86	341.25	22.5	
86	341.25	22.5	
87	0	0	
87	0	0	
87	0	0	
87	0	0	
87	0	0	
87	0	0	
87	0	0	
87	0	0	
87	0	0	
87	0	0	
87	0	0	
87	0	0	
87	0	0	
87	0	0	
87	0	0	
87	0	0	
87	0	0	
87	0	0	
87	0	0	
87	0	0	
87	0	0	
87	0	0	
87	0	0	
87	0	0	
87	0	0	
87	0	0	
87	1.25	2.5	
87	3.75	3.75	
87	6.25	6.25	
87	21.25	15	
87	30	18.75	
87	40	25	
87	63.75	33.75	
87	93.75	41.25	
87	126.25	48.75	
87	143.75	51.25	
87	177.5	52.5	
87	195	52.5	
87	211.25	52.5	
87	253.75	43.75	
87	267.5	40	
87	290	30	
87	298.75	26.25	
87	307.5	22.5	
87	327.5	11.25	
87	332.5	7.5	
87	338.75	3.75	
87	341.25	3.75	
87	343.75	3.75	
87	346.25	2.5	
87	347.5	2.5	
87	347.5	2.5	
87	347.5	2.5	
87	347.5	2.5	
87	348.75	0	
87	348.75	0	
87	348.75	0	
87	348.75	0	
87	348.75	0	
87	348.75	0	
87	348.75	0	
87	348.75	0	
87	348.75	0	
87	348.75	0	
87	348.75	0	
87	348.75	0	
87	348.75	0	
87	348.75	0	
87	348.75	0	
87	348.75	0	
87	348.75	0	
87	348.75	0	
87	348.75	0	
87	348.75	0	
88	0	0	
88	0	0	
88	0	0	
88	0	0	
88	0	0	
88	0	0	
88	0	0	
88	0	0	
88	0	0	
88	0	0	
88	0	0	
88	0	0	
88	0	0	
88	0	0	
88	0	0	
88	0	0	
88	0	0	
88	0	0	
88	0	0	
88	2.5	0	
88	7.5	2.5	
88	21.25	6.25	
88	30	10	
88	40	13.75	
88	83.75	26.25	
88	100	28.75	
88	115	30	
88	148.75	32.5	
88	165	32.5	
88	198.75	26.25	
88	231.25	21.25	
88	261.25	11.25	
88	275	7.5	
88	287.5	3.75	
88	320	-7.5	
88	327.5	-8.75	
88	333.75	-11.25	
88	340	-12.5	
88	347.5	-15	
88	347.5	-15	
88	347.5	-15	
88	347.5	-15	
88	347.5	-15	
88	347.5	-15	
88	347.5	-15	
88	347.5	-15	
88	347.5	-15	
88	347.5	-15	
88	347.5	-15	
88	347.5	-15	
88	347.5	-15	
88	347.5	-15	
88	347.5	-15	
88	347.5	-15	
88	347.5	-15	
88	347.5	-15	
88	347.5	-15	
88	347.5	-15	
88	347.5	-15	
88	347.5	-15	
88	347.5	-15	
88	347.5	-15	
88	347.5	-15	
88	347.5	-15	
88	347.5	-15	
88	347.5	-15	
88	347.5	-15	
88	347.5	-15	
88	347.5	-15	
88	347.5	-15	
88	347.5	-15	
88	347.5	-15	
88	347.5	-15	
88	347.5	-15	
89	0	0	
89	0	0	
89	0	0	
89	0	0	
89	0	0	
89	0	0	
89	0	0	
89	0	0	
89	0	0	
89	0	0	
89	0	0	
89	0	0	
89	0	0	
89	0	0	
89	0	0	
89	1.25	0	
89	2.5	0	
89	2.5	1.25	
89	6.25	3.75	
89	6.25	3.75	
89	6.25	3.75	
89	6.25	3.75	
89	6.25	3.75	
89	6.25	3.75	
89	6.25	3.75	
89	6.25	3.75	
89	90	35	
89	98.75	35	
89	116.25	38.75	
89	135	38.75	
89	155	42.5	
89	165	42.5	
89	176.25	43.75	
89	186.25	43.75	
89	217.5	43.75	
89	228.75	43.75	
89	248.75	43.75	
89	257.5	43.75	
89	275	42.5	
89	288.75	38.75	
89	300	38.75	
89	303.75	37.5	
89	307.5	35	
89	311.25	33.75	
89	318.75	27.5	
89	326.25	23.75	
89	330	20	
89	335	16.25	
89	341.25	12.5	
89	345	11.25	
89	345	11.25	
89	345	11.25	
89	345	11.25	
89	345	11.25	
89	345	11.25	
89	345	11.25	
89	345	11.25	
89	345	11.25	
89	345	11.25	
89	345	11.25	
89	345	11.25	
89	345	11.25	
89	345	11.25	
89	345	11.25	
89	345	11.25	
89	345	11.25	
89	345	11.25	
89	345	11.25	
89	345	11.25	
89	345	11.25	
89	345	11.25	
89	345	11.25	
89	345	11.25	
89	345	11.25	
90	0	0	
90	0	0	
90	0	0	
90	0	0	
90	0	0	
90	0	0	
90	0	0	
90	0	0	
90	0	0	
90	0	0	
90	0	0	
90	0	0	
90	0	0	
90	0	0	
90	0	0	
90	0	0	
90	0	0	
90	2.5	1.25	
90	3.75	1.25	
90	17.5	5	
90	23.75	7.5	
90	31.25	8.75	
90	48.75	12.5	
90	58.75	16.25	
90	93.75	20	
90	106.25	22.5	
90	120	23.75	
90	146.25	23.75	
90	158.75	22.5	
90	196.25	18.75	
90	207.5	16.25	
90	218.75	16.25	
90	241.25	12.5	
90	252.5	12.5	
90	272.5	8.75	
90	288.75	8.75	
90	295	8.75	
90	307.5	5	
90	312.5	5	
90	325	5	
90	327.5	3.75	
90	330	3.75	
90	335	3.75	
90	337.5	3.75	
90	342.5	3.75	
90	348.75	5	
90	348.75	5	
90	348.75	5	
90	348.75	5	
90	348.75	5	
90	348.75	5	
90	348.75	5	
90	348.75	5	
90	348.75	5	
90	348.75	5	
90	348.75	5	
90	348.75	5	
90	348.75	5	
90	348.75	5	
90	348.75	5	
90	348.75	5	
90	348.75	5	
90	348.75	5	
90	348.75	5	
90	348.75	5	
90	348.75	5	
90	348.75	5	
90	348.75	5	
90	348.75	5	
90	348.75	5	
90	348.75	5	
90	348.75	5	
90	348.75	5	
90	348.75	5	
91	0	0	
91	0	0	
91	0	0	
91	0	0	
91	0	0	
91	0	0	
91	0	0	
91	0	0	
91	0	0	
91	0	0	
91	0	0	
91	0	0	
91	0	0	
91	0	0	
91	0	0	
91	1.25	0	
91	2.5	0	
91	7.5	2.5	
91	15	3.75	
91	27.5	6.25	
91	33.75	7.5	
91	51.25	10	
91	61.25	11.25	
91	71.25	13.75	
91	95	15	
91	108.75	15	
91	122.5	15	
91	145	15	
91	161.25	11.25	
91	172.5	7.5	
91	176.25	7.5	
91	176.25	7.5	
91	176.25	7.5	
91	176.25	7.5	
91	176.25	7.5	
91	176.25	7.5	
91	176.25	7.5	
91	176.25	7.5	
91	243.75	0	
91	256.25	0	
91	267.5	0	
91	272.5	0	
91	278.75	0	
91	287.5	2.5	
91	292.5	2.5	
91	295	2.5	
91	297.5	2.5	
91	298.75	2.5	
91	298.75	2.5	
91	298.75	2.5	
91	298.75	2.5	
91	298.75	2.5	
91	298.75	2.5	
91	298.75	2.5	
91	298.75	2.5	
91	300	2.5	
91	300	2.5	
91	300	2.5	
91	300	2.5	
91	300	2.5	
91	300	2.5	
91	300	2.5	
91	300	2.5	
91	300	2.5	
91	300	2.5	
91	300	2.5	
91	300	2.5	
91	300	2.5	
91	300	2.5	
91	297.5	2.5	
91	297.5	2.5	
91	296.25	2.5	
91	296.25	0	
91	296.25	0	
92	0	0	
92	0	0	
92	0	0	
92	0	0	
92	0	0	
92	0	0	
92	0	0	
92	0	0	
92	0	0	
92	0	0	
92	0	0	
92	0	0	
92	0	0	
92	0	0	
92	0	0	
92	0	0	
92	0	0	
92	0	0	
92	0	0	
92	1.25	1.25	
92	3.75	3.75	
92	6.25	5	
92	13.75	11.25	
92	18.75	15	
92	33.75	23.75	
92	41.25	27.5	
92	50	31.25	
92	68.75	38.75	
92	78.75	42.5	
92	113.75	50	
92	125	53.75	
92	136.25	53.75	
92	150	56.25	
92	175	56.25	
92	200	56.25	
92	213.75	53.75	
92	227.5	53.75	
92	251.25	48.75	
92	273.75	42.5	
92	291.25	35	
92	298.75	30	
92	311.25	22.5	
92	315	18.75	
92	318.75	16.25	
92	325	11.25	
92	326.25	8.75	
92	327.5	8.75	
92	328.75	8.75	
92	328.75	8.75	
92	330	7.5	
92	330	7.5	
92	330	7.5	
92	330	7.5	
92	330	7.5	
92	331.25	5	
92	331.25	5	
92	332.5	5	
92	336.25	3.75	
92	337.5	1.25	
92	343.75	1.25	
92	345	1.25	
92	347.5	1.25	
92	347.5	1.25	
92	348.75	1.25	
92	348.75	1.25	
92	348.75	1.25	
92	348.75	1.25	
92	348.75	1.25	
92	348.75	1.25	
92	348.75	1.25	
92	348.75	1.25	
92	348.75	1.25	
92	348.75	1.25	
92	348.75	1.25	
93	0	0	
93	0	0	
93	0	0	
93	0	0	
93	0	0	
93	0	0	
93	0	0	
93	0	0	
93	0	0	
93	0	0	
93	0	0	
93	0	0	
93	0	0	
93	0	0	
93	0	0	
93	0	0	
93	0	0	
93	0	0	
93	0	0	
93	0	0	
93	0	0	
93	0	0	
93	0	0	
93	0	0	
93	0	0	
93	0	1.25	
93	3.75	3.75	
93	7.5	5	
93	17.5	8.75	
93	28.75	12.5	
93	35	15	
93	50	20	
93	58.75	22.5	
93	66.25	23.75	
93	95	31.25	
93	103.75	33.75	
93	123.75	37.5	
93	135	38.75	
93	155	38.75	
93	177.5	38.75	
93	187.5	38.75	
93	210	35	
93	220	35	
93	231.25	31.25	
93	253.75	27.5	
93	265	23.75	
93	283.75	20	
93	292.5	16.25	
93	298.75	15	
93	316.25	8.75	
93	320	7.5	
93	326.25	5	
93	328.75	3.75	
93	332.5	1.25	
93	332.5	1.25	
93	332.5	1.25	
93	332.5	1.25	
93	332.5	1.25	
93	332.5	1.25	
93	332.5	1.25	
93	332.5	1.25	
93	332.5	1.25	
93	332.5	1.25	
93	332.5	1.25	
93	332.5	1.25	
93	332.5	1.25	
93	332.5	1.25	
93	332.5	1.25	
93	332.5	1.25	
93	332.5	1.25	
93	332.5	1.25	
93	332.5	1.25	
93	332.5	1.25	
93	332.5	1.25	
94	0	0	
94	0	0	
94	0	0	
94	0	0	
94	0	0	
94	0	0	
94	0	0	
94	0	0	
94	0	0	
94	0	0	
94	0	0	
94	0	0	
94	0	0	
94	0	0	
94	0	0	
94	0	0	
94	0	0	
94	0	0	
94	0	0	
94	0	0	
94	0	0	
94	0	0	
94	0	0	
94	0	0	
94	0	0	
94	0	0	
94	0	0	
94	1.25	2.5	
94	7.5	7.5	
94	18.75	13.75	
94	36.25	22.5	
94	46.25	26.25	
94	46.25	26.25	
94	61.25	30	
94	108.75	43.75	
94	123.75	47.5	
94	156.25	48.75	
94	156.25	48.75	
94	173.75	48.75	
94	212.5	45	
94	242.5	37.5	
94	256.25	32.5	
94	267.5	28.75	
94	287.5	21.25	
94	302.5	15	
94	308.75	13.75	
94	320	11.25	
94	327.5	11.25	
94	331.25	11.25	
94	335	11.25	
94	338.75	11.25	
94	340	11.25	
94	342.5	11.25	
94	347.5	11.25	
94	347.5	11.25	
94	347.5	11.25	
94	347.5	11.25	
94	347.5	11.25	
94	347.5	11.25	
94	347.5	11.25	
94	347.5	11.25	
94	347.5	11.25	
94	347.5	11.25	
94	347.5	11.25	
94	347.5	11.25	
94	347.5	11.25	
94	347.5	11.25	
94	347.5	11.25	
94	347.5	11.25	
94	347.5	11.25	
94	347.5	11.25	
94	347.5	11.25	
94	347.5	11.25	
94	347.5	11.25	
95	0	0	
95	0	0	
95	0	0	
95	0	0	
95	0	0	
95	0	0	
95	0	0	
95	0	0	
95	0	0	
95	0	0	
95	0	0	
95	0	0	
95	0	0	
95	0	0	
95	0	0	
95	0	0	
95	0	0	
95	0	0	
95	0	0	
95	0	0	
95	0	0	
95	0	0	
95	0	0	
95	0	0	
95	0	0	
95	0	0	
95	0	2.5	
95	1.25	3.75	
95	2.5	3.75	
95	3.75	6.25	
95	6.25	7.5	
95	7.5	7.5	
95	8.75	7.5	
95	11.25	10	
95	15	11.25	
95	17.5	13.75	
95	26.25	15	
95	38.75	18.75	
95	47.5	22.5	
95	67.5	26.25	
95	91.25	30	
95	103.75	32.5	
95	117.5	33.75	
95	145	33.75	
95	172.5	33.75	
95	185	33.75	
95	211.25	33.75	
95	235	32.5	
95	246.25	30	
95	267.5	26.25	
95	277.5	26.25	
95	292.5	21.25	
95	300	18.75	
95	306.25	15	
95	322.5	7.5	
95	326.25	3.75	
95	335	-1.25	
95	337.5	-5	
95	340	-7.5	
95	345	-11.25	
95	346.25	-12.5	
95	346.25	-15	
95	347.5	-15	
95	347.5	-15	
95	347.5	-15	
95	347.5	-15	
95	347.5	-15	
95	347.5	-15	
95	347.5	-15	
95	347.5	-15	
95	347.5	-15	
95	347.5	-15	
95	347.5	-15	
95	347.5	-15	
96	0	0	
96	0	0	
96	0	0	
96	0	0	
96	0	0	
96	0	0	
96	0	0	
96	0	0	
96	0	0	
96	0	0	
96	0	0	
96	0	0	
96	0	0	
96	0	0	
96	0	0	
96	0	0	
96	2.5	3.75	
96	5	3.75	
96	12.5	7.5	
96	23.75	11.25	
96	36.25	15	
96	45	18.75	
96	55	22.5	
96	65	25	
96	97.5	30	
96	108.75	33.75	
96	132.5	36.25	
96	146.25	36.25	
96	170	36.25	
96	195	33.75	
96	218.75	30	
96	231.25	28.75	
96	242.5	26.25	
96	253.75	22.5	
96	287.5	15	
96	297.5	11.25	
96	316.25	6.25	
96	325	3.75	
96	340	0	
96	345	-1.25	
96	345	-1.25	
96	345	-1.25	
96	345	-1.25	
96	345	-1.25	
96	345	-1.25	
96	345	-1.25	
96	345	-1.25	
96	345	-1.25	
96	345	-1.25	
96	345	-1.25	
96	345	-1.25	
96	345	-1.25	
96	345	-1.25	
96	345	-1.25	
96	345	-1.25	
96	345	-1.25	
96	345	-1.25	
96	345	-1.25	
96	345	-1.25	
96	345	-1.25	
96	345	-1.25	
96	345	-1.25	
96	345	-1.25	
96	345	-1.25	
96	345	-1.25	
96	345	-1.25	
96	345	-1.25	
96	345	-1.25	
96	345	-1.25	
96	345	-1.25	
96	345	-1.25	
96	345	-1.25	
96	345	-1.25	
96	345	-1.25	
