167
176
19
50
216
59
23
15
120
68
188
47
89
213
70
83
14
232
162
51
43
87
85
225
110
71
260
144
158
75
106
103
116
191
261
115
178
184
52
155
206
238
166
88
145
171
146
264
24
45
263
1
90
180
124
92
242
32
179
112
175
13
122
126
159
121
183
246
190
31
67
201
25
100
57
139
111
204
29
222
130
211
256
244
247
220
27
149
125
134
252
11
128
81
168
259
174
147
193
107
223
109
258
250
44
189
197
12
46
58
135
42
131
196
151
249
214
241
234
181
198
41
248
108
160
251
95
219
123
113
143
231
94
142
36
56
218
61
227
22
226
76
93
212
35
132
17
3
8
156
97
104
65
245
237
165
209
187
21
101
26
173
49
33
240
63
154
136
84
18
255
150
236
152
195
129
73
169
243
54
9
185
38
20
40
119
74
262
28
235
210
170
192
186
200
60
202
7
221
5
148
69
153
205
16
182
177
229
133
102
37
53
233
91
199
224
55
239
228
117
161
99
80
203
96
217
39
257
10
78
164
98
66
172
141
79
253
48
194
34
86
208
137
163
215
118
30
114
138
64
6
82
127
4
140
62
2
77
254
230
157
105
207
72
