245
183
54
220
65
255
127
192
161
226
247
84
110
124
256
137
263
25
191
70
47
69
26
210
181
9
197
159
250
92
154
252
168
233
264
80
202
2
4
166
134
113
50
234
174
83
107
185
182
93
143
62
129
58
53
108
169
149
203
236
7
118
201
206
126
76
170
142
82
131
106
23
102
243
21
167
232
94
78
117
34
115
239
221
173
254
228
104
85
141
175
246
32
109
186
112
22
61
95
91
13
215
158
172
253
37
121
135
119
136
196
165
90
211
212
114
152
66
49
244
187
248
208
133
160
29
87
147
33
188
155
24
86
144
100
15
217
27
28
111
105
74
96
198
88
200
77
179
72
48
238
31
138
97
19
190
3
225
16
60
64
18
242
146
258
103
222
204
156
38
235
89
150
162
145
219
44
184
36
189
176
75
45
227
262
125
98
116
20
11
12
17
178
1
56
199
237
10
41
79
153
42
67
260
73
46
164
241
139
180
130
177
6
63
205
68
52
209
157
207
59
257
101
128
151
214
223
213
71
229
123
193
55
171
216
5
40
251
14
249
240
218
261
8
43
99
39
57
120
231
195
51
259
140
148
224
230
194
132
35
122
163
30
81
