Trial	X	Y
1	0	0	
1	0	0	
1	0	0	
1	0	0	
1	0	0	
1	0	0	
1	0	0	
1	0	0	
1	0	0	
1	0	0	
1	0	0	
1	0	0	
1	0	0	
1	0	0	
1	0	0	
1	0	0	
1	0	0	
1	0	0	
1	0	0	
1	0	0	
1	0	0	
1	0	0	
1	0	0	
1	0	0	
1	0	0	
1	0	0	
1	0	0	
1	0	0	
1	0	0	
1	0	0	
1	0	0	
1	0	0	
1	0	0	
1	0	0	
1	0	0	
1	0	0	
1	0	0	
1	0	0	
1	0	0	
1	16.25	-7.5	
1	20	-7.5	
1	28.75	-7.5	
1	33.75	-7.5	
1	41.25	-7.5	
1	61.25	-7.5	
1	70	-7.5	
1	77.5	-7.5	
1	93.75	-7.5	
1	101.25	-7.5	
1	130	-5	
1	140	-3.75	
1	157.5	-3.75	
1	165	-3.75	
1	172.5	-1.25	
1	196.25	0	
1	203.75	0	
1	208.75	0	
1	218.75	2.5	
1	222.5	3.75	
1	228.75	3.75	
1	233.75	3.75	
1	235	3.75	
1	236.25	3.75	
1	237.5	3.75	
1	237.5	3.75	
1	237.5	3.75	
1	237.5	3.75	
1	237.5	3.75	
1	237.5	3.75	
1	238.75	3.75	
1	240	3.75	
1	243.75	3.75	
1	243.75	3.75	
1	245	3.75	
2	0	0	
2	0	0	
2	0	0	
2	0	0	
2	0	0	
2	0	0	
2	0	0	
2	0	0	
2	0	0	
2	0	0	
2	0	0	
2	0	0	
2	0	0	
2	0	0	
2	0	0	
2	0	0	
2	0	0	
2	0	0	
2	0	0	
2	0	0	
2	0	0	
2	0	0	
2	0	0	
2	0	0	
2	0	0	
2	0	0	
2	0	0	
2	0	0	
2	0	0	
2	0	0	
2	0	0	
2	0	0	
2	0	0	
2	0	0	
2	0	0	
2	0	0	
2	0	0	
2	0	0	
2	0	0	
2	0	0	
2	0	0	
2	0	0	
2	0	0	
2	0	0	
2	0	0	
2	0	0	
2	0	0	
2	0	0	
2	0	0	
2	0	0	
2	0	0	
2	0	0	
2	0	0	
2	0	0	
2	0	0	
2	0	0	
2	0	0	
2	0	0	
2	0	0	
2	0	0	
2	0	0	
2	0	0	
2	0	0	
2	0	0	
2	0	0	
2	0	0	
2	0	0	
2	0	0	
2	0	0	
2	0	0	
2	0	0	
2	0	0	
2	0	0	
2	0	0	
3	0	0	
3	0	0	
3	0	0	
3	0	0	
3	0	0	
3	0	0	
3	0	0	
3	0	0	
3	0	0	
3	0	0	
3	0	0	
3	0	0	
3	0	0	
3	0	0	
3	0	0	
3	0	0	
3	0	0	
3	0	0	
3	1.25	0	
3	15	2.5	
3	22.5	3.75	
3	31.25	3.75	
3	42.5	6.25	
3	55	7.5	
3	95	15	
3	110	18.75	
3	126.25	22.5	
3	146.25	26.25	
3	166.25	30	
3	222.5	38.75	
3	240	41.25	
3	276.25	46.25	
3	292.5	46.25	
3	310	50	
3	341.25	52.5	
3	341.25	52.5	
3	341.25	52.5	
3	341.25	52.5	
3	341.25	52.5	
3	341.25	52.5	
3	341.25	52.5	
3	341.25	52.5	
3	341.25	52.5	
3	341.25	52.5	
3	341.25	52.5	
3	341.25	52.5	
3	341.25	52.5	
3	341.25	52.5	
3	341.25	52.5	
3	341.25	52.5	
3	341.25	52.5	
3	341.25	52.5	
3	341.25	52.5	
3	341.25	52.5	
3	341.25	52.5	
3	341.25	52.5	
3	341.25	52.5	
3	341.25	52.5	
3	341.25	52.5	
3	341.25	52.5	
3	341.25	52.5	
3	341.25	52.5	
3	341.25	52.5	
3	341.25	52.5	
3	341.25	52.5	
3	341.25	52.5	
3	341.25	52.5	
3	341.25	52.5	
3	341.25	52.5	
3	341.25	52.5	
3	341.25	52.5	
3	341.25	52.5	
3	341.25	52.5	
3	341.25	52.5	
4	0	0	
4	0	0	
4	0	0	
4	0	0	
4	0	0	
4	0	0	
4	0	0	
4	0	0	
4	0	0	
4	0	0	
4	0	0	
4	0	0	
4	0	0	
4	0	0	
4	0	0	
4	0	0	
4	0	0	
4	0	0	
4	0	0	
4	0	0	
4	0	0	
4	0	0	
4	0	0	
4	0	0	
4	0	0	
4	0	0	
4	0	0	
4	0	0	
4	0	0	
4	0	0	
4	0	0	
4	0	0	
4	1.25	0	
4	3.75	1.25	
4	7.5	1.25	
4	10	1.25	
4	12.5	1.25	
4	15	1.25	
4	17.5	1.25	
4	28.75	1.25	
4	32.5	1.25	
4	42.5	1.25	
4	48.75	1.25	
4	55	3.75	
4	77.5	3.75	
4	85	3.75	
4	93.75	3.75	
4	112.5	5	
4	122.5	5	
4	153.75	3.75	
4	166.25	5	
4	192.5	5	
4	206.25	5	
4	218.75	5	
4	253.75	3.75	
4	265	1.25	
4	276.25	1.25	
4	297.5	1.25	
4	307.5	1.25	
4	331.25	-2.5	
4	337.5	-2.5	
4	348.75	-3.75	
4	348.75	-3.75	
4	348.75	-3.75	
4	348.75	-3.75	
4	348.75	-3.75	
4	348.75	-3.75	
4	348.75	-3.75	
4	348.75	-3.75	
4	348.75	-3.75	
4	348.75	-3.75	
4	348.75	-3.75	
4	348.75	-3.75	
4	348.75	-3.75	
5	0	0	
5	0	0	
5	0	0	
5	0	0	
5	0	0	
5	0	0	
5	0	0	
5	0	0	
5	0	0	
5	0	0	
5	0	0	
5	0	0	
5	0	0	
5	0	0	
5	0	0	
5	0	0	
5	0	0	
5	0	0	
5	0	0	
5	0	0	
5	1.25	0	
5	3.75	0	
5	7.5	0	
5	18.75	2.5	
5	35	3.75	
5	45	6.25	
5	67.5	7.5	
5	82.5	7.5	
5	82.5	7.5	
5	140	6.25	
5	176.25	3.75	
5	195	3.75	
5	213.75	3.75	
5	230	3.75	
5	277.5	0	
5	292.5	0	
5	320	0	
5	333.75	0	
5	346.25	-1.25	
5	346.25	-1.25	
5	346.25	-1.25	
5	346.25	-1.25	
5	346.25	-1.25	
5	346.25	-1.25	
5	346.25	-1.25	
5	346.25	-1.25	
5	346.25	-1.25	
5	346.25	-1.25	
5	346.25	-1.25	
5	346.25	-1.25	
5	346.25	-1.25	
5	346.25	-1.25	
5	346.25	-1.25	
5	346.25	-1.25	
5	346.25	-1.25	
5	346.25	-1.25	
5	346.25	-1.25	
5	346.25	-1.25	
5	346.25	-1.25	
5	346.25	-1.25	
5	346.25	-1.25	
5	346.25	-1.25	
5	346.25	-1.25	
5	346.25	-1.25	
5	346.25	-1.25	
5	346.25	-1.25	
5	346.25	-1.25	
5	346.25	-1.25	
5	346.25	-1.25	
5	346.25	-1.25	
5	346.25	-1.25	
5	346.25	-1.25	
5	346.25	-1.25	
5	346.25	-1.25	
6	0	0	
6	0	0	
6	0	0	
6	0	0	
6	0	0	
6	0	0	
6	0	0	
6	0	0	
6	0	0	
6	0	0	
6	0	0	
6	0	0	
6	0	0	
6	0	0	
6	0	0	
6	0	0	
6	0	0	
6	0	0	
6	0	0	
6	0	0	
6	0	0	
6	0	0	
6	0	0	
6	0	0	
6	0	0	
6	2.5	0	
6	6.25	2.5	
6	11.25	3.75	
6	26.25	3.75	
6	47.5	7.5	
6	77.5	11.25	
6	96.25	15	
6	116.25	17.5	
6	157.5	22.5	
6	200	26.25	
6	220	26.25	
6	258.75	30	
6	277.5	30	
6	293.75	30	
6	338.75	32.5	
6	338.75	32.5	
6	338.75	32.5	
6	338.75	32.5	
6	338.75	32.5	
6	338.75	32.5	
6	338.75	32.5	
6	338.75	32.5	
6	338.75	32.5	
6	338.75	32.5	
6	338.75	32.5	
6	338.75	32.5	
6	338.75	32.5	
6	338.75	32.5	
6	338.75	32.5	
6	338.75	32.5	
6	338.75	32.5	
6	338.75	32.5	
6	338.75	32.5	
6	338.75	32.5	
6	338.75	32.5	
6	338.75	32.5	
6	338.75	32.5	
6	338.75	32.5	
6	338.75	32.5	
6	338.75	32.5	
6	338.75	32.5	
6	338.75	32.5	
6	338.75	32.5	
6	338.75	32.5	
6	338.75	32.5	
6	338.75	32.5	
6	338.75	32.5	
6	338.75	32.5	
6	338.75	32.5	
7	0	0	
7	0	0	
7	0	0	
7	0	0	
7	0	0	
7	0	0	
7	0	0	
7	0	0	
7	0	0	
7	0	0	
7	0	0	
7	0	0	
7	0	0	
7	0	0	
7	0	0	
7	0	0	
7	0	0	
7	0	0	
7	0	0	
7	1.25	0	
7	6.25	0	
7	13.75	2.5	
7	20	3.75	
7	27.5	3.75	
7	55	2.5	
7	67.5	2.5	
7	81.25	2.5	
7	102.5	3.75	
7	122.5	3.75	
7	163.75	3.75	
7	206.25	3.75	
7	247.5	3.75	
7	266.25	3.75	
7	283.75	3.75	
7	332.5	3.75	
7	346.25	3.75	
7	346.25	3.75	
7	346.25	3.75	
7	346.25	3.75	
7	346.25	3.75	
7	346.25	3.75	
7	346.25	3.75	
7	346.25	3.75	
7	346.25	3.75	
7	346.25	3.75	
7	346.25	3.75	
7	346.25	3.75	
7	346.25	3.75	
7	346.25	3.75	
7	346.25	3.75	
7	346.25	3.75	
7	346.25	3.75	
7	346.25	3.75	
7	346.25	3.75	
7	346.25	3.75	
7	346.25	3.75	
7	346.25	3.75	
7	346.25	3.75	
7	346.25	3.75	
7	346.25	3.75	
7	346.25	3.75	
7	346.25	3.75	
7	346.25	3.75	
7	346.25	3.75	
7	346.25	3.75	
7	346.25	3.75	
7	346.25	3.75	
7	346.25	3.75	
7	346.25	3.75	
7	346.25	3.75	
7	346.25	3.75	
7	346.25	3.75	
7	346.25	3.75	
7	346.25	3.75	
8	0	0	
8	0	0	
8	0	0	
8	0	0	
8	0	0	
8	0	0	
8	0	0	
8	0	0	
8	0	0	
8	0	0	
8	0	0	
8	0	0	
8	0	0	
8	0	0	
8	0	0	
8	0	0	
8	0	0	
8	0	0	
8	0	0	
8	0	0	
8	1.25	0	
8	2.5	0	
8	5	-1.25	
8	10	-1.25	
8	26.25	-3.75	
8	37.5	-3.75	
8	48.75	-5	
8	75	-7.5	
8	91.25	-7.5	
8	125	-11.25	
8	163.75	-12.5	
8	202.5	-16.25	
8	221.25	-18.75	
8	221.25	-18.75	
8	252.5	-22.5	
8	303.75	-26.25	
8	326.25	-27.5	
8	345	-30	
8	345	-30	
8	345	-30	
8	345	-30	
8	345	-30	
8	345	-30	
8	345	-30	
8	345	-30	
8	345	-30	
8	345	-30	
8	345	-30	
8	345	-30	
8	345	-30	
8	345	-30	
8	345	-30	
8	345	-30	
8	345	-30	
8	345	-30	
8	345	-30	
8	345	-30	
8	345	-30	
8	345	-30	
8	345	-30	
8	345	-30	
8	345	-30	
8	345	-30	
8	345	-30	
8	345	-30	
8	345	-30	
8	345	-30	
8	345	-30	
8	345	-30	
8	345	-30	
8	345	-30	
8	345	-30	
8	345	-30	
8	345	-30	
9	0	0	
9	0	0	
9	0	0	
9	0	0	
9	0	0	
9	0	0	
9	0	0	
9	0	0	
9	0	0	
9	0	0	
9	0	0	
9	0	0	
9	0	0	
9	0	0	
9	0	0	
9	0	0	
9	0	0	
9	0	0	
9	0	0	
9	0	0	
9	0	0	
9	0	0	
9	0	0	
9	0	0	
9	0	0	
9	0	0	
9	0	0	
9	0	0	
9	0	0	
9	8.75	0	
9	18.75	0	
9	26.25	0	
9	35	2.5	
9	43.75	2.5	
9	81.25	0	
9	96.25	-1.25	
9	112.5	-3.75	
9	142.5	-7.5	
9	158.75	-7.5	
9	208.75	-8.75	
9	225	-8.75	
9	256.25	-11.25	
9	270	-11.25	
9	285	-11.25	
9	322.5	-15	
9	333.75	-15	
9	343.75	-16.25	
9	343.75	-16.25	
9	343.75	-16.25	
9	343.75	-16.25	
9	343.75	-16.25	
9	343.75	-16.25	
9	343.75	-16.25	
9	343.75	-16.25	
9	343.75	-16.25	
9	343.75	-16.25	
9	343.75	-16.25	
9	343.75	-16.25	
9	343.75	-16.25	
9	343.75	-16.25	
9	343.75	-16.25	
9	343.75	-16.25	
9	343.75	-16.25	
9	343.75	-16.25	
9	343.75	-16.25	
9	343.75	-16.25	
9	343.75	-16.25	
9	343.75	-16.25	
9	343.75	-16.25	
9	343.75	-16.25	
9	343.75	-16.25	
9	343.75	-16.25	
9	343.75	-16.25	
9	343.75	-16.25	
10	0	0	
10	0	0	
10	0	0	
10	0	0	
10	0	0	
10	0	0	
10	0	0	
10	0	0	
10	0	0	
10	0	0	
10	0	0	
10	0	0	
10	0	0	
10	0	0	
10	0	0	
10	0	0	
10	0	0	
10	0	0	
10	0	0	
10	1.25	0	
10	1.25	0	
10	1.25	0	
10	1.25	1.25	
10	1.25	1.25	
10	1.25	1.25	
10	2.5	1.25	
10	5	1.25	
10	7.5	1.25	
10	11.25	1.25	
10	41.25	1.25	
10	55	1.25	
10	70	1.25	
10	86.25	0	
10	103.75	-2.5	
10	141.25	-2.5	
10	168.75	-2.5	
10	193.75	0	
10	193.75	0	
10	230	-2.5	
10	312.5	-2.5	
10	333.75	-2.5	
10	333.75	-2.5	
10	333.75	-2.5	
10	333.75	-2.5	
10	333.75	-2.5	
10	333.75	-2.5	
10	333.75	-2.5	
10	333.75	-2.5	
10	333.75	-2.5	
10	333.75	-2.5	
10	333.75	-2.5	
10	333.75	-2.5	
10	333.75	-2.5	
10	333.75	-2.5	
10	333.75	-2.5	
10	333.75	-2.5	
10	333.75	-2.5	
10	333.75	-2.5	
10	333.75	-2.5	
10	333.75	-2.5	
10	333.75	-2.5	
10	333.75	-2.5	
10	333.75	-2.5	
10	333.75	-2.5	
10	333.75	-2.5	
10	333.75	-2.5	
10	333.75	-2.5	
10	333.75	-2.5	
10	333.75	-2.5	
10	333.75	-2.5	
10	333.75	-2.5	
10	333.75	-2.5	
10	333.75	-2.5	
10	333.75	-2.5	
11	0	0	
11	0	0	
11	0	0	
11	0	0	
11	0	0	
11	0	0	
11	0	0	
11	0	0	
11	0	0	
11	0	0	
11	0	0	
11	0	0	
11	0	0	
11	0	0	
11	0	0	
11	0	0	
11	0	0	
11	0	0	
11	0	0	
11	6.25	0	
11	10	0	
11	15	0	
11	30	0	
11	38.75	0	
11	61.25	0	
11	90	0	
11	106.25	0	
11	123.75	0	
11	158.75	0	
11	217.5	-1.25	
11	236.25	-1.25	
11	253.75	-1.25	
11	288.75	-3.75	
11	305	-3.75	
11	335	-3.75	
11	335	-3.75	
11	335	-3.75	
11	335	-3.75	
11	335	-3.75	
11	335	-3.75	
11	335	-3.75	
11	335	-3.75	
11	335	-3.75	
11	335	-3.75	
11	335	-3.75	
11	335	-3.75	
11	335	-3.75	
11	335	-3.75	
11	335	-3.75	
11	335	-3.75	
11	335	-3.75	
11	335	-3.75	
11	335	-3.75	
11	335	-3.75	
11	335	-3.75	
11	335	-3.75	
11	335	-3.75	
11	335	-3.75	
11	335	-3.75	
11	335	-3.75	
11	335	-3.75	
11	335	-3.75	
11	335	-3.75	
11	335	-3.75	
11	335	-3.75	
11	335	-3.75	
11	335	-3.75	
11	335	-3.75	
11	335	-3.75	
11	335	-3.75	
11	335	-3.75	
11	335	-3.75	
11	335	-3.75	
11	335	-3.75	
12	0	0	
12	0	0	
12	0	0	
12	0	0	
12	0	0	
12	0	0	
12	0	0	
12	0	0	
12	0	0	
12	0	0	
12	0	0	
12	0	0	
12	0	0	
12	0	0	
12	0	0	
12	0	0	
12	0	0	
12	0	0	
12	0	0	
12	1.25	0	
12	2.5	0	
12	7.5	0	
12	11.25	0	
12	17.5	0	
12	40	1.25	
12	50	1.25	
12	61.25	1.25	
12	73.75	1.25	
12	101.25	1.25	
12	141.25	1.25	
12	160	1.25	
12	180	1.25	
12	216.25	0	
12	233.75	0	
12	281.25	-2.5	
12	296.25	-2.5	
12	310	-2.5	
12	323.75	-2.5	
12	346.25	-3.75	
12	346.25	-3.75	
12	346.25	-3.75	
12	346.25	-3.75	
12	346.25	-3.75	
12	346.25	-3.75	
12	346.25	-3.75	
12	346.25	-3.75	
12	346.25	-3.75	
12	346.25	-3.75	
12	346.25	-3.75	
12	346.25	-3.75	
12	346.25	-3.75	
12	346.25	-3.75	
12	346.25	-3.75	
12	346.25	-3.75	
12	346.25	-3.75	
12	346.25	-3.75	
12	346.25	-3.75	
12	346.25	-3.75	
12	346.25	-3.75	
12	346.25	-3.75	
12	346.25	-3.75	
12	346.25	-3.75	
12	346.25	-3.75	
12	346.25	-3.75	
12	346.25	-3.75	
12	346.25	-3.75	
12	346.25	-3.75	
12	346.25	-3.75	
12	346.25	-3.75	
12	346.25	-3.75	
12	346.25	-3.75	
12	346.25	-3.75	
12	346.25	-3.75	
12	346.25	-3.75	
13	0	0	
13	0	0	
13	0	0	
13	0	0	
13	0	0	
13	0	0	
13	0	0	
13	0	0	
13	0	0	
13	0	0	
13	0	0	
13	0	0	
13	0	0	
13	0	0	
13	0	0	
13	0	0	
13	0	0	
13	0	0	
13	0	0	
13	0	0	
13	0	0	
13	0	0	
13	0	0	
13	0	0	
13	0	0	
13	1.25	0	
13	1.25	0	
13	3.75	0	
13	7.5	0	
13	36.25	0	
13	45	-1.25	
13	57.5	-3.75	
13	71.25	-5	
13	87.5	-7.5	
13	87.5	-7.5	
13	87.5	-7.5	
13	121.25	-7.5	
13	153.75	-3.75	
13	181.25	-3.75	
13	228.75	-5	
13	251.25	-5	
13	288.75	-7.5	
13	306.25	-8.75	
13	321.25	-11.25	
13	335	-11.25	
13	335	-11.25	
13	335	-11.25	
13	335	-11.25	
13	335	-11.25	
13	335	-11.25	
13	335	-11.25	
13	335	-11.25	
13	335	-11.25	
13	335	-11.25	
13	335	-11.25	
13	335	-11.25	
13	335	-11.25	
13	335	-11.25	
13	335	-11.25	
13	335	-11.25	
13	335	-11.25	
13	335	-11.25	
13	335	-11.25	
13	335	-11.25	
13	335	-11.25	
13	335	-11.25	
13	335	-11.25	
13	335	-11.25	
13	335	-11.25	
13	335	-11.25	
13	335	-11.25	
13	335	-11.25	
13	335	-11.25	
13	335	-11.25	
14	0	0	
14	0	0	
14	0	0	
14	0	0	
14	0	0	
14	0	0	
14	0	0	
14	0	0	
14	0	0	
14	0	0	
14	0	0	
14	0	0	
14	0	0	
14	0	0	
14	0	0	
14	0	0	
14	0	0	
14	0	0	
14	0	0	
14	0	0	
14	0	0	
14	0	0	
14	0	0	
14	1.25	0	
14	7.5	0	
14	11.25	0	
14	16.25	2.5	
14	23.75	2.5	
14	40	3.75	
14	71.25	2.5	
14	85	2.5	
14	112.5	0	
14	127.5	0	
14	143.75	0	
14	192.5	0	
14	208.75	-1.25	
14	225	-1.25	
14	241.25	-1.25	
14	273.75	-3.75	
14	316.25	-5	
14	328.75	-7.5	
14	340	-7.5	
14	340	-7.5	
14	340	-7.5	
14	340	-7.5	
14	340	-7.5	
14	340	-7.5	
14	340	-7.5	
14	340	-7.5	
14	340	-7.5	
14	340	-7.5	
14	340	-7.5	
14	340	-7.5	
14	340	-7.5	
14	340	-7.5	
14	340	-7.5	
14	340	-7.5	
14	340	-7.5	
14	340	-7.5	
14	340	-7.5	
14	340	-7.5	
14	340	-7.5	
14	340	-7.5	
14	340	-7.5	
14	340	-7.5	
14	340	-7.5	
14	340	-7.5	
14	340	-7.5	
14	340	-7.5	
14	340	-7.5	
14	340	-7.5	
14	340	-7.5	
14	340	-7.5	
14	340	-7.5	
15	0	0	
15	0	0	
15	0	0	
15	0	0	
15	0	0	
15	0	0	
15	0	0	
15	0	0	
15	0	0	
15	0	0	
15	0	0	
15	0	0	
15	0	0	
15	0	0	
15	0	0	
15	0	0	
15	0	0	
15	0	0	
15	1.25	2.5	
15	7.5	3.75	
15	7.5	3.75	
15	7.5	3.75	
15	7.5	3.75	
15	7.5	3.75	
15	7.5	3.75	
15	7.5	3.75	
15	7.5	3.75	
15	7.5	3.75	
15	7.5	3.75	
15	7.5	3.75	
15	7.5	3.75	
15	7.5	3.75	
15	7.5	3.75	
15	7.5	3.75	
15	7.5	3.75	
15	7.5	3.75	
15	7.5	3.75	
15	7.5	3.75	
15	7.5	3.75	
15	7.5	3.75	
15	7.5	3.75	
15	7.5	3.75	
15	7.5	3.75	
15	7.5	3.75	
15	7.5	3.75	
15	7.5	3.75	
15	7.5	3.75	
15	7.5	3.75	
15	7.5	3.75	
15	7.5	3.75	
15	7.5	3.75	
15	7.5	3.75	
15	7.5	3.75	
15	7.5	3.75	
15	7.5	3.75	
15	7.5	3.75	
15	7.5	3.75	
15	7.5	3.75	
15	7.5	3.75	
15	7.5	3.75	
15	7.5	3.75	
15	7.5	3.75	
15	7.5	3.75	
15	7.5	3.75	
15	7.5	3.75	
15	7.5	3.75	
15	7.5	3.75	
15	7.5	3.75	
15	7.5	3.75	
15	7.5	3.75	
15	7.5	3.75	
15	7.5	3.75	
15	7.5	3.75	
15	7.5	3.75	
16	0	0	
16	0	0	
16	0	0	
16	0	0	
16	0	0	
16	0	0	
16	0	0	
16	0	0	
16	0	0	
16	0	0	
16	0	0	
16	0	0	
16	0	0	
16	0	0	
16	0	0	
16	0	0	
16	0	0	
16	0	0	
16	0	0	
16	0	0	
16	0	0	
16	0	0	
16	0	0	
16	0	0	
16	0	0	
16	0	0	
16	0	0	
16	0	0	
16	0	0	
16	0	0	
16	0	0	
16	0	0	
16	0	0	
16	0	0	
16	2.5	0	
16	3.75	0	
16	11.25	0	
16	15	0	
16	22.5	0	
16	32.5	1.25	
16	45	1.25	
16	58.75	1.25	
16	78.75	1.25	
16	98.75	1.25	
16	155	3.75	
16	172.5	3.75	
16	190	3.75	
16	207.5	3.75	
16	241.25	5	
16	273.75	5	
16	291.25	5	
16	320	3.75	
16	333.75	3.75	
16	343.75	1.25	
16	343.75	1.25	
16	343.75	1.25	
16	343.75	1.25	
16	343.75	1.25	
16	343.75	1.25	
16	343.75	1.25	
16	343.75	1.25	
16	343.75	1.25	
16	343.75	1.25	
16	343.75	1.25	
16	343.75	1.25	
16	343.75	1.25	
16	343.75	1.25	
16	343.75	1.25	
16	343.75	1.25	
16	343.75	1.25	
16	343.75	1.25	
16	343.75	1.25	
16	343.75	1.25	
16	343.75	1.25	
17	0	0	
17	0	0	
17	0	0	
17	0	0	
17	0	0	
17	0	0	
17	0	0	
17	0	0	
17	0	0	
17	0	0	
17	0	0	
17	0	0	
17	0	0	
17	0	0	
17	0	0	
17	0	0	
17	0	0	
17	0	0	
17	0	0	
17	1.25	0	
17	7.5	-2.5	
17	12.5	-2.5	
17	18.75	-2.5	
17	25	-2.5	
17	55	-3.75	
17	66.25	-6.25	
17	93.75	-7.5	
17	107.5	-10	
17	107.5	-10	
17	175	-13.75	
17	196.25	-15	
17	215	-17.5	
17	253.75	-17.5	
17	272.5	-18.75	
17	322.5	-21.25	
17	336.25	-25	
17	348.75	-25	
17	348.75	-25	
17	348.75	-25	
17	348.75	-25	
17	348.75	-25	
17	348.75	-25	
17	348.75	-25	
17	348.75	-25	
17	348.75	-25	
17	348.75	-25	
17	348.75	-25	
17	348.75	-25	
17	348.75	-25	
17	348.75	-25	
17	348.75	-25	
17	348.75	-25	
17	348.75	-25	
17	348.75	-25	
17	348.75	-25	
17	348.75	-25	
17	348.75	-25	
17	348.75	-25	
17	348.75	-25	
17	348.75	-25	
17	348.75	-25	
17	348.75	-25	
17	348.75	-25	
17	348.75	-25	
17	348.75	-25	
17	348.75	-25	
17	348.75	-25	
17	348.75	-25	
17	348.75	-25	
17	348.75	-25	
17	348.75	-25	
17	348.75	-25	
17	348.75	-25	
17	348.75	-25	
18	0	0	
18	0	0	
18	0	0	
18	0	0	
18	0	0	
18	0	0	
18	0	0	
18	0	0	
18	0	0	
18	0	0	
18	0	0	
18	0	0	
18	0	0	
18	0	0	
18	0	0	
18	0	0	
18	0	0	
18	0	0	
18	3.75	0	
18	11.25	-1.25	
18	22.5	-3.75	
18	30	-3.75	
18	38.75	-3.75	
18	48.75	-5	
18	86.25	-7.5	
18	100	-7.5	
18	132.5	-7.5	
18	150	-7.5	
18	185	-7.5	
18	221.25	-7.5	
18	256.25	-8.75	
18	272.5	-11.25	
18	288.75	-11.25	
18	288.75	-11.25	
18	337.5	-11.25	
18	348.75	-12.5	
18	348.75	-12.5	
18	348.75	-12.5	
18	348.75	-12.5	
18	348.75	-12.5	
18	348.75	-12.5	
18	348.75	-12.5	
18	348.75	-12.5	
18	348.75	-12.5	
18	348.75	-12.5	
18	348.75	-12.5	
18	348.75	-12.5	
18	348.75	-12.5	
18	348.75	-12.5	
18	348.75	-12.5	
18	348.75	-12.5	
18	348.75	-12.5	
18	348.75	-12.5	
18	348.75	-12.5	
18	348.75	-12.5	
18	348.75	-12.5	
18	348.75	-12.5	
18	348.75	-12.5	
18	348.75	-12.5	
18	348.75	-12.5	
18	348.75	-12.5	
18	348.75	-12.5	
18	348.75	-12.5	
18	348.75	-12.5	
18	348.75	-12.5	
18	348.75	-12.5	
18	348.75	-12.5	
18	348.75	-12.5	
18	348.75	-12.5	
18	348.75	-12.5	
18	348.75	-12.5	
18	348.75	-12.5	
18	348.75	-12.5	
18	348.75	-12.5	
19	0	0	
19	0	0	
19	0	0	
19	0	0	
19	0	0	
19	0	0	
19	0	0	
19	0	0	
19	0	0	
19	0	0	
19	0	0	
19	0	0	
19	1.25	0	
19	1.25	0	
19	1.25	0	
19	1.25	0	
19	1.25	0	
19	1.25	0	
19	1.25	0	
19	1.25	0	
19	1.25	0	
19	1.25	0	
19	1.25	0	
19	1.25	0	
19	1.25	0	
19	1.25	0	
19	1.25	0	
19	1.25	0	
19	1.25	0	
19	1.25	0	
19	1.25	0	
19	1.25	0	
19	1.25	0	
19	1.25	0	
19	1.25	0	
19	1.25	0	
19	1.25	0	
19	1.25	0	
19	1.25	0	
19	1.25	0	
19	1.25	0	
19	1.25	0	
19	1.25	0	
19	1.25	0	
19	1.25	0	
19	1.25	0	
19	1.25	0	
19	1.25	0	
19	1.25	0	
19	1.25	0	
19	1.25	0	
19	1.25	0	
19	1.25	0	
19	1.25	0	
19	1.25	0	
19	1.25	0	
19	1.25	0	
19	1.25	0	
19	1.25	0	
19	1.25	0	
19	1.25	0	
19	1.25	0	
19	1.25	0	
19	1.25	0	
19	1.25	0	
19	2.5	0	
19	6.25	0	
19	10	0	
19	23.75	3.75	
19	45	3.75	
19	73.75	3.75	
19	90	2.5	
19	108.75	2.5	
19	128.75	2.5	
20	0	0	
20	0	0	
20	0	0	
20	0	0	
20	0	0	
20	0	0	
20	0	0	
20	0	0	
20	0	0	
20	0	0	
20	0	0	
20	0	0	
20	0	0	
20	0	0	
20	0	0	
20	0	0	
20	0	0	
20	0	0	
20	0	0	
20	1.25	0	
20	7.5	0	
20	13.75	0	
20	21.25	2.5	
20	32.5	3.75	
20	70	6.25	
20	85	6.25	
20	118.75	3.75	
20	137.5	2.5	
20	176.25	0	
20	216.25	2.5	
20	253.75	3.75	
20	271.25	3.75	
20	287.5	6.25	
20	302.5	7.5	
20	341.25	10	
20	341.25	10	
20	341.25	10	
20	341.25	10	
20	341.25	10	
20	341.25	10	
20	341.25	10	
20	341.25	10	
20	341.25	10	
20	341.25	10	
20	341.25	10	
20	341.25	10	
20	341.25	10	
20	341.25	10	
20	341.25	10	
20	341.25	10	
20	341.25	10	
20	341.25	10	
20	341.25	10	
20	341.25	10	
20	341.25	10	
20	341.25	10	
20	341.25	10	
20	341.25	10	
20	341.25	10	
20	341.25	10	
20	341.25	10	
20	341.25	10	
20	341.25	10	
20	341.25	10	
20	341.25	10	
20	341.25	10	
20	341.25	10	
20	341.25	10	
20	341.25	10	
20	341.25	10	
20	341.25	10	
20	341.25	10	
20	341.25	10	
20	341.25	10	
21	0	0	
21	0	0	
21	0	0	
21	0	0	
21	0	0	
21	0	0	
21	0	0	
21	0	0	
21	0	0	
21	0	0	
21	0	0	
21	0	0	
21	0	0	
21	0	0	
21	0	0	
21	0	0	
21	0	0	
21	0	0	
21	0	0	
21	0	0	
21	0	0	
21	0	0	
21	0	0	
21	0	0	
21	0	0	
21	0	0	
21	0	0	
21	0	0	
21	1.25	1.25	
21	12.5	0	
21	21.25	0	
21	32.5	0	
21	57.5	0	
21	57.5	0	
21	122.5	-2.5	
21	146.25	-2.5	
21	170	-2.5	
21	217.5	-2.5	
21	240	-2.5	
21	307.5	0	
21	328.75	1.25	
21	348.75	1.25	
21	348.75	1.25	
21	348.75	1.25	
21	348.75	1.25	
21	348.75	1.25	
21	348.75	1.25	
21	348.75	1.25	
21	348.75	1.25	
21	348.75	1.25	
21	348.75	1.25	
21	348.75	1.25	
21	348.75	1.25	
21	348.75	1.25	
21	348.75	1.25	
21	348.75	1.25	
21	348.75	1.25	
21	348.75	1.25	
21	348.75	1.25	
21	348.75	1.25	
21	348.75	1.25	
21	348.75	1.25	
21	348.75	1.25	
21	348.75	1.25	
21	348.75	1.25	
21	348.75	1.25	
21	348.75	1.25	
21	348.75	1.25	
21	348.75	1.25	
21	348.75	1.25	
21	348.75	1.25	
21	348.75	1.25	
21	348.75	1.25	
21	348.75	1.25	
22	0	0	
22	0	0	
22	0	0	
22	0	0	
22	0	0	
22	0	0	
22	0	0	
22	0	0	
22	0	0	
22	0	0	
22	0	0	
22	0	0	
22	0	0	
22	0	0	
22	0	0	
22	0	0	
22	0	0	
22	0	0	
22	0	0	
22	0	0	
22	0	0	
22	0	0	
22	0	0	
22	0	0	
22	0	0	
22	0	0	
22	0	0	
22	2.5	0	
22	5	0	
22	12.5	1.25	
22	27.5	1.25	
22	37.5	1.25	
22	50	1.25	
22	81.25	1.25	
22	117.5	1.25	
22	137.5	0	
22	178.75	-2.5	
22	221.25	-3.75	
22	241.25	-6.25	
22	281.25	-6.25	
22	317.5	-6.25	
22	333.75	-7.5	
22	333.75	-7.5	
22	333.75	-7.5	
22	333.75	-7.5	
22	333.75	-7.5	
22	333.75	-7.5	
22	333.75	-7.5	
22	333.75	-7.5	
22	333.75	-7.5	
22	333.75	-7.5	
22	333.75	-7.5	
22	333.75	-7.5	
22	333.75	-7.5	
22	333.75	-7.5	
22	333.75	-7.5	
22	333.75	-7.5	
22	333.75	-7.5	
22	333.75	-7.5	
22	333.75	-7.5	
22	333.75	-7.5	
22	333.75	-7.5	
22	333.75	-7.5	
22	333.75	-7.5	
22	333.75	-7.5	
22	333.75	-7.5	
22	333.75	-7.5	
22	333.75	-7.5	
22	333.75	-7.5	
22	333.75	-7.5	
22	333.75	-7.5	
22	333.75	-7.5	
22	333.75	-7.5	
22	333.75	-7.5	
23	0	0	
23	0	0	
23	0	0	
23	0	0	
23	0	0	
23	0	0	
23	0	0	
23	0	0	
23	0	0	
23	0	0	
23	0	0	
23	0	0	
23	0	0	
23	0	0	
23	0	0	
23	0	0	
23	0	0	
23	0	0	
23	0	0	
23	7.5	0	
23	20	-1.25	
23	28.75	-1.25	
23	40	-1.25	
23	66.25	-1.25	
23	100	-3.75	
23	118.75	-3.75	
23	162.5	-3.75	
23	212.5	-1.25	
23	238.75	0	
23	286.25	2.5	
23	331.25	2.5	
23	331.25	2.5	
23	331.25	2.5	
23	331.25	2.5	
23	331.25	2.5	
23	331.25	2.5	
23	331.25	2.5	
23	331.25	2.5	
23	331.25	2.5	
23	331.25	2.5	
23	331.25	2.5	
23	331.25	2.5	
23	331.25	2.5	
23	331.25	2.5	
23	331.25	2.5	
23	331.25	2.5	
23	331.25	2.5	
23	331.25	2.5	
23	331.25	2.5	
23	331.25	2.5	
23	331.25	2.5	
23	331.25	2.5	
23	331.25	2.5	
23	331.25	2.5	
23	331.25	2.5	
23	331.25	2.5	
23	331.25	2.5	
23	331.25	2.5	
23	331.25	2.5	
23	331.25	2.5	
23	331.25	2.5	
23	331.25	2.5	
23	331.25	2.5	
23	331.25	2.5	
23	331.25	2.5	
23	331.25	2.5	
23	331.25	2.5	
23	331.25	2.5	
23	331.25	2.5	
23	331.25	2.5	
23	331.25	2.5	
23	331.25	2.5	
23	331.25	2.5	
23	331.25	2.5	
24	0	0	
24	0	0	
24	0	0	
24	0	0	
24	0	0	
24	0	0	
24	0	0	
24	0	0	
24	0	0	
24	0	0	
24	0	0	
24	0	0	
24	0	0	
24	0	0	
24	0	0	
24	0	0	
24	0	0	
24	0	0	
24	0	0	
24	6.25	0	
24	11.25	2.5	
24	17.5	3.75	
24	26.25	3.75	
24	43.75	6.25	
24	70	7.5	
24	70	7.5	
24	111.25	3.75	
24	138.75	3.75	
24	166.25	2.5	
24	191.25	0	
24	191.25	0	
24	191.25	0	
24	191.25	0	
24	191.25	0	
24	191.25	0	
24	191.25	0	
24	191.25	0	
24	191.25	0	
24	191.25	0	
24	191.25	0	
24	191.25	0	
24	191.25	0	
24	191.25	0	
24	191.25	0	
24	191.25	0	
24	191.25	0	
24	191.25	0	
24	191.25	0	
24	191.25	0	
24	191.25	0	
24	191.25	0	
24	191.25	0	
24	191.25	0	
24	191.25	0	
24	191.25	0	
24	191.25	0	
24	191.25	0	
24	191.25	0	
24	191.25	0	
24	191.25	0	
24	191.25	0	
24	191.25	0	
24	191.25	0	
24	191.25	0	
24	191.25	0	
24	191.25	0	
24	191.25	0	
24	191.25	0	
24	191.25	0	
24	191.25	0	
24	191.25	0	
24	191.25	0	
24	191.25	0	
24	191.25	0	
25	0	0	
25	0	0	
25	0	0	
25	0	0	
25	0	0	
25	0	0	
25	0	0	
25	0	0	
25	0	0	
25	0	0	
25	0	0	
25	0	0	
25	0	0	
25	0	0	
25	0	0	
25	0	0	
25	0	0	
25	0	0	
25	0	0	
25	0	0	
25	0	0	
25	0	0	
25	0	0	
25	0	0	
25	0	0	
25	0	0	
25	0	0	
25	0	0	
25	0	0	
25	0	0	
25	0	0	
25	0	0	
25	0	0	
25	0	0	
25	0	0	
25	0	0	
25	0	0	
25	0	0	
25	0	0	
25	0	0	
25	0	0	
25	0	0	
25	0	0	
25	0	0	
25	0	0	
25	0	0	
25	0	0	
25	0	0	
25	0	0	
25	0	0	
25	0	0	
25	0	0	
25	3.75	-1.25	
25	6.25	0	
25	17.5	0	
25	26.25	0	
25	26.25	0	
25	50	0	
25	50	0	
25	82.5	0	
25	82.5	0	
25	162.5	3.75	
25	196.25	3.75	
25	225	3.75	
25	291.25	3.75	
25	306.25	3.75	
25	332.5	2.5	
25	343.75	0	
25	343.75	0	
25	343.75	0	
25	343.75	0	
25	343.75	0	
25	343.75	0	
25	343.75	0	
26	0	0	
26	0	0	
26	0	0	
26	0	0	
26	0	0	
26	0	0	
26	0	0	
26	0	0	
26	0	0	
26	0	0	
26	0	0	
26	0	0	
26	0	0	
26	0	0	
26	0	0	
26	0	0	
26	0	0	
26	0	0	
26	0	0	
26	-1.25	0	
26	-1.25	0	
26	-1.25	0	
26	-1.25	2.5	
26	0	3.75	
26	15	7.5	
26	23.75	7.5	
26	48.75	13.75	
26	63.75	15	
26	81.25	15	
26	147.5	18.75	
26	173.75	18.75	
26	200	21.25	
26	252.5	22.5	
26	278.75	22.5	
26	343.75	22.5	
26	343.75	22.5	
26	343.75	22.5	
26	343.75	22.5	
26	343.75	22.5	
26	343.75	22.5	
26	343.75	22.5	
26	343.75	22.5	
26	343.75	22.5	
26	343.75	22.5	
26	343.75	22.5	
26	343.75	22.5	
26	343.75	22.5	
26	343.75	22.5	
26	343.75	22.5	
26	343.75	22.5	
26	343.75	22.5	
26	343.75	22.5	
26	343.75	22.5	
26	343.75	22.5	
26	343.75	22.5	
26	343.75	22.5	
26	343.75	22.5	
26	343.75	22.5	
26	343.75	22.5	
26	343.75	22.5	
26	343.75	22.5	
26	343.75	22.5	
26	343.75	22.5	
26	343.75	22.5	
26	343.75	22.5	
26	343.75	22.5	
26	343.75	22.5	
26	343.75	22.5	
26	343.75	22.5	
26	343.75	22.5	
26	343.75	22.5	
26	343.75	22.5	
26	343.75	22.5	
26	343.75	22.5	
27	0	0	
27	0	0	
27	0	0	
27	0	0	
27	0	0	
27	0	0	
27	0	0	
27	0	0	
27	0	0	
27	0	0	
27	0	0	
27	0	0	
27	0	0	
27	0	0	
27	0	0	
27	0	0	
27	2.5	0	
27	10	0	
27	18.75	2.5	
27	42.5	3.75	
27	73.75	6.25	
27	92.5	6.25	
27	113.75	6.25	
27	157.5	6.25	
27	202.5	7.5	
27	226.25	7.5	
27	271.25	10	
27	313.75	11.25	
27	332.5	13.75	
27	332.5	13.75	
27	332.5	13.75	
27	332.5	13.75	
27	332.5	13.75	
27	332.5	13.75	
27	332.5	13.75	
27	332.5	13.75	
27	332.5	13.75	
27	332.5	13.75	
27	332.5	13.75	
27	332.5	13.75	
27	332.5	13.75	
27	332.5	13.75	
27	332.5	13.75	
27	332.5	13.75	
27	332.5	13.75	
27	332.5	13.75	
27	332.5	13.75	
27	332.5	13.75	
27	332.5	13.75	
27	332.5	13.75	
27	332.5	13.75	
27	332.5	13.75	
27	332.5	13.75	
27	332.5	13.75	
27	332.5	13.75	
27	332.5	13.75	
27	332.5	13.75	
27	332.5	13.75	
27	332.5	13.75	
27	332.5	13.75	
27	332.5	13.75	
27	332.5	13.75	
27	332.5	13.75	
27	332.5	13.75	
27	332.5	13.75	
27	332.5	13.75	
27	332.5	13.75	
27	332.5	13.75	
27	332.5	13.75	
27	332.5	13.75	
27	332.5	13.75	
27	332.5	13.75	
27	332.5	13.75	
27	332.5	13.75	
28	0	0	
28	0	0	
28	0	0	
28	0	0	
28	0	0	
28	0	0	
28	0	0	
28	0	0	
28	0	0	
28	0	0	
28	0	0	
28	0	0	
28	0	0	
28	0	0	
28	0	0	
28	0	0	
28	2.5	0	
28	6.25	0	
28	11.25	0	
28	28.75	1.25	
28	42.5	3.75	
28	78.75	5	
28	97.5	5	
28	118.75	5	
28	187.5	5	
28	213.75	5	
28	238.75	5	
28	287.5	7.5	
28	308.75	8.75	
28	328.75	8.75	
28	328.75	8.75	
28	328.75	8.75	
28	328.75	8.75	
28	328.75	8.75	
28	328.75	8.75	
28	328.75	8.75	
28	328.75	8.75	
28	328.75	8.75	
28	328.75	8.75	
28	328.75	8.75	
28	328.75	8.75	
28	328.75	8.75	
28	328.75	8.75	
28	328.75	8.75	
28	328.75	8.75	
28	328.75	8.75	
28	328.75	8.75	
28	328.75	8.75	
28	328.75	8.75	
28	328.75	8.75	
28	328.75	8.75	
28	328.75	8.75	
28	328.75	8.75	
28	328.75	8.75	
28	328.75	8.75	
28	328.75	8.75	
28	328.75	8.75	
28	328.75	8.75	
28	328.75	8.75	
28	328.75	8.75	
28	328.75	8.75	
28	328.75	8.75	
28	328.75	8.75	
28	328.75	8.75	
28	328.75	8.75	
28	328.75	8.75	
28	328.75	8.75	
28	328.75	8.75	
28	328.75	8.75	
28	328.75	8.75	
28	328.75	8.75	
28	328.75	8.75	
28	328.75	8.75	
28	328.75	8.75	
29	0	0	
29	0	0	
29	0	0	
29	0	0	
29	0	0	
29	0	0	
29	0	0	
29	0	0	
29	0	0	
29	0	0	
29	0	0	
29	0	0	
29	0	0	
29	0	0	
29	0	0	
29	0	0	
29	0	0	
29	0	0	
29	13.75	3.75	
29	28.75	3.75	
29	36.25	6.25	
29	58.75	6.25	
29	72.5	6.25	
29	72.5	6.25	
29	136.25	6.25	
29	181.25	7.5	
29	203.75	7.5	
29	226.25	7.5	
29	248.75	7.5	
29	315	7.5	
29	335	7.5	
29	335	7.5	
29	335	7.5	
29	335	7.5	
29	335	7.5	
29	335	7.5	
29	335	7.5	
29	335	7.5	
29	335	7.5	
29	335	7.5	
29	335	7.5	
29	335	7.5	
29	335	7.5	
29	335	7.5	
29	335	7.5	
29	335	7.5	
29	335	7.5	
29	335	7.5	
29	335	7.5	
29	335	7.5	
29	335	7.5	
29	335	7.5	
29	335	7.5	
29	335	7.5	
29	335	7.5	
29	335	7.5	
29	335	7.5	
29	335	7.5	
29	335	7.5	
29	335	7.5	
29	335	7.5	
29	335	7.5	
29	335	7.5	
29	335	7.5	
29	335	7.5	
29	335	7.5	
29	335	7.5	
29	335	7.5	
29	335	7.5	
29	335	7.5	
29	335	7.5	
29	335	7.5	
29	335	7.5	
29	335	7.5	
30	0	0	
30	0	0	
30	0	0	
30	0	0	
30	0	0	
30	0	0	
30	0	0	
30	0	0	
30	0	0	
30	0	0	
30	0	0	
30	0	0	
30	0	0	
30	0	0	
30	0	0	
30	2.5	0	
30	6.25	0	
30	13.75	0	
30	18.75	0	
30	40	1.25	
30	48.75	1.25	
30	58.75	0	
30	70	0	
30	98.75	0	
30	118.75	0	
30	161.25	0	
30	182.5	0	
30	227.5	1.25	
30	252.5	1.25	
30	322.5	1.25	
30	346.25	0	
30	346.25	0	
30	346.25	0	
30	346.25	0	
30	346.25	0	
30	346.25	0	
30	346.25	0	
30	346.25	0	
30	346.25	0	
30	346.25	0	
30	346.25	0	
30	346.25	0	
30	346.25	0	
30	346.25	0	
30	346.25	0	
30	346.25	0	
30	346.25	0	
30	346.25	0	
30	346.25	0	
30	346.25	0	
30	346.25	0	
30	346.25	0	
30	346.25	0	
30	346.25	0	
30	346.25	0	
30	346.25	0	
30	346.25	0	
30	346.25	0	
30	346.25	0	
30	346.25	0	
30	346.25	0	
30	346.25	0	
30	346.25	0	
30	346.25	0	
30	346.25	0	
30	346.25	0	
30	346.25	0	
30	346.25	0	
30	346.25	0	
30	346.25	0	
30	346.25	0	
30	346.25	0	
30	346.25	0	
30	346.25	0	
31	0	0	
31	0	0	
31	0	0	
31	0	0	
31	0	0	
31	0	0	
31	0	0	
31	0	0	
31	0	0	
31	0	0	
31	0	0	
31	0	0	
31	0	0	
31	0	0	
31	0	0	
31	0	0	
31	0	0	
31	0	0	
31	0	0	
31	8.75	1.25	
31	13.75	1.25	
31	22.5	3.75	
31	33.75	5	
31	47.5	5	
31	97.5	11.25	
31	138.75	12.5	
31	162.5	15	
31	185	16.25	
31	233.75	20	
31	282.5	22.5	
31	305	23.75	
31	346.25	23.75	
31	346.25	23.75	
31	346.25	23.75	
31	346.25	23.75	
31	346.25	23.75	
31	346.25	23.75	
31	346.25	23.75	
31	346.25	23.75	
31	346.25	23.75	
31	346.25	23.75	
31	346.25	23.75	
31	346.25	23.75	
31	346.25	23.75	
31	346.25	23.75	
31	346.25	23.75	
31	346.25	23.75	
31	346.25	23.75	
31	346.25	23.75	
31	346.25	23.75	
31	346.25	23.75	
31	346.25	23.75	
31	346.25	23.75	
31	346.25	23.75	
31	346.25	23.75	
31	346.25	23.75	
31	346.25	23.75	
31	346.25	23.75	
31	346.25	23.75	
31	346.25	23.75	
31	346.25	23.75	
31	346.25	23.75	
31	346.25	23.75	
31	346.25	23.75	
31	346.25	23.75	
31	346.25	23.75	
31	346.25	23.75	
31	346.25	23.75	
31	346.25	23.75	
31	346.25	23.75	
31	346.25	23.75	
31	346.25	23.75	
31	346.25	23.75	
31	346.25	23.75	
32	0	0	
32	0	0	
32	0	0	
32	0	0	
32	0	0	
32	0	0	
32	0	0	
32	0	0	
32	0	0	
32	0	0	
32	0	0	
32	0	0	
32	0	0	
32	0	0	
32	0	0	
32	0	0	
32	0	0	
32	0	0	
32	0	0	
32	13.75	3.75	
32	20	5	
32	40	5	
32	52.5	3.75	
32	66.25	3.75	
32	116.25	0	
32	116.25	0	
32	148.75	0	
32	178.75	-2.5	
32	205	-2.5	
32	238.75	-3.75	
32	267.5	-6.25	
32	293.75	-6.25	
32	317.5	-6.25	
32	338.75	-6.25	
32	338.75	-6.25	
32	338.75	-6.25	
32	338.75	-6.25	
32	338.75	-6.25	
32	338.75	-6.25	
32	338.75	-6.25	
32	338.75	-6.25	
32	338.75	-6.25	
32	338.75	-6.25	
32	338.75	-6.25	
32	338.75	-6.25	
32	338.75	-6.25	
32	338.75	-6.25	
32	338.75	-6.25	
32	338.75	-6.25	
32	338.75	-6.25	
32	338.75	-6.25	
32	338.75	-6.25	
32	338.75	-6.25	
32	338.75	-6.25	
32	338.75	-6.25	
32	338.75	-6.25	
32	338.75	-6.25	
32	338.75	-6.25	
32	338.75	-6.25	
32	338.75	-6.25	
32	338.75	-6.25	
32	338.75	-6.25	
32	338.75	-6.25	
32	338.75	-6.25	
32	338.75	-6.25	
32	338.75	-6.25	
32	338.75	-6.25	
32	338.75	-6.25	
32	338.75	-6.25	
32	338.75	-6.25	
32	338.75	-6.25	
32	338.75	-6.25	
32	338.75	-6.25	
32	338.75	-6.25	
33	0	0	
33	0	0	
33	0	0	
33	0	0	
33	0	0	
33	0	0	
33	0	1.25	
33	0	1.25	
33	0	1.25	
33	0	1.25	
33	0	1.25	
33	0	1.25	
33	0	1.25	
33	0	1.25	
33	1.25	1.25	
33	7.5	3.75	
33	12.5	5	
33	18.75	7.5	
33	26.25	8.75	
33	61.25	11.25	
33	75	11.25	
33	91.25	11.25	
33	127.5	12.5	
33	146.25	12.5	
33	210	15	
33	231.25	16.25	
33	272.5	20	
33	293.75	20	
33	313.75	22.5	
33	313.75	22.5	
33	313.75	22.5	
33	313.75	22.5	
33	313.75	22.5	
33	313.75	22.5	
33	313.75	22.5	
33	313.75	22.5	
33	313.75	22.5	
33	313.75	22.5	
33	313.75	22.5	
33	313.75	22.5	
33	313.75	22.5	
33	313.75	22.5	
33	313.75	22.5	
33	313.75	22.5	
33	313.75	22.5	
33	313.75	22.5	
33	313.75	22.5	
33	313.75	22.5	
33	313.75	22.5	
33	313.75	22.5	
33	313.75	22.5	
33	313.75	22.5	
33	313.75	22.5	
33	313.75	22.5	
33	313.75	22.5	
33	313.75	22.5	
33	313.75	22.5	
33	313.75	22.5	
33	313.75	22.5	
33	313.75	22.5	
33	313.75	22.5	
33	313.75	22.5	
33	313.75	22.5	
33	313.75	22.5	
33	313.75	22.5	
33	313.75	22.5	
33	313.75	22.5	
33	313.75	22.5	
33	313.75	22.5	
33	313.75	22.5	
33	313.75	22.5	
33	313.75	22.5	
33	313.75	22.5	
33	313.75	22.5	
34	0	0	
34	0	0	
34	0	0	
34	0	0	
34	0	0	
34	0	0	
34	0	0	
34	0	0	
34	0	0	
34	0	0	
34	0	0	
34	0	0	
34	0	0	
34	0	0	
34	0	0	
34	2.5	0	
34	8.75	0	
34	16.25	0	
34	25	2.5	
34	61.25	6.25	
34	76.25	7.5	
34	76.25	7.5	
34	100	7.5	
34	147.5	10	
34	221.25	13.75	
34	245	15	
34	270	15	
34	315	17.5	
34	336.25	18.75	
34	336.25	18.75	
34	336.25	18.75	
34	336.25	18.75	
34	336.25	18.75	
34	336.25	18.75	
34	336.25	18.75	
34	336.25	18.75	
34	336.25	18.75	
34	336.25	18.75	
34	336.25	18.75	
34	336.25	18.75	
34	336.25	18.75	
34	336.25	18.75	
34	336.25	18.75	
34	336.25	18.75	
34	336.25	18.75	
34	336.25	18.75	
34	336.25	18.75	
34	336.25	18.75	
34	336.25	18.75	
34	336.25	18.75	
34	336.25	18.75	
34	336.25	18.75	
34	336.25	18.75	
34	336.25	18.75	
34	336.25	18.75	
34	336.25	18.75	
34	336.25	18.75	
34	336.25	18.75	
34	336.25	18.75	
34	336.25	18.75	
34	336.25	18.75	
34	336.25	18.75	
34	336.25	18.75	
34	336.25	18.75	
34	336.25	18.75	
34	336.25	18.75	
34	336.25	18.75	
34	336.25	18.75	
34	336.25	18.75	
34	336.25	18.75	
34	336.25	18.75	
34	336.25	18.75	
34	336.25	18.75	
34	336.25	18.75	
35	0	0	
35	0	0	
35	0	0	
35	0	0	
35	0	0	
35	0	0	
35	0	0	
35	0	0	
35	0	0	
35	0	0	
35	0	0	
35	0	0	
35	0	0	
35	2.5	-1.25	
35	18.75	-3.75	
35	18.75	-3.75	
35	43.75	0	
35	58.75	2.5	
35	75	3.75	
35	135	10	
35	158.75	11.25	
35	182.5	13.75	
35	207.5	15	
35	235	18.75	
35	333.75	25	
35	333.75	25	
35	333.75	25	
35	333.75	25	
35	333.75	25	
35	333.75	25	
35	333.75	25	
35	333.75	25	
35	333.75	25	
35	333.75	25	
35	333.75	25	
35	333.75	25	
35	333.75	25	
35	333.75	25	
35	333.75	25	
35	333.75	25	
35	333.75	25	
35	333.75	25	
35	333.75	25	
35	333.75	25	
35	333.75	25	
35	333.75	25	
35	333.75	25	
35	333.75	25	
35	333.75	25	
35	333.75	25	
35	333.75	25	
35	333.75	25	
35	333.75	25	
35	333.75	25	
35	333.75	25	
35	333.75	25	
35	333.75	25	
35	333.75	25	
35	333.75	25	
35	333.75	25	
35	333.75	25	
35	333.75	25	
35	333.75	25	
35	333.75	25	
35	333.75	25	
35	333.75	25	
35	333.75	25	
35	333.75	25	
35	333.75	25	
35	333.75	25	
35	333.75	25	
35	333.75	25	
35	333.75	25	
35	333.75	25	
36	0	0	
36	0	0	
36	0	0	
36	0	0	
36	0	0	
36	0	0	
36	0	0	
36	0	0	
36	0	0	
36	0	0	
36	0	0	
36	0	0	
36	0	0	
36	0	0	
36	0	0	
36	0	0	
36	-37.5	-6.25	
36	-57.5	-10	
36	-67.5	-13.75	
36	-47.5	-18.75	
36	-32.5	-21.25	
36	-16.25	-21.25	
36	17.5	-21.25	
36	33.75	-18.75	
36	75	-15	
36	86.25	-13.75	
36	101.25	-13.75	
36	106.25	-13.75	
36	108.75	-13.75	
36	115	-11.25	
36	116.25	-11.25	
36	117.5	-11.25	
36	118.75	-11.25	
36	118.75	-11.25	
36	118.75	-11.25	
36	118.75	-11.25	
36	118.75	-11.25	
36	118.75	-11.25	
36	118.75	-11.25	
36	118.75	-11.25	
36	118.75	-11.25	
36	118.75	-11.25	
36	118.75	-11.25	
36	118.75	-11.25	
36	118.75	-11.25	
36	118.75	-11.25	
36	118.75	-11.25	
36	118.75	-11.25	
36	118.75	-11.25	
36	118.75	-11.25	
36	118.75	-11.25	
36	118.75	-11.25	
36	118.75	-11.25	
36	118.75	-11.25	
36	118.75	-11.25	
36	118.75	-11.25	
36	118.75	-11.25	
36	118.75	-11.25	
36	118.75	-11.25	
36	118.75	-11.25	
36	118.75	-11.25	
36	118.75	-11.25	
36	118.75	-11.25	
36	118.75	-11.25	
36	118.75	-11.25	
36	118.75	-11.25	
36	118.75	-11.25	
36	118.75	-11.25	
36	118.75	-11.25	
36	118.75	-11.25	
36	118.75	-11.25	
36	118.75	-11.25	
36	118.75	-11.25	
36	118.75	-11.25	
37	0	0	
37	0	0	
37	0	0	
37	0	0	
37	0	0	
37	0	0	
37	0	0	
37	0	0	
37	0	0	
37	0	0	
37	0	0	
37	0	0	
37	0	0	
37	0	0	
37	0	0	
37	0	0	
37	1.25	1.25	
37	5	1.25	
37	5	1.25	
37	32.5	8.75	
37	43.75	11.25	
37	57.5	12.5	
37	91.25	18.75	
37	111.25	20	
37	181.25	27.5	
37	207.5	31.25	
37	261.25	37.5	
37	288.75	38.75	
37	315	42.5	
37	315	42.5	
37	315	42.5	
37	315	42.5	
37	315	42.5	
37	315	42.5	
37	315	42.5	
37	315	42.5	
37	315	42.5	
37	315	42.5	
37	315	42.5	
37	315	42.5	
37	315	42.5	
37	315	42.5	
37	315	42.5	
37	315	42.5	
37	315	42.5	
37	315	42.5	
37	315	42.5	
37	315	42.5	
37	315	42.5	
37	315	42.5	
37	315	42.5	
37	315	42.5	
37	315	42.5	
37	315	42.5	
37	315	42.5	
37	315	42.5	
37	315	42.5	
37	315	42.5	
37	315	42.5	
37	315	42.5	
37	315	42.5	
37	315	42.5	
37	315	42.5	
37	315	42.5	
37	315	42.5	
37	315	42.5	
37	315	42.5	
37	315	42.5	
37	315	42.5	
37	315	42.5	
37	315	42.5	
37	315	42.5	
37	315	42.5	
37	315	42.5	
38	0	0	
38	0	0	
38	0	0	
38	0	0	
38	0	0	
38	0	0	
38	0	0	
38	0	0	
38	0	0	
38	0	0	
38	0	0	
38	0	0	
38	0	0	
38	0	0	
38	0	0	
38	0	0	
38	1.25	1.25	
38	2.5	1.25	
38	7.5	3.75	
38	32.5	8.75	
38	43.75	8.75	
38	57.5	11.25	
38	71.25	11.25	
38	105	12.5	
38	167.5	12.5	
38	192.5	12.5	
38	217.5	15	
38	268.75	16.25	
38	295	18.75	
38	321.25	18.75	
38	321.25	18.75	
38	321.25	18.75	
38	321.25	18.75	
38	321.25	18.75	
38	321.25	18.75	
38	321.25	18.75	
38	321.25	18.75	
38	321.25	18.75	
38	321.25	18.75	
38	321.25	18.75	
38	321.25	18.75	
38	321.25	18.75	
38	321.25	18.75	
38	321.25	18.75	
38	321.25	18.75	
38	321.25	18.75	
38	321.25	18.75	
38	321.25	18.75	
38	321.25	18.75	
38	321.25	18.75	
38	321.25	18.75	
38	321.25	18.75	
38	321.25	18.75	
38	321.25	18.75	
38	321.25	18.75	
38	321.25	18.75	
38	321.25	18.75	
38	321.25	18.75	
38	321.25	18.75	
38	321.25	18.75	
38	321.25	18.75	
38	321.25	18.75	
38	321.25	18.75	
38	321.25	18.75	
38	321.25	18.75	
38	321.25	18.75	
38	321.25	18.75	
38	321.25	18.75	
38	321.25	18.75	
38	321.25	18.75	
38	321.25	18.75	
38	321.25	18.75	
38	321.25	18.75	
38	321.25	18.75	
39	0	0	
39	0	0	
39	0	0	
39	0	0	
39	0	0	
39	0	0	
39	0	0	
39	0	0	
39	0	0	
39	0	0	
39	0	0	
39	0	0	
39	0	0	
39	0	0	
39	3.75	2.5	
39	10	3.75	
39	27.5	3.75	
39	40	7.5	
39	55	7.5	
39	108.75	13.75	
39	130	17.5	
39	155	18.75	
39	210	26.25	
39	238.75	33.75	
39	327.5	45	
39	327.5	45	
39	327.5	45	
39	327.5	45	
39	327.5	45	
39	327.5	45	
39	327.5	45	
39	327.5	45	
39	327.5	45	
39	327.5	45	
39	327.5	45	
39	327.5	45	
39	327.5	45	
39	327.5	45	
39	327.5	45	
39	327.5	45	
39	327.5	45	
39	327.5	45	
39	327.5	45	
39	327.5	45	
39	327.5	45	
39	327.5	45	
39	327.5	45	
39	327.5	45	
39	327.5	45	
39	327.5	45	
39	327.5	45	
39	327.5	45	
39	327.5	45	
39	327.5	45	
39	327.5	45	
39	327.5	45	
39	327.5	45	
39	327.5	45	
39	327.5	45	
39	327.5	45	
39	327.5	45	
39	327.5	45	
39	327.5	45	
39	327.5	45	
39	327.5	45	
39	327.5	45	
39	327.5	45	
39	327.5	45	
39	327.5	45	
39	327.5	45	
39	327.5	45	
39	327.5	45	
39	327.5	45	
39	327.5	45	
40	0	0	
40	0	0	
40	0	0	
40	0	0	
40	0	0	
40	0	0	
40	0	0	
40	0	0	
40	0	0	
40	0	0	
40	0	0	
40	0	0	
40	0	0	
40	0	0	
40	2.5	2.5	
40	3.75	3.75	
40	7.5	3.75	
40	12.5	6.25	
40	27.5	10	
40	51.25	13.75	
40	65	15	
40	98.75	18.75	
40	120	22.5	
40	167.5	26.25	
40	245	31.25	
40	271.25	31.25	
40	297.5	33.75	
40	322.5	35	
40	322.5	35	
40	322.5	35	
40	322.5	35	
40	322.5	35	
40	322.5	35	
40	322.5	35	
40	322.5	35	
40	322.5	35	
40	322.5	35	
40	322.5	35	
40	322.5	35	
40	322.5	35	
40	322.5	35	
40	322.5	35	
40	322.5	35	
40	322.5	35	
40	322.5	35	
40	322.5	35	
40	322.5	35	
40	322.5	35	
40	322.5	35	
40	322.5	35	
40	322.5	35	
40	322.5	35	
40	322.5	35	
40	322.5	35	
40	322.5	35	
40	322.5	35	
40	322.5	35	
40	322.5	35	
40	322.5	35	
40	322.5	35	
40	322.5	35	
40	322.5	35	
40	322.5	35	
40	322.5	35	
40	322.5	35	
40	322.5	35	
40	322.5	35	
40	322.5	35	
40	322.5	35	
40	322.5	35	
40	322.5	35	
40	322.5	35	
40	322.5	35	
40	322.5	35	
41	0	0	
41	0	0	
41	0	0	
41	0	0	
41	0	0	
41	0	0	
41	0	0	
41	0	0	
41	0	0	
41	0	0	
41	0	0	
41	0	0	
41	0	0	
41	0	0	
41	5	3.75	
41	8.75	6.25	
41	11.25	7.5	
41	21.25	11.25	
41	28.75	13.75	
41	46.25	18.75	
41	60	21.25	
41	76.25	25	
41	91.25	26.25	
41	125	33.75	
41	181.25	46.25	
41	201.25	50	
41	222.5	53.75	
41	262.5	61.25	
41	283.75	65	
41	332.5	72.5	
41	332.5	72.5	
41	332.5	72.5	
41	332.5	72.5	
41	332.5	72.5	
41	332.5	72.5	
41	332.5	72.5	
41	332.5	72.5	
41	332.5	72.5	
41	332.5	72.5	
41	332.5	72.5	
41	332.5	72.5	
41	332.5	72.5	
41	332.5	72.5	
41	332.5	72.5	
41	332.5	72.5	
41	332.5	72.5	
41	332.5	72.5	
41	332.5	72.5	
41	332.5	72.5	
41	332.5	72.5	
41	332.5	72.5	
41	332.5	72.5	
41	332.5	72.5	
41	332.5	72.5	
41	332.5	72.5	
41	332.5	72.5	
41	332.5	72.5	
41	332.5	72.5	
41	332.5	72.5	
41	332.5	72.5	
41	332.5	72.5	
41	332.5	72.5	
41	332.5	72.5	
41	332.5	72.5	
41	332.5	72.5	
41	332.5	72.5	
41	332.5	72.5	
41	332.5	72.5	
41	332.5	72.5	
41	332.5	72.5	
41	332.5	72.5	
41	332.5	72.5	
41	332.5	72.5	
41	332.5	72.5	
42	0	0	
42	0	0	
42	0	0	
42	0	0	
42	0	0	
42	0	0	
42	0	0	
42	0	0	
42	0	0	
42	0	0	
42	0	0	
42	0	0	
42	0	0	
42	0	0	
42	0	0	
42	1.25	0	
42	3.75	0	
42	12.5	0	
42	17.5	0	
42	35	0	
42	57.5	0	
42	71.25	0	
42	103.75	-1.25	
42	121.25	-3.75	
42	182.5	-1.25	
42	205	0	
42	227.5	0	
42	273.75	3.75	
42	295	6.25	
42	336.25	7.5	
42	336.25	7.5	
42	336.25	7.5	
42	336.25	7.5	
42	336.25	7.5	
42	336.25	7.5	
42	336.25	7.5	
42	336.25	7.5	
42	336.25	7.5	
42	336.25	7.5	
42	336.25	7.5	
42	336.25	7.5	
42	336.25	7.5	
42	336.25	7.5	
42	336.25	7.5	
42	336.25	7.5	
42	336.25	7.5	
42	336.25	7.5	
42	336.25	7.5	
42	336.25	7.5	
42	336.25	7.5	
42	336.25	7.5	
42	336.25	7.5	
42	336.25	7.5	
42	336.25	7.5	
42	336.25	7.5	
42	336.25	7.5	
42	336.25	7.5	
42	336.25	7.5	
42	336.25	7.5	
42	336.25	7.5	
42	336.25	7.5	
42	336.25	7.5	
42	336.25	7.5	
42	336.25	7.5	
42	336.25	7.5	
42	336.25	7.5	
42	336.25	7.5	
42	336.25	7.5	
42	336.25	7.5	
42	336.25	7.5	
42	336.25	7.5	
42	336.25	7.5	
42	336.25	7.5	
42	336.25	7.5	
43	0	0	
43	0	0	
43	0	0	
43	0	0	
43	0	0	
43	0	0	
43	0	0	
43	0	0	
43	0	0	
43	0	0	
43	0	0	
43	0	0	
43	0	0	
43	0	0	
43	0	0	
43	5	0	
43	8.75	0	
43	13.75	0	
43	22.5	0	
43	55	3.75	
43	68.75	3.75	
43	98.75	2.5	
43	116.25	0	
43	156.25	0	
43	198.75	0	
43	242.5	0	
43	265	-1.25	
43	287.5	-1.25	
43	307.5	-1.25	
43	346.25	-3.75	
43	346.25	-3.75	
43	346.25	-3.75	
43	346.25	-3.75	
43	346.25	-3.75	
43	346.25	-3.75	
43	346.25	-3.75	
43	346.25	-3.75	
43	346.25	-3.75	
43	346.25	-3.75	
43	346.25	-3.75	
43	346.25	-3.75	
43	346.25	-3.75	
43	346.25	-3.75	
43	346.25	-3.75	
43	346.25	-3.75	
43	346.25	-3.75	
43	346.25	-3.75	
43	346.25	-3.75	
43	346.25	-3.75	
43	346.25	-3.75	
43	346.25	-3.75	
43	346.25	-3.75	
43	346.25	-3.75	
43	346.25	-3.75	
43	346.25	-3.75	
43	346.25	-3.75	
43	346.25	-3.75	
43	346.25	-3.75	
43	346.25	-3.75	
43	346.25	-3.75	
43	346.25	-3.75	
43	346.25	-3.75	
43	346.25	-3.75	
43	346.25	-3.75	
43	346.25	-3.75	
43	346.25	-3.75	
43	346.25	-3.75	
43	346.25	-3.75	
43	346.25	-3.75	
43	346.25	-3.75	
43	346.25	-3.75	
43	346.25	-3.75	
43	346.25	-3.75	
43	346.25	-3.75	
44	0	0	
44	0	0	
44	0	0	
44	0	0	
44	0	0	
44	0	0	
44	0	0	
44	0	0	
44	0	0	
44	0	0	
44	0	0	
44	0	0	
44	0	0	
44	0	0	
44	0	0	
44	2.5	0	
44	6.25	0	
44	11.25	0	
44	27.5	1.25	
44	48.75	1.25	
44	76.25	1.25	
44	76.25	1.25	
44	117.5	5	
44	138.75	5	
44	181.25	7.5	
44	206.25	8.75	
44	232.5	11.25	
44	277.5	15	
44	298.75	16.25	
44	336.25	18.75	
44	336.25	18.75	
44	336.25	18.75	
44	336.25	18.75	
44	336.25	18.75	
44	336.25	18.75	
44	336.25	18.75	
44	336.25	18.75	
44	336.25	18.75	
44	336.25	18.75	
44	336.25	18.75	
44	336.25	18.75	
44	336.25	18.75	
44	336.25	18.75	
44	336.25	18.75	
44	336.25	18.75	
44	336.25	18.75	
44	336.25	18.75	
44	336.25	18.75	
44	336.25	18.75	
44	336.25	18.75	
44	336.25	18.75	
44	336.25	18.75	
44	336.25	18.75	
44	336.25	18.75	
44	336.25	18.75	
44	336.25	18.75	
44	336.25	18.75	
44	336.25	18.75	
44	336.25	18.75	
44	336.25	18.75	
44	336.25	18.75	
44	336.25	18.75	
44	336.25	18.75	
44	336.25	18.75	
44	336.25	18.75	
44	336.25	18.75	
44	336.25	18.75	
44	336.25	18.75	
44	336.25	18.75	
44	336.25	18.75	
44	336.25	18.75	
44	336.25	18.75	
44	336.25	18.75	
44	336.25	18.75	
45	0	0	
45	0	0	
45	0	0	
45	0	0	
45	0	0	
45	0	0	
45	0	0	
45	0	0	
45	0	0	
45	0	0	
45	0	0	
45	0	0	
45	0	0	
45	0	0	
45	0	0	
45	1.25	0	
45	2.5	1.25	
45	12.5	1.25	
45	18.75	1.25	
45	38.75	1.25	
45	63.75	1.25	
45	63.75	1.25	
45	105	1.25	
45	127.5	1.25	
45	195	1.25	
45	218.75	3.75	
45	242.5	5	
45	285	7.5	
45	306.25	8.75	
45	341.25	11.25	
45	341.25	11.25	
45	341.25	11.25	
45	341.25	11.25	
45	341.25	11.25	
45	341.25	11.25	
45	341.25	11.25	
45	341.25	11.25	
45	341.25	11.25	
45	341.25	11.25	
45	341.25	11.25	
45	341.25	11.25	
45	341.25	11.25	
45	341.25	11.25	
45	341.25	11.25	
45	341.25	11.25	
45	341.25	11.25	
45	341.25	11.25	
45	341.25	11.25	
45	341.25	11.25	
45	341.25	11.25	
45	341.25	11.25	
45	341.25	11.25	
45	341.25	11.25	
45	341.25	11.25	
45	341.25	11.25	
45	341.25	11.25	
45	341.25	11.25	
45	341.25	11.25	
45	341.25	11.25	
45	341.25	11.25	
45	341.25	11.25	
45	341.25	11.25	
45	341.25	11.25	
45	341.25	11.25	
45	341.25	11.25	
45	341.25	11.25	
45	341.25	11.25	
45	341.25	11.25	
45	341.25	11.25	
45	341.25	11.25	
45	341.25	11.25	
45	341.25	11.25	
45	341.25	11.25	
45	341.25	11.25	
46	0	0	
46	0	0	
46	0	0	
46	0	0	
46	0	0	
46	0	0	
46	0	0	
46	0	0	
46	0	0	
46	0	0	
46	0	0	
46	0	0	
46	0	0	
46	0	0	
46	0	0	
46	0	0	
46	0	0	
46	0	0	
46	0	0	
46	0	0	
46	2.5	0	
46	5	0	
46	13.75	0	
46	20	0	
46	47.5	0	
46	58.75	0	
46	72.5	-1.25	
46	86.25	-1.25	
46	118.75	-3.75	
46	157.5	-7.5	
46	178.75	-7.5	
46	223.75	-7.5	
46	268.75	-8.75	
46	291.25	-8.75	
46	330	-11.25	
46	330	-11.25	
46	330	-11.25	
46	330	-11.25	
46	330	-11.25	
46	330	-11.25	
46	330	-11.25	
46	330	-11.25	
46	330	-11.25	
46	330	-11.25	
46	330	-11.25	
46	330	-11.25	
46	330	-11.25	
46	330	-11.25	
46	330	-11.25	
46	330	-11.25	
46	330	-11.25	
46	330	-11.25	
46	330	-11.25	
46	330	-11.25	
46	330	-11.25	
46	330	-11.25	
46	330	-11.25	
46	330	-11.25	
46	330	-11.25	
46	330	-11.25	
46	330	-11.25	
46	330	-11.25	
46	330	-11.25	
46	330	-11.25	
46	330	-11.25	
46	330	-11.25	
46	330	-11.25	
46	330	-11.25	
46	330	-11.25	
46	330	-11.25	
46	330	-11.25	
46	330	-11.25	
46	330	-11.25	
46	330	-11.25	
47	0	0	
47	0	0	
47	0	0	
47	0	0	
47	0	0	
47	0	0	
47	0	0	
47	0	0	
47	0	0	
47	0	0	
47	0	0	
47	0	0	
47	0	0	
47	0	0	
47	0	0	
47	0	0	
47	0	0	
47	0	2.5	
47	8.75	3.75	
47	25	7.5	
47	52.5	11.25	
47	70	13.75	
47	112.5	18.75	
47	137.5	22.5	
47	220	26.25	
47	250	28.75	
47	278.75	28.75	
47	306.25	30	
47	306.25	30	
47	306.25	30	
47	306.25	30	
47	306.25	30	
47	306.25	30	
47	306.25	30	
47	306.25	30	
47	306.25	30	
47	306.25	30	
47	306.25	30	
47	306.25	30	
47	306.25	30	
47	306.25	30	
47	306.25	30	
47	306.25	30	
47	306.25	30	
47	306.25	30	
47	306.25	30	
47	306.25	30	
47	306.25	30	
47	306.25	30	
47	306.25	30	
47	306.25	30	
47	306.25	30	
47	306.25	30	
47	306.25	30	
47	306.25	30	
47	306.25	30	
47	306.25	30	
47	306.25	30	
47	306.25	30	
47	306.25	30	
47	306.25	30	
47	306.25	30	
47	306.25	30	
47	306.25	30	
47	306.25	30	
47	306.25	30	
47	306.25	30	
47	306.25	30	
47	306.25	30	
47	306.25	30	
47	306.25	30	
47	306.25	30	
47	306.25	30	
47	306.25	30	
48	0	0	
48	0	0	
48	0	0	
48	0	0	
48	0	0	
48	0	0	
48	0	0	
48	0	0	
48	0	0	
48	0	0	
48	0	0	
48	0	0	
48	0	0	
48	0	0	
48	2.5	1.25	
48	7.5	1.25	
48	13.75	1.25	
48	21.25	3.75	
48	41.25	5	
48	67.5	7.5	
48	82.5	7.5	
48	118.75	7.5	
48	162.5	5	
48	186.25	5	
48	233.75	1.25	
48	285	1.25	
48	310	0	
48	336.25	0	
48	336.25	0	
48	336.25	0	
48	336.25	0	
48	336.25	0	
48	336.25	0	
48	336.25	0	
48	336.25	0	
48	336.25	0	
48	336.25	0	
48	336.25	0	
48	336.25	0	
48	336.25	0	
48	336.25	0	
48	336.25	0	
48	336.25	0	
48	336.25	0	
48	336.25	0	
48	336.25	0	
48	336.25	0	
48	336.25	0	
48	336.25	0	
48	336.25	0	
48	336.25	0	
48	336.25	0	
48	336.25	0	
48	336.25	0	
48	336.25	0	
48	336.25	0	
48	336.25	0	
48	336.25	0	
48	336.25	0	
48	336.25	0	
48	336.25	0	
48	336.25	0	
48	336.25	0	
48	336.25	0	
48	336.25	0	
48	336.25	0	
48	336.25	0	
48	336.25	0	
48	336.25	0	
48	336.25	0	
48	336.25	0	
48	336.25	0	
48	336.25	0	
48	336.25	0	
49	0	0	
49	0	0	
49	0	0	
49	0	0	
49	0	0	
49	0	0	
49	0	0	
49	0	0	
49	0	0	
49	0	0	
49	0	0	
49	0	0	
49	0	-1.25	
49	5	-1.25	
49	17.5	-3.75	
49	40	-3.75	
49	55	-3.75	
49	70	-5	
49	88.75	-7.5	
49	155	-11.25	
49	180	-11.25	
49	231.25	-12.5	
49	257.5	-12.5	
49	285	-11.25	
49	311.25	-7.5	
49	311.25	-7.5	
49	311.25	-7.5	
49	311.25	-7.5	
49	311.25	-7.5	
49	311.25	-7.5	
49	311.25	-7.5	
49	311.25	-7.5	
49	311.25	-7.5	
49	311.25	-7.5	
49	311.25	-7.5	
49	311.25	-7.5	
49	311.25	-7.5	
49	311.25	-7.5	
49	311.25	-7.5	
49	311.25	-7.5	
49	311.25	-7.5	
49	311.25	-7.5	
49	311.25	-7.5	
49	311.25	-7.5	
49	311.25	-7.5	
49	311.25	-7.5	
49	311.25	-7.5	
49	311.25	-7.5	
49	311.25	-7.5	
49	311.25	-7.5	
49	311.25	-7.5	
49	311.25	-7.5	
49	311.25	-7.5	
49	311.25	-7.5	
49	311.25	-7.5	
49	311.25	-7.5	
49	311.25	-7.5	
49	311.25	-7.5	
49	311.25	-7.5	
49	311.25	-7.5	
49	311.25	-7.5	
49	311.25	-7.5	
49	311.25	-7.5	
49	311.25	-7.5	
49	311.25	-7.5	
49	311.25	-7.5	
49	311.25	-7.5	
49	311.25	-7.5	
49	311.25	-7.5	
49	311.25	-7.5	
49	311.25	-7.5	
49	311.25	-7.5	
49	311.25	-7.5	
49	311.25	-7.5	
50	0	0	
50	0	0	
50	0	0	
50	0	0	
50	0	0	
50	0	0	
50	0	0	
50	0	0	
50	0	0	
50	0	0	
50	0	0	
50	0	0	
50	0	0	
50	0	0	
50	1.25	3.75	
50	2.5	3.75	
50	7.5	6.25	
50	11.25	7.5	
50	17.5	10	
50	40	15	
50	62.5	18.75	
50	76.25	21.25	
50	76.25	21.25	
50	115	25	
50	157.5	30	
50	178.75	30	
50	222.5	33.75	
50	245	38.75	
50	265	38.75	
50	327.5	41.25	
50	327.5	41.25	
50	327.5	41.25	
50	327.5	41.25	
50	327.5	41.25	
50	327.5	41.25	
50	327.5	41.25	
50	327.5	41.25	
50	327.5	41.25	
50	327.5	41.25	
50	327.5	41.25	
50	327.5	41.25	
50	327.5	41.25	
50	327.5	41.25	
50	327.5	41.25	
50	327.5	41.25	
50	327.5	41.25	
50	327.5	41.25	
50	327.5	41.25	
50	327.5	41.25	
50	327.5	41.25	
50	327.5	41.25	
50	327.5	41.25	
50	327.5	41.25	
50	327.5	41.25	
50	327.5	41.25	
50	327.5	41.25	
50	327.5	41.25	
50	327.5	41.25	
50	327.5	41.25	
50	327.5	41.25	
50	327.5	41.25	
50	327.5	41.25	
50	327.5	41.25	
50	327.5	41.25	
50	327.5	41.25	
50	327.5	41.25	
50	327.5	41.25	
50	327.5	41.25	
50	327.5	41.25	
50	327.5	41.25	
50	327.5	41.25	
50	327.5	41.25	
50	327.5	41.25	
50	327.5	41.25	
51	0	0	
51	0	0	
51	0	0	
51	0	0	
51	0	0	
51	0	0	
51	0	0	
51	0	0	
51	0	0	
51	0	0	
51	0	0	
51	0	0	
51	0	0	
51	0	0	
51	3.75	1.25	
51	7.5	1.25	
51	22.5	5	
51	32.5	7.5	
51	45	8.75	
51	91.25	15	
51	130	18.75	
51	152.5	20	
51	173.75	20	
51	217.5	23.75	
51	261.25	23.75	
51	282.5	26.25	
51	321.25	27.5	
51	341.25	27.5	
51	341.25	27.5	
51	341.25	27.5	
51	341.25	27.5	
51	341.25	27.5	
51	341.25	27.5	
51	341.25	27.5	
51	341.25	27.5	
51	341.25	27.5	
51	341.25	27.5	
51	341.25	27.5	
51	341.25	27.5	
51	341.25	27.5	
51	341.25	27.5	
51	341.25	27.5	
51	341.25	27.5	
51	341.25	27.5	
51	341.25	27.5	
51	341.25	27.5	
51	341.25	27.5	
51	341.25	27.5	
51	341.25	27.5	
51	341.25	27.5	
51	341.25	27.5	
51	341.25	27.5	
51	341.25	27.5	
51	341.25	27.5	
51	341.25	27.5	
51	341.25	27.5	
51	341.25	27.5	
51	341.25	27.5	
51	341.25	27.5	
51	341.25	27.5	
51	341.25	27.5	
51	341.25	27.5	
51	341.25	27.5	
51	341.25	27.5	
51	341.25	27.5	
51	341.25	27.5	
51	341.25	27.5	
51	341.25	27.5	
51	341.25	27.5	
51	341.25	27.5	
51	341.25	27.5	
51	341.25	27.5	
51	341.25	27.5	
51	341.25	27.5	
52	0	0	
52	0	0	
52	0	0	
52	0	0	
52	0	0	
52	0	0	
52	0	0	
52	0	0	
52	0	0	
52	0	0	
52	0	0	
52	0	0	
52	0	0	
52	0	0	
52	0	0	
52	0	0	
52	0	0	
52	2.5	0	
52	6.25	0	
52	21.25	2.5	
52	46.25	3.75	
52	78.75	3.75	
52	98.75	6.25	
52	118.75	6.25	
52	183.75	7.5	
52	206.25	7.5	
52	230	7.5	
52	276.25	11.25	
52	297.5	11.25	
52	338.75	15	
52	338.75	15	
52	338.75	15	
52	338.75	15	
52	338.75	15	
52	338.75	15	
52	338.75	15	
52	338.75	15	
52	338.75	15	
52	338.75	15	
52	338.75	15	
52	338.75	15	
52	338.75	15	
52	338.75	15	
52	338.75	15	
52	338.75	15	
52	338.75	15	
52	338.75	15	
52	338.75	15	
52	338.75	15	
52	338.75	15	
52	338.75	15	
52	338.75	15	
52	338.75	15	
52	338.75	15	
52	338.75	15	
52	338.75	15	
52	338.75	15	
52	338.75	15	
52	338.75	15	
52	338.75	15	
52	338.75	15	
52	338.75	15	
52	338.75	15	
52	338.75	15	
52	338.75	15	
52	338.75	15	
52	338.75	15	
52	338.75	15	
52	338.75	15	
52	338.75	15	
52	338.75	15	
52	338.75	15	
52	338.75	15	
52	338.75	15	
53	0	0	
53	0	0	
53	0	0	
53	0	0	
53	0	0	
53	0	0	
53	0	0	
53	0	0	
53	0	0	
53	0	0	
53	0	0	
53	0	0	
53	0	0	
53	0	0	
53	1.25	0	
53	2.5	0	
53	12.5	2.5	
53	21.25	2.5	
53	31.25	2.5	
53	62.5	3.75	
53	97.5	6.25	
53	117.5	7.5	
53	161.25	11.25	
53	183.75	16.25	
53	231.25	22.5	
53	277.5	27.5	
53	300	31.25	
53	321.25	35	
53	321.25	35	
53	321.25	35	
53	321.25	35	
53	321.25	35	
53	321.25	35	
53	321.25	35	
53	321.25	35	
53	321.25	35	
53	321.25	35	
53	321.25	35	
53	321.25	35	
53	321.25	35	
53	321.25	35	
53	321.25	35	
53	321.25	35	
53	321.25	35	
53	321.25	35	
53	321.25	35	
53	321.25	35	
53	321.25	35	
53	321.25	35	
53	321.25	35	
53	321.25	35	
53	321.25	35	
53	321.25	35	
53	321.25	35	
53	321.25	35	
53	321.25	35	
53	321.25	35	
53	321.25	35	
53	321.25	35	
53	321.25	35	
53	321.25	35	
53	321.25	35	
53	321.25	35	
53	321.25	35	
53	321.25	35	
53	321.25	35	
53	321.25	35	
53	321.25	35	
53	321.25	35	
53	321.25	35	
53	321.25	35	
53	321.25	35	
53	321.25	35	
53	321.25	35	
54	0	0	
54	0	0	
54	0	0	
54	0	0	
54	0	0	
54	0	0	
54	0	0	
54	0	0	
54	0	0	
54	0	0	
54	0	0	
54	0	0	
54	0	0	
54	0	0	
54	0	0	
54	1.25	0	
54	6.25	0	
54	11.25	0	
54	16.25	0	
54	43.75	2.5	
54	67.5	3.75	
54	67.5	3.75	
54	88.75	3.75	
54	128.75	3.75	
54	172.5	7.5	
54	192.5	10	
54	233.75	15	
54	253.75	15	
54	273.75	18.75	
54	328.75	22.5	
54	345	22.5	
54	345	22.5	
54	345	22.5	
54	345	22.5	
54	345	22.5	
54	345	22.5	
54	345	22.5	
54	345	22.5	
54	345	22.5	
54	345	22.5	
54	345	22.5	
54	345	22.5	
54	345	22.5	
54	345	22.5	
54	345	22.5	
54	345	22.5	
54	345	22.5	
54	345	22.5	
54	345	22.5	
54	345	22.5	
54	345	22.5	
54	345	22.5	
54	345	22.5	
54	345	22.5	
54	345	22.5	
54	345	22.5	
54	345	22.5	
54	345	22.5	
54	345	22.5	
54	345	22.5	
54	345	22.5	
54	345	22.5	
54	345	22.5	
54	345	22.5	
54	345	22.5	
54	345	22.5	
54	345	22.5	
54	345	22.5	
54	345	22.5	
54	345	22.5	
54	345	22.5	
54	345	22.5	
54	345	22.5	
54	345	22.5	
55	0	0	
55	0	0	
55	0	0	
55	0	0	
55	0	0	
55	0	0	
55	0	0	
55	0	0	
55	0	0	
55	0	0	
55	0	0	
55	0	0	
55	0	0	
55	0	0	
55	2.5	0	
55	6.25	0	
55	11.25	0	
55	25	0	
55	33.75	0	
55	67.5	0	
55	81.25	0	
55	112.5	-2.5	
55	130	-2.5	
55	148.75	-2.5	
55	208.75	-2.5	
55	230	0	
55	250	0	
55	271.25	0	
55	312.5	1.25	
55	333.75	1.25	
55	333.75	1.25	
55	333.75	1.25	
55	333.75	1.25	
55	333.75	1.25	
55	333.75	1.25	
55	333.75	1.25	
55	333.75	1.25	
55	333.75	1.25	
55	333.75	1.25	
55	333.75	1.25	
55	333.75	1.25	
55	333.75	1.25	
55	333.75	1.25	
55	333.75	1.25	
55	333.75	1.25	
55	333.75	1.25	
55	333.75	1.25	
55	333.75	1.25	
55	333.75	1.25	
55	333.75	1.25	
55	333.75	1.25	
55	333.75	1.25	
55	333.75	1.25	
55	333.75	1.25	
55	333.75	1.25	
55	333.75	1.25	
55	333.75	1.25	
55	333.75	1.25	
55	333.75	1.25	
55	333.75	1.25	
55	333.75	1.25	
55	333.75	1.25	
55	333.75	1.25	
55	333.75	1.25	
55	333.75	1.25	
55	333.75	1.25	
55	333.75	1.25	
55	333.75	1.25	
55	333.75	1.25	
55	333.75	1.25	
55	333.75	1.25	
55	333.75	1.25	
55	333.75	1.25	
55	333.75	1.25	
56	0	0	
56	0	0	
56	0	0	
56	0	0	
56	0	0	
56	0	0	
56	0	0	
56	0	0	
56	0	0	
56	0	0	
56	0	0	
56	0	0	
56	0	0	
56	0	0	
56	0	0	
56	0	0	
56	1.25	0	
56	2.5	0	
56	5	0	
56	23.75	-3.75	
56	31.25	-3.75	
56	38.75	-3.75	
56	47.5	-3.75	
56	66.25	-3.75	
56	90	-3.75	
56	116.25	-3.75	
56	131.25	-1.25	
56	146.25	0	
56	161.25	0	
56	225	6.25	
56	241.25	7.5	
56	258.75	7.5	
56	276.25	7.5	
56	310	11.25	
56	341.25	11.25	
56	341.25	11.25	
56	341.25	11.25	
56	341.25	11.25	
56	341.25	11.25	
56	341.25	11.25	
56	341.25	11.25	
56	341.25	11.25	
56	341.25	11.25	
56	341.25	11.25	
56	341.25	11.25	
56	341.25	11.25	
56	341.25	11.25	
56	341.25	11.25	
56	341.25	11.25	
56	341.25	11.25	
56	341.25	11.25	
56	341.25	11.25	
56	341.25	11.25	
56	341.25	11.25	
56	341.25	11.25	
56	341.25	11.25	
56	341.25	11.25	
56	341.25	11.25	
56	341.25	11.25	
56	341.25	11.25	
56	341.25	11.25	
56	341.25	11.25	
56	341.25	11.25	
56	341.25	11.25	
56	341.25	11.25	
56	341.25	11.25	
56	341.25	11.25	
56	341.25	11.25	
56	341.25	11.25	
56	341.25	11.25	
56	341.25	11.25	
56	341.25	11.25	
56	341.25	11.25	
56	341.25	11.25	
57	0	0	
57	0	0	
57	0	0	
57	0	0	
57	0	0	
57	0	0	
57	0	0	
57	0	0	
57	0	0	
57	0	0	
57	0	0	
57	0	0	
57	0	0	
57	0	0	
57	0	0	
57	0	0	
57	0	0	
57	0	0	
57	1.25	0	
57	12.5	0	
57	26.25	2.5	
57	36.25	3.75	
57	47.5	3.75	
57	73.75	6.25	
57	107.5	10	
57	126.25	11.25	
57	168.75	15	
57	191.25	17.5	
57	213.75	18.75	
57	286.25	26.25	
57	331.25	30	
57	331.25	30	
57	331.25	30	
57	331.25	30	
57	331.25	30	
57	331.25	30	
57	331.25	30	
57	331.25	30	
57	331.25	30	
57	331.25	30	
57	331.25	30	
57	331.25	30	
57	331.25	30	
57	331.25	30	
57	331.25	30	
57	331.25	30	
57	331.25	30	
57	331.25	30	
57	331.25	30	
57	331.25	30	
57	331.25	30	
57	331.25	30	
57	331.25	30	
57	331.25	30	
57	331.25	30	
57	331.25	30	
57	331.25	30	
57	331.25	30	
57	331.25	30	
57	331.25	30	
57	331.25	30	
57	331.25	30	
57	331.25	30	
57	331.25	30	
57	331.25	30	
57	331.25	30	
57	331.25	30	
57	331.25	30	
57	331.25	30	
57	331.25	30	
57	331.25	30	
57	331.25	30	
57	331.25	30	
57	331.25	30	
58	0	0	
58	0	0	
58	0	0	
58	0	0	
58	0	0	
58	0	0	
58	0	0	
58	0	0	
58	0	0	
58	0	0	
58	0	0	
58	0	0	
58	0	0	
58	0	0	
58	2.5	0	
58	6.25	0	
58	16.25	1.25	
58	26.25	1.25	
58	36.25	1.25	
58	75	1.25	
58	90	3.75	
58	125	3.75	
58	145	3.75	
58	166.25	3.75	
58	231.25	3.75	
58	255	5	
58	277.5	3.75	
58	321.25	3.75	
58	341.25	3.75	
58	341.25	3.75	
58	341.25	3.75	
58	341.25	3.75	
58	341.25	3.75	
58	341.25	3.75	
58	341.25	3.75	
58	341.25	3.75	
58	341.25	3.75	
58	341.25	3.75	
58	341.25	3.75	
58	341.25	3.75	
58	341.25	3.75	
58	341.25	3.75	
58	341.25	3.75	
58	341.25	3.75	
58	341.25	3.75	
58	341.25	3.75	
58	341.25	3.75	
58	341.25	3.75	
58	341.25	3.75	
58	341.25	3.75	
58	341.25	3.75	
58	341.25	3.75	
58	341.25	3.75	
58	341.25	3.75	
58	341.25	3.75	
58	341.25	3.75	
58	341.25	3.75	
58	341.25	3.75	
58	341.25	3.75	
58	341.25	3.75	
58	341.25	3.75	
58	341.25	3.75	
58	341.25	3.75	
58	341.25	3.75	
58	341.25	3.75	
58	341.25	3.75	
58	341.25	3.75	
58	341.25	3.75	
58	341.25	3.75	
58	341.25	3.75	
58	341.25	3.75	
58	341.25	3.75	
58	341.25	3.75	
58	341.25	3.75	
59	0	0	
59	0	0	
59	0	0	
59	0	0	
59	0	0	
59	0	0	
59	0	0	
59	0	0	
59	0	0	
59	0	0	
59	0	0	
59	0	0	
59	0	0	
59	0	0	
59	0	0	
59	2.5	-2.5	
59	6.25	-2.5	
59	13.75	-2.5	
59	28.75	-2.5	
59	66.25	-2.5	
59	82.5	-2.5	
59	98.75	-2.5	
59	136.25	-2.5	
59	157.5	-2.5	
59	203.75	-3.75	
59	251.25	-3.75	
59	275	-6.25	
59	298.75	-6.25	
59	321.25	-6.25	
59	321.25	-6.25	
59	321.25	-6.25	
59	321.25	-6.25	
59	321.25	-6.25	
59	321.25	-6.25	
59	321.25	-6.25	
59	321.25	-6.25	
59	321.25	-6.25	
59	321.25	-6.25	
59	321.25	-6.25	
59	321.25	-6.25	
59	321.25	-6.25	
59	321.25	-6.25	
59	321.25	-6.25	
59	321.25	-6.25	
59	321.25	-6.25	
59	321.25	-6.25	
59	321.25	-6.25	
59	321.25	-6.25	
59	321.25	-6.25	
59	321.25	-6.25	
59	321.25	-6.25	
59	321.25	-6.25	
59	321.25	-6.25	
59	321.25	-6.25	
59	321.25	-6.25	
59	321.25	-6.25	
59	321.25	-6.25	
59	321.25	-6.25	
59	321.25	-6.25	
59	321.25	-6.25	
59	321.25	-6.25	
59	321.25	-6.25	
59	321.25	-6.25	
59	321.25	-6.25	
59	321.25	-6.25	
59	321.25	-6.25	
59	321.25	-6.25	
59	321.25	-6.25	
59	321.25	-6.25	
59	321.25	-6.25	
59	321.25	-6.25	
59	321.25	-6.25	
59	321.25	-6.25	
59	321.25	-6.25	
60	0	0	
60	0	0	
60	0	0	
60	0	0	
60	0	0	
60	0	0	
60	0	0	
60	0	0	
60	0	0	
60	0	0	
60	0	0	
60	0	0	
60	0	0	
60	0	0	
60	0	0	
60	0	0	
60	0	0	
60	0	0	
60	0	0	
60	1.25	0	
60	5	0	
60	17.5	2.5	
60	27.5	3.75	
60	38.75	3.75	
60	85	7.5	
60	103.75	10	
60	125	10	
60	146.25	10	
60	195	11.25	
60	275	13.75	
60	303.75	15	
60	330	15	
60	330	15	
60	330	15	
60	330	15	
60	330	15	
60	330	15	
60	330	15	
60	330	15	
60	330	15	
60	330	15	
60	330	15	
60	330	15	
60	330	15	
60	330	15	
60	330	15	
60	330	15	
60	330	15	
60	330	15	
60	330	15	
60	330	15	
60	330	15	
60	330	15	
60	330	15	
60	330	15	
60	330	15	
60	330	15	
60	330	15	
60	330	15	
60	330	15	
60	330	15	
60	330	15	
60	330	15	
60	330	15	
60	330	15	
60	330	15	
60	330	15	
60	330	15	
60	330	15	
60	330	15	
60	330	15	
60	330	15	
60	330	15	
60	330	15	
61	0	0	
61	0	0	
61	0	0	
61	0	0	
61	0	0	
61	0	0	
61	0	0	
61	0	0	
61	0	0	
61	0	0	
61	0	0	
61	0	0	
61	1.25	0	
61	5	0	
61	12.5	0	
61	26.25	0	
61	37.5	0	
61	48.75	1.25	
61	76.25	1.25	
61	130	5	
61	151.25	5	
61	172.5	5	
61	195	5	
61	241.25	8.75	
61	290	8.75	
61	336.25	8.75	
61	336.25	8.75	
61	336.25	8.75	
61	336.25	8.75	
61	336.25	8.75	
61	336.25	8.75	
61	336.25	8.75	
61	336.25	8.75	
61	336.25	8.75	
61	336.25	8.75	
61	336.25	8.75	
61	336.25	8.75	
61	336.25	8.75	
61	336.25	8.75	
61	336.25	8.75	
61	336.25	8.75	
61	336.25	8.75	
61	336.25	8.75	
61	336.25	8.75	
61	336.25	8.75	
61	336.25	8.75	
61	336.25	8.75	
61	336.25	8.75	
61	336.25	8.75	
61	336.25	8.75	
61	336.25	8.75	
61	336.25	8.75	
61	336.25	8.75	
61	336.25	8.75	
61	336.25	8.75	
61	336.25	8.75	
61	336.25	8.75	
61	336.25	8.75	
61	336.25	8.75	
61	336.25	8.75	
61	336.25	8.75	
61	336.25	8.75	
61	336.25	8.75	
61	336.25	8.75	
61	336.25	8.75	
61	336.25	8.75	
61	336.25	8.75	
61	336.25	8.75	
61	336.25	8.75	
61	336.25	8.75	
61	336.25	8.75	
61	336.25	8.75	
61	336.25	8.75	
61	336.25	8.75	
62	0	0	
62	0	0	
62	0	0	
62	0	0	
62	0	0	
62	0	0	
62	0	0	
62	0	0	
62	0	0	
62	0	0	
62	0	0	
62	0	0	
62	0	0	
62	0	0	
62	7.5	1.25	
62	16.25	1.25	
62	26.25	3.75	
62	38.75	3.75	
62	68.75	1.25	
62	125	1.25	
62	146.25	1.25	
62	168.75	1.25	
62	193.75	1.25	
62	241.25	0	
62	290	-2.5	
62	335	-2.5	
62	335	-2.5	
62	335	-2.5	
62	335	-2.5	
62	335	-2.5	
62	335	-2.5	
62	335	-2.5	
62	335	-2.5	
62	335	-2.5	
62	335	-2.5	
62	335	-2.5	
62	335	-2.5	
62	335	-2.5	
62	335	-2.5	
62	335	-2.5	
62	335	-2.5	
62	335	-2.5	
62	335	-2.5	
62	335	-2.5	
62	335	-2.5	
62	335	-2.5	
62	335	-2.5	
62	335	-2.5	
62	335	-2.5	
62	335	-2.5	
62	335	-2.5	
62	335	-2.5	
62	335	-2.5	
62	335	-2.5	
62	335	-2.5	
62	335	-2.5	
62	335	-2.5	
62	335	-2.5	
62	335	-2.5	
62	335	-2.5	
62	335	-2.5	
62	335	-2.5	
62	335	-2.5	
62	335	-2.5	
62	335	-2.5	
62	335	-2.5	
62	335	-2.5	
62	335	-2.5	
62	335	-2.5	
62	335	-2.5	
62	335	-2.5	
62	335	-2.5	
62	335	-2.5	
62	335	-2.5	
63	0	0	
63	0	0	
63	0	0	
63	0	0	
63	0	0	
63	0	0	
63	0	0	
63	0	0	
63	0	0	
63	0	0	
63	0	0	
63	0	0	
63	0	0	
63	0	0	
63	0	0	
63	2.5	1.25	
63	5	1.25	
63	15	1.25	
63	30	1.25	
63	48.75	1.25	
63	60	1.25	
63	86.25	1.25	
63	86.25	1.25	
63	106.25	1.25	
63	167.5	3.75	
63	188.75	3.75	
63	210	3.75	
63	251.25	1.25	
63	288.75	0	
63	323.75	-2.5	
63	340	-6.25	
63	340	-6.25	
63	340	-6.25	
63	340	-6.25	
63	340	-6.25	
63	340	-6.25	
63	340	-6.25	
63	340	-6.25	
63	340	-6.25	
63	340	-6.25	
63	340	-6.25	
63	340	-6.25	
63	340	-6.25	
63	340	-6.25	
63	340	-6.25	
63	340	-6.25	
63	340	-6.25	
63	340	-6.25	
63	340	-6.25	
63	340	-6.25	
63	340	-6.25	
63	340	-6.25	
63	340	-6.25	
63	340	-6.25	
63	340	-6.25	
63	340	-6.25	
63	340	-6.25	
63	340	-6.25	
63	340	-6.25	
63	340	-6.25	
63	340	-6.25	
63	340	-6.25	
63	340	-6.25	
63	340	-6.25	
63	340	-6.25	
63	340	-6.25	
63	340	-6.25	
63	340	-6.25	
63	340	-6.25	
63	340	-6.25	
63	340	-6.25	
63	340	-6.25	
63	340	-6.25	
63	340	-6.25	
64	0	0	
64	0	0	
64	0	0	
64	0	0	
64	0	0	
64	0	0	
64	0	0	
64	0	0	
64	0	0	
64	0	0	
64	1.25	0	
64	1.25	0	
64	1.25	0	
64	1.25	2.5	
64	3.75	3.75	
64	6.25	3.75	
64	15	7.5	
64	21.25	7.5	
64	38.75	13.75	
64	62.5	18.75	
64	93.75	22.5	
64	111.25	26.25	
64	131.25	30	
64	156.25	32.5	
64	206.25	37.5	
64	230	37.5	
64	278.75	40	
64	302.5	40	
64	346.25	40	
64	346.25	40	
64	346.25	40	
64	346.25	40	
64	346.25	40	
64	346.25	40	
64	346.25	40	
64	346.25	40	
64	346.25	40	
64	346.25	40	
64	346.25	40	
64	346.25	40	
64	346.25	40	
64	346.25	40	
64	346.25	40	
64	346.25	40	
64	346.25	40	
64	346.25	40	
64	346.25	40	
64	346.25	40	
64	346.25	40	
64	346.25	40	
64	346.25	40	
64	346.25	40	
64	346.25	40	
64	346.25	40	
64	346.25	40	
64	346.25	40	
64	346.25	40	
64	346.25	40	
64	346.25	40	
64	346.25	40	
64	346.25	40	
64	346.25	40	
64	346.25	40	
64	346.25	40	
64	346.25	40	
64	346.25	40	
64	346.25	40	
64	346.25	40	
64	346.25	40	
64	346.25	40	
64	346.25	40	
64	346.25	40	
64	346.25	40	
64	346.25	40	
65	0	0	
65	0	0	
65	0	0	
65	0	0	
65	0	0	
65	0	0	
65	0	0	
65	0	0	
65	0	0	
65	0	0	
65	0	0	
65	0	0	
65	0	0	
65	0	0	
65	0	0	
65	0	0	
65	0	0	
65	1.25	0	
65	3.75	2.5	
65	15	3.75	
65	21.25	3.75	
65	28.75	3.75	
65	46.25	3.75	
65	57.5	3.75	
65	85	3.75	
65	105	3.75	
65	125	3.75	
65	165	3.75	
65	185	2.5	
65	247.5	0	
65	267.5	0	
65	287.5	-1.25	
65	305	-3.75	
65	338.75	-3.75	
65	338.75	-3.75	
65	338.75	-3.75	
65	338.75	-3.75	
65	338.75	-3.75	
65	338.75	-3.75	
65	338.75	-3.75	
65	338.75	-3.75	
65	338.75	-3.75	
65	338.75	-3.75	
65	338.75	-3.75	
65	338.75	-3.75	
65	338.75	-3.75	
65	338.75	-3.75	
65	338.75	-3.75	
65	338.75	-3.75	
65	338.75	-3.75	
65	338.75	-3.75	
65	338.75	-3.75	
65	338.75	-3.75	
65	338.75	-3.75	
65	338.75	-3.75	
65	338.75	-3.75	
65	338.75	-3.75	
65	338.75	-3.75	
65	338.75	-3.75	
65	338.75	-3.75	
65	338.75	-3.75	
65	338.75	-3.75	
65	338.75	-3.75	
65	338.75	-3.75	
65	338.75	-3.75	
65	338.75	-3.75	
65	338.75	-3.75	
65	338.75	-3.75	
65	338.75	-3.75	
65	338.75	-3.75	
65	338.75	-3.75	
65	338.75	-3.75	
65	338.75	-3.75	
65	338.75	-3.75	
66	0	0	
66	0	0	
66	0	0	
66	0	0	
66	0	0	
66	0	0	
66	0	0	
66	0	0	
66	0	0	
66	0	0	
66	0	0	
66	0	0	
66	0	0	
66	0	0	
66	0	0	
66	0	0	
66	1.25	0	
66	3.75	0	
66	6.25	0	
66	23.75	3.75	
66	31.25	3.75	
66	41.25	6.25	
66	51.25	7.5	
66	76.25	7.5	
66	106.25	11.25	
66	140	15	
66	157.5	15	
66	195	18.75	
66	215	18.75	
66	270	21.25	
66	287.5	22.5	
66	303.75	22.5	
66	320	22.5	
66	342.5	22.5	
66	342.5	22.5	
66	342.5	22.5	
66	342.5	22.5	
66	342.5	22.5	
66	342.5	22.5	
66	342.5	22.5	
66	342.5	22.5	
66	342.5	22.5	
66	342.5	22.5	
66	342.5	22.5	
66	342.5	22.5	
66	342.5	22.5	
66	342.5	22.5	
66	342.5	22.5	
66	342.5	22.5	
66	342.5	22.5	
66	342.5	22.5	
66	342.5	22.5	
66	342.5	22.5	
66	342.5	22.5	
66	342.5	22.5	
66	342.5	22.5	
66	342.5	22.5	
66	342.5	22.5	
66	342.5	22.5	
66	342.5	22.5	
66	342.5	22.5	
66	342.5	22.5	
66	342.5	22.5	
66	342.5	22.5	
66	342.5	22.5	
66	342.5	22.5	
66	342.5	22.5	
66	342.5	22.5	
66	342.5	22.5	
66	342.5	22.5	
66	342.5	22.5	
66	342.5	22.5	
66	342.5	22.5	
66	342.5	22.5	
67	0	0	
67	0	0	
67	0	0	
67	0	0	
67	0	0	
67	0	0	
67	0	0	
67	0	0	
67	0	0	
67	0	0	
67	0	0	
67	0	0	
67	0	0	
67	0	0	
67	0	0	
67	0	0	
67	0	0	
67	0	0	
67	0	0	
67	0	0	
67	0	0	
67	0	0	
67	0	0	
67	0	0	
67	0	0	
67	0	0	
67	0	0	
67	0	0	
67	0	0	
67	1.25	2.5	
67	7.5	0	
67	12.5	0	
67	18.75	2.5	
67	27.5	2.5	
67	58.75	3.75	
67	73.75	6.25	
67	103.75	7.5	
67	122.5	11.25	
67	157.5	13.75	
67	193.75	15	
67	230	18.75	
67	248.75	18.75	
67	266.25	21.25	
67	283.75	22.5	
67	331.25	25	
67	345	26.25	
67	345	26.25	
67	345	26.25	
67	345	26.25	
67	345	26.25	
67	345	26.25	
67	345	26.25	
67	345	26.25	
67	345	26.25	
67	345	26.25	
67	345	26.25	
67	345	26.25	
67	345	26.25	
67	345	26.25	
67	345	26.25	
67	345	26.25	
67	345	26.25	
67	345	26.25	
67	345	26.25	
67	345	26.25	
67	345	26.25	
67	345	26.25	
67	345	26.25	
67	345	26.25	
67	345	26.25	
67	345	26.25	
67	345	26.25	
67	345	26.25	
67	345	26.25	
68	0	0	
68	0	0	
68	0	0	
68	0	0	
68	0	0	
68	0	0	
68	0	0	
68	0	0	
68	0	0	
68	0	0	
68	0	0	
68	0	0	
68	0	0	
68	0	0	
68	7.5	-2.5	
68	13.75	-2.5	
68	20	-2.5	
68	41.25	-2.5	
68	68.75	-2.5	
68	101.25	0	
68	140	1.25	
68	161.25	1.25	
68	183.75	1.25	
68	207.5	1.25	
68	276.25	3.75	
68	298.75	5	
68	320	5	
68	320	5	
68	320	5	
68	320	5	
68	320	5	
68	320	5	
68	320	5	
68	320	5	
68	320	5	
68	320	5	
68	320	5	
68	320	5	
68	320	5	
68	320	5	
68	320	5	
68	320	5	
68	320	5	
68	320	5	
68	320	5	
68	320	5	
68	320	5	
68	320	5	
68	320	5	
68	320	5	
68	320	5	
68	320	5	
68	320	5	
68	320	5	
68	320	5	
68	320	5	
68	320	5	
68	320	5	
68	320	5	
68	320	5	
68	320	5	
68	320	5	
68	320	5	
68	320	5	
68	320	5	
68	320	5	
68	320	5	
68	320	5	
68	320	5	
68	320	5	
68	320	5	
68	320	5	
68	320	5	
68	320	5	
69	0	0	
69	0	0	
69	0	0	
69	0	0	
69	0	0	
69	0	0	
69	0	0	
69	0	0	
69	0	0	
69	0	0	
69	0	0	
69	0	0	
69	0	0	
69	0	0	
69	1.25	1.25	
69	5	1.25	
69	12.5	3.75	
69	17.5	5	
69	23.75	5	
69	48.75	8.75	
69	60	11.25	
69	72.5	12.5	
69	85	12.5	
69	112.5	16.25	
69	145	18.75	
69	178.75	20	
69	196.25	20	
69	232.5	22.5	
69	251.25	22.5	
69	307.5	23.75	
69	325	23.75	
69	342.5	23.75	
69	342.5	23.75	
69	342.5	23.75	
69	342.5	23.75	
69	342.5	23.75	
69	342.5	23.75	
69	342.5	23.75	
69	342.5	23.75	
69	342.5	23.75	
69	342.5	23.75	
69	342.5	23.75	
69	342.5	23.75	
69	342.5	23.75	
69	342.5	23.75	
69	342.5	23.75	
69	342.5	23.75	
69	342.5	23.75	
69	342.5	23.75	
69	342.5	23.75	
69	342.5	23.75	
69	342.5	23.75	
69	342.5	23.75	
69	342.5	23.75	
69	342.5	23.75	
69	342.5	23.75	
69	342.5	23.75	
69	342.5	23.75	
69	342.5	23.75	
69	342.5	23.75	
69	342.5	23.75	
69	342.5	23.75	
69	342.5	23.75	
69	342.5	23.75	
69	342.5	23.75	
69	342.5	23.75	
69	342.5	23.75	
69	342.5	23.75	
69	342.5	23.75	
69	342.5	23.75	
69	342.5	23.75	
69	342.5	23.75	
69	342.5	23.75	
69	342.5	23.75	
70	0	0	
70	0	0	
70	0	0	
70	0	0	
70	0	0	
70	0	0	
70	0	0	
70	0	0	
70	0	0	
70	0	0	
70	0	0	
70	0	0	
70	0	0	
70	0	0	
70	1.25	0	
70	3.75	1.25	
70	6.25	1.25	
70	12.5	3.75	
70	18.75	5	
70	43.75	8.75	
70	56.25	12.5	
70	70	12.5	
70	85	16.25	
70	120	20	
70	161.25	23.75	
70	205	27.5	
70	228.75	30	
70	276.25	33.75	
70	298.75	35	
70	321.25	35	
70	321.25	35	
70	321.25	35	
70	321.25	35	
70	321.25	35	
70	321.25	35	
70	321.25	35	
70	321.25	35	
70	321.25	35	
70	321.25	35	
70	321.25	35	
70	321.25	35	
70	321.25	35	
70	321.25	35	
70	321.25	35	
70	321.25	35	
70	321.25	35	
70	321.25	35	
70	321.25	35	
70	321.25	35	
70	321.25	35	
70	321.25	35	
70	321.25	35	
70	321.25	35	
70	321.25	35	
70	321.25	35	
70	321.25	35	
70	321.25	35	
70	321.25	35	
70	321.25	35	
70	321.25	35	
70	321.25	35	
70	321.25	35	
70	321.25	35	
70	321.25	35	
70	321.25	35	
70	321.25	35	
70	321.25	35	
70	321.25	35	
70	321.25	35	
70	321.25	35	
70	321.25	35	
70	321.25	35	
70	321.25	35	
70	321.25	35	
71	0	0	
71	10	-26.25	
71	11.25	-26.25	
71	11.25	-28.75	
71	12.5	-28.75	
71	12.5	-28.75	
71	12.5	-28.75	
71	12.5	-28.75	
71	12.5	-28.75	
71	13.75	-28.75	
71	13.75	-28.75	
71	13.75	-28.75	
71	15	-28.75	
71	15	-28.75	
71	15	-28.75	
71	15	-28.75	
71	15	-28.75	
71	15	-28.75	
71	15	-28.75	
71	15	-28.75	
71	15	-28.75	
71	15	-28.75	
71	15	-28.75	
71	15	-28.75	
71	15	-28.75	
71	15	-28.75	
71	16.25	-30	
71	18.75	-30	
71	27.5	-28.75	
71	41.25	-25	
71	50	-25	
71	71.25	-21.25	
71	83.75	-18.75	
71	96.25	-17.5	
71	141.25	-11.25	
71	158.75	-10	
71	196.25	-6.25	
71	215	-2.5	
71	253.75	1.25	
71	293.75	5	
71	313.75	8.75	
71	348.75	11.25	
71	348.75	11.25	
71	348.75	11.25	
71	348.75	11.25	
71	348.75	11.25	
71	348.75	11.25	
71	348.75	11.25	
71	348.75	11.25	
71	348.75	11.25	
71	348.75	11.25	
71	348.75	11.25	
71	348.75	11.25	
71	348.75	11.25	
71	348.75	11.25	
71	348.75	11.25	
71	348.75	11.25	
71	348.75	11.25	
71	348.75	11.25	
71	348.75	11.25	
71	348.75	11.25	
71	348.75	11.25	
71	348.75	11.25	
71	348.75	11.25	
71	348.75	11.25	
71	348.75	11.25	
71	348.75	11.25	
71	348.75	11.25	
71	348.75	11.25	
71	348.75	11.25	
71	348.75	11.25	
71	348.75	11.25	
71	348.75	11.25	
71	348.75	11.25	
72	0	0	
72	0	0	
72	0	0	
72	0	0	
72	0	0	
72	0	0	
72	0	0	
72	0	0	
72	0	0	
72	0	0	
72	0	0	
72	0	0	
72	0	0	
72	0	0	
72	0	0	
72	0	0	
72	0	0	
72	0	0	
72	0	0	
72	0	0	
72	0	0	
72	1.25	0	
72	2.5	0	
72	6.25	1.25	
72	21.25	3.75	
72	38.75	7.5	
72	50	8.75	
72	75	11.25	
72	75	11.25	
72	128.75	15	
72	148.75	16.25	
72	168.75	16.25	
72	210	20	
72	231.25	22.5	
72	273.75	26.25	
72	312.5	27.5	
72	347.5	31.25	
72	347.5	31.25	
72	347.5	31.25	
72	347.5	31.25	
72	347.5	31.25	
72	347.5	31.25	
72	347.5	31.25	
72	347.5	31.25	
72	347.5	31.25	
72	347.5	31.25	
72	347.5	31.25	
72	347.5	31.25	
72	347.5	31.25	
72	347.5	31.25	
72	347.5	31.25	
72	347.5	31.25	
72	347.5	31.25	
72	347.5	31.25	
72	347.5	31.25	
72	347.5	31.25	
72	347.5	31.25	
72	347.5	31.25	
72	347.5	31.25	
72	347.5	31.25	
72	347.5	31.25	
72	347.5	31.25	
72	347.5	31.25	
72	347.5	31.25	
72	347.5	31.25	
72	347.5	31.25	
72	347.5	31.25	
72	347.5	31.25	
72	347.5	31.25	
72	347.5	31.25	
72	347.5	31.25	
72	347.5	31.25	
72	347.5	31.25	
72	347.5	31.25	
73	0	0	
73	0	0	
73	0	0	
73	0	0	
73	0	0	
73	0	0	
73	0	0	
73	0	0	
73	0	0	
73	0	0	
73	0	0	
73	0	0	
73	0	0	
73	0	0	
73	0	0	
73	0	0	
73	0	0	
73	1.25	0	
73	3.75	0	
73	10	0	
73	17.5	0	
73	33.75	3.75	
73	42.5	3.75	
73	51.25	3.75	
73	83.75	7.5	
73	110	10	
73	125	10	
73	140	11.25	
73	172.5	11.25	
73	207.5	11.25	
73	226.25	11.25	
73	265	10	
73	285	10	
73	305	10	
73	323.75	7.5	
73	323.75	7.5	
73	323.75	7.5	
73	323.75	7.5	
73	323.75	7.5	
73	323.75	7.5	
73	323.75	7.5	
73	323.75	7.5	
73	323.75	7.5	
73	323.75	7.5	
73	323.75	7.5	
73	323.75	7.5	
73	323.75	7.5	
73	323.75	7.5	
73	323.75	7.5	
73	323.75	7.5	
73	323.75	7.5	
73	323.75	7.5	
73	323.75	7.5	
73	323.75	7.5	
73	323.75	7.5	
73	323.75	7.5	
73	323.75	7.5	
73	323.75	7.5	
73	323.75	7.5	
73	323.75	7.5	
73	323.75	7.5	
73	323.75	7.5	
73	323.75	7.5	
73	323.75	7.5	
73	323.75	7.5	
73	323.75	7.5	
73	323.75	7.5	
73	323.75	7.5	
73	323.75	7.5	
73	323.75	7.5	
73	323.75	7.5	
73	323.75	7.5	
73	323.75	7.5	
73	323.75	7.5	
74	0	0	
74	0	0	
74	0	0	
74	0	0	
74	0	0	
74	0	0	
74	0	0	
74	0	0	
74	0	0	
74	0	0	
74	0	0	
74	0	0	
74	0	0	
74	0	0	
74	0	0	
74	0	0	
74	0	0	
74	1.25	0	
74	3.75	-1.25	
74	18.75	0	
74	26.25	0	
74	36.25	0	
74	58.75	0	
74	72.5	0	
74	92.5	0	
74	135	2.5	
74	178.75	3.75	
74	203.75	3.75	
74	227.5	7.5	
74	295	10	
74	316.25	10	
74	332.5	10	
74	332.5	10	
74	332.5	10	
74	332.5	10	
74	332.5	10	
74	332.5	10	
74	332.5	10	
74	332.5	10	
74	332.5	10	
74	332.5	10	
74	332.5	10	
74	332.5	10	
74	332.5	10	
74	332.5	10	
74	332.5	10	
74	332.5	10	
74	332.5	10	
74	332.5	10	
74	332.5	10	
74	332.5	10	
74	332.5	10	
74	332.5	10	
74	332.5	10	
74	332.5	10	
74	332.5	10	
74	332.5	10	
74	332.5	10	
74	332.5	10	
74	332.5	10	
74	332.5	10	
74	332.5	10	
74	332.5	10	
74	332.5	10	
74	332.5	10	
74	332.5	10	
74	332.5	10	
74	332.5	10	
74	332.5	10	
74	332.5	10	
74	332.5	10	
74	332.5	10	
74	332.5	10	
74	332.5	10	
75	0	0	
75	-1.25	0	
75	-1.25	0	
75	-1.25	0	
75	-1.25	0	
75	-1.25	0	
75	-1.25	0	
75	-1.25	0	
75	-1.25	0	
75	-1.25	0	
75	-1.25	0	
75	-1.25	0	
75	-1.25	0	
75	-1.25	0	
75	-1.25	0	
75	-1.25	0	
75	-1.25	0	
75	-1.25	0	
75	-1.25	0	
75	3.75	0	
75	6.25	0	
75	10	0	
75	23.75	1.25	
75	33.75	1.25	
75	58.75	1.25	
75	78.75	1.25	
75	122.5	1.25	
75	146.25	1.25	
75	168.75	1.25	
75	240	5	
75	265	5	
75	290	5	
75	312.5	7.5	
75	333.75	8.75	
75	333.75	8.75	
75	333.75	8.75	
75	333.75	8.75	
75	333.75	8.75	
75	333.75	8.75	
75	333.75	8.75	
75	333.75	8.75	
75	333.75	8.75	
75	333.75	8.75	
75	333.75	8.75	
75	333.75	8.75	
75	333.75	8.75	
75	333.75	8.75	
75	333.75	8.75	
75	333.75	8.75	
75	333.75	8.75	
75	333.75	8.75	
75	333.75	8.75	
75	333.75	8.75	
75	333.75	8.75	
75	333.75	8.75	
75	333.75	8.75	
75	333.75	8.75	
75	333.75	8.75	
75	333.75	8.75	
75	333.75	8.75	
75	333.75	8.75	
75	333.75	8.75	
75	333.75	8.75	
75	333.75	8.75	
75	333.75	8.75	
75	333.75	8.75	
75	333.75	8.75	
75	333.75	8.75	
75	333.75	8.75	
75	333.75	8.75	
75	333.75	8.75	
75	333.75	8.75	
75	333.75	8.75	
75	333.75	8.75	
76	0	0	
76	0	0	
76	0	0	
76	0	0	
76	0	0	
76	0	0	
76	0	0	
76	0	0	
76	0	0	
76	0	0	
76	0	0	
76	0	0	
76	0	0	
76	0	0	
76	1.25	2.5	
76	5	2.5	
76	8.75	3.75	
76	13.75	3.75	
76	21.25	3.75	
76	50	7.5	
76	62.5	7.5	
76	76.25	7.5	
76	112.5	11.25	
76	131.25	11.25	
76	192.5	13.75	
76	235	13.75	
76	235	13.75	
76	280	15	
76	300	17.5	
76	321.25	18.75	
76	321.25	18.75	
76	321.25	18.75	
76	321.25	18.75	
76	321.25	18.75	
76	321.25	18.75	
76	321.25	18.75	
76	321.25	18.75	
76	321.25	18.75	
76	321.25	18.75	
76	321.25	18.75	
76	321.25	18.75	
76	321.25	18.75	
76	321.25	18.75	
76	321.25	18.75	
76	321.25	18.75	
76	321.25	18.75	
76	321.25	18.75	
76	321.25	18.75	
76	321.25	18.75	
76	321.25	18.75	
76	321.25	18.75	
76	321.25	18.75	
76	321.25	18.75	
76	321.25	18.75	
76	321.25	18.75	
76	321.25	18.75	
76	321.25	18.75	
76	321.25	18.75	
76	321.25	18.75	
76	321.25	18.75	
76	321.25	18.75	
76	321.25	18.75	
76	321.25	18.75	
76	321.25	18.75	
76	321.25	18.75	
76	321.25	18.75	
76	321.25	18.75	
76	321.25	18.75	
76	321.25	18.75	
76	321.25	18.75	
76	321.25	18.75	
76	321.25	18.75	
76	321.25	18.75	
76	321.25	18.75	
77	0	0	
77	0	0	
77	0	0	
77	0	0	
77	0	0	
77	0	0	
77	0	0	
77	0	0	
77	0	0	
77	0	0	
77	0	0	
77	0	0	
77	0	0	
77	0	0	
77	2.5	0	
77	3.75	0	
77	7.5	2.5	
77	11.25	2.5	
77	18.75	3.75	
77	38.75	7.5	
77	63.75	10	
77	78.75	11.25	
77	95	11.25	
77	111.25	11.25	
77	188.75	15	
77	208.75	15	
77	230	15	
77	251.25	17.5	
77	292.5	17.5	
77	330	17.5	
77	346.25	17.5	
77	346.25	17.5	
77	346.25	17.5	
77	346.25	17.5	
77	346.25	17.5	
77	346.25	17.5	
77	346.25	17.5	
77	346.25	17.5	
77	346.25	17.5	
77	346.25	17.5	
77	346.25	17.5	
77	346.25	17.5	
77	346.25	17.5	
77	346.25	17.5	
77	346.25	17.5	
77	346.25	17.5	
77	346.25	17.5	
77	346.25	17.5	
77	346.25	17.5	
77	346.25	17.5	
77	346.25	17.5	
77	346.25	17.5	
77	346.25	17.5	
77	346.25	17.5	
77	346.25	17.5	
77	346.25	17.5	
77	346.25	17.5	
77	346.25	17.5	
77	346.25	17.5	
77	346.25	17.5	
77	346.25	17.5	
77	346.25	17.5	
77	346.25	17.5	
77	346.25	17.5	
77	346.25	17.5	
77	346.25	17.5	
77	346.25	17.5	
77	346.25	17.5	
77	346.25	17.5	
77	346.25	17.5	
77	346.25	17.5	
77	346.25	17.5	
77	346.25	17.5	
77	346.25	17.5	
78	0	0	
78	0	0	
78	0	0	
78	0	0	
78	0	0	
78	0	0	
78	0	0	
78	0	0	
78	0	0	
78	0	0	
78	0	0	
78	0	0	
78	0	0	
78	0	0	
78	0	1.25	
78	1.25	1.25	
78	5	1.25	
78	7.5	1.25	
78	11.25	1.25	
78	27.5	1.25	
78	36.25	3.75	
78	46.25	3.75	
78	56.25	5	
78	68.75	5	
78	108.75	5	
78	130	3.75	
78	150	3.75	
78	190	1.25	
78	208.75	1.25	
78	248.75	0	
78	287.5	0	
78	306.25	0	
78	323.75	-2.5	
78	338.75	-2.5	
78	338.75	-2.5	
78	338.75	-2.5	
78	338.75	-2.5	
78	338.75	-2.5	
78	338.75	-2.5	
78	338.75	-2.5	
78	338.75	-2.5	
78	338.75	-2.5	
78	338.75	-2.5	
78	338.75	-2.5	
78	338.75	-2.5	
78	338.75	-2.5	
78	338.75	-2.5	
78	338.75	-2.5	
78	338.75	-2.5	
78	338.75	-2.5	
78	338.75	-2.5	
78	338.75	-2.5	
78	338.75	-2.5	
78	338.75	-2.5	
78	338.75	-2.5	
78	338.75	-2.5	
78	338.75	-2.5	
78	338.75	-2.5	
78	338.75	-2.5	
78	338.75	-2.5	
78	338.75	-2.5	
78	338.75	-2.5	
78	338.75	-2.5	
78	338.75	-2.5	
78	338.75	-2.5	
78	338.75	-2.5	
78	338.75	-2.5	
78	338.75	-2.5	
78	338.75	-2.5	
78	338.75	-2.5	
78	338.75	-2.5	
78	338.75	-2.5	
78	338.75	-2.5	
78	338.75	-2.5	
79	0	0	
79	0	0	
79	0	0	
79	0	0	
79	0	0	
79	0	0	
79	0	0	
79	0	0	
79	0	0	
79	0	0	
79	0	0	
79	0	0	
79	1.25	0	
79	5	1.25	
79	25	5	
79	38.75	8.75	
79	55	12.5	
79	95	16.25	
79	118.75	18.75	
79	168.75	20	
79	220	20	
79	246.25	20	
79	271.25	20	
79	320	22.5	
79	341.25	22.5	
79	341.25	22.5	
79	341.25	22.5	
79	341.25	22.5	
79	341.25	22.5	
79	341.25	22.5	
79	341.25	22.5	
79	341.25	22.5	
79	341.25	22.5	
79	341.25	22.5	
79	341.25	22.5	
79	341.25	22.5	
79	341.25	22.5	
79	341.25	22.5	
79	341.25	22.5	
79	341.25	22.5	
79	341.25	22.5	
79	341.25	22.5	
79	341.25	22.5	
79	341.25	22.5	
79	341.25	22.5	
79	341.25	22.5	
79	341.25	22.5	
79	341.25	22.5	
79	341.25	22.5	
79	341.25	22.5	
79	341.25	22.5	
79	341.25	22.5	
79	341.25	22.5	
79	341.25	22.5	
79	341.25	22.5	
79	341.25	22.5	
79	341.25	22.5	
79	341.25	22.5	
79	341.25	22.5	
79	341.25	22.5	
79	341.25	22.5	
79	341.25	22.5	
79	341.25	22.5	
79	341.25	22.5	
79	341.25	22.5	
79	341.25	22.5	
79	341.25	22.5	
79	341.25	22.5	
79	341.25	22.5	
79	341.25	22.5	
79	341.25	22.5	
79	341.25	22.5	
79	341.25	22.5	
79	341.25	22.5	
80	0	0	
80	0	0	
80	0	0	
80	0	0	
80	0	0	
80	0	0	
80	0	0	
80	0	0	
80	0	0	
80	0	0	
80	0	0	
80	0	0	
80	0	0	
80	0	0	
80	0	1.25	
80	0	1.25	
80	1.25	3.75	
80	2.5	3.75	
80	3.75	5	
80	15	7.5	
80	21.25	8.75	
80	37.5	11.25	
80	48.75	12.5	
80	61.25	12.5	
80	105	15	
80	127.5	16.25	
80	150	16.25	
80	172.5	18.75	
80	217.5	20	
80	262.5	23.75	
80	282.5	23.75	
80	322.5	23.75	
80	341.25	26.25	
80	341.25	26.25	
80	341.25	26.25	
80	341.25	26.25	
80	341.25	26.25	
80	341.25	26.25	
80	341.25	26.25	
80	341.25	26.25	
80	341.25	26.25	
80	341.25	26.25	
80	341.25	26.25	
80	341.25	26.25	
80	341.25	26.25	
80	341.25	26.25	
80	341.25	26.25	
80	341.25	26.25	
80	341.25	26.25	
80	341.25	26.25	
80	341.25	26.25	
80	341.25	26.25	
80	341.25	26.25	
80	341.25	26.25	
80	341.25	26.25	
80	341.25	26.25	
80	341.25	26.25	
80	341.25	26.25	
80	341.25	26.25	
80	341.25	26.25	
80	341.25	26.25	
80	341.25	26.25	
80	341.25	26.25	
80	341.25	26.25	
80	341.25	26.25	
80	341.25	26.25	
80	341.25	26.25	
80	341.25	26.25	
80	341.25	26.25	
80	341.25	26.25	
80	341.25	26.25	
80	341.25	26.25	
80	341.25	26.25	
80	341.25	26.25	
81	0	0	
81	0	0	
81	0	0	
81	0	0	
81	0	0	
81	0	0	
81	0	0	
81	0	0	
81	0	0	
81	0	0	
81	0	0	
81	0	0	
81	0	0	
81	1.25	2.5	
81	10	3.75	
81	15	6.25	
81	22.5	7.5	
81	31.25	10	
81	41.25	11.25	
81	82.5	18.75	
81	97.5	18.75	
81	132.5	22.5	
81	151.25	22.5	
81	168.75	25	
81	227.5	28.75	
81	266.25	30	
81	286.25	32.5	
81	303.75	33.75	
81	321.25	33.75	
81	321.25	33.75	
81	321.25	33.75	
81	321.25	33.75	
81	321.25	33.75	
81	321.25	33.75	
81	321.25	33.75	
81	321.25	33.75	
81	321.25	33.75	
81	321.25	33.75	
81	321.25	33.75	
81	321.25	33.75	
81	321.25	33.75	
81	321.25	33.75	
81	321.25	33.75	
81	321.25	33.75	
81	321.25	33.75	
81	321.25	33.75	
81	321.25	33.75	
81	321.25	33.75	
81	321.25	33.75	
81	321.25	33.75	
81	321.25	33.75	
81	321.25	33.75	
81	321.25	33.75	
81	321.25	33.75	
81	321.25	33.75	
81	321.25	33.75	
81	321.25	33.75	
81	321.25	33.75	
81	321.25	33.75	
81	321.25	33.75	
81	321.25	33.75	
81	321.25	33.75	
81	321.25	33.75	
81	321.25	33.75	
81	321.25	33.75	
81	321.25	33.75	
81	321.25	33.75	
81	321.25	33.75	
81	321.25	33.75	
81	321.25	33.75	
81	321.25	33.75	
81	321.25	33.75	
81	321.25	33.75	
81	321.25	33.75	
82	0	0	
82	0	0	
82	0	0	
82	0	0	
82	0	0	
82	0	0	
82	0	0	
82	0	0	
82	0	0	
82	0	0	
82	0	0	
82	0	0	
82	0	0	
82	0	0	
82	0	0	
82	1.25	2.5	
82	2.5	2.5	
82	6.25	2.5	
82	16.25	3.75	
82	31.25	3.75	
82	43.75	6.25	
82	56.25	6.25	
82	56.25	6.25	
82	75	6.25	
82	132.5	6.25	
82	170	6.25	
82	170	6.25	
82	195	7.5	
82	240	10	
82	282.5	11.25	
82	302.5	11.25	
82	338.75	11.25	
82	338.75	11.25	
82	338.75	11.25	
82	338.75	11.25	
82	338.75	11.25	
82	338.75	11.25	
82	338.75	11.25	
82	338.75	11.25	
82	338.75	11.25	
82	338.75	11.25	
82	338.75	11.25	
82	338.75	11.25	
82	338.75	11.25	
82	338.75	11.25	
82	338.75	11.25	
82	338.75	11.25	
82	338.75	11.25	
82	338.75	11.25	
82	338.75	11.25	
82	338.75	11.25	
82	338.75	11.25	
82	338.75	11.25	
82	338.75	11.25	
82	338.75	11.25	
82	338.75	11.25	
82	338.75	11.25	
82	338.75	11.25	
82	338.75	11.25	
82	338.75	11.25	
82	338.75	11.25	
82	338.75	11.25	
82	338.75	11.25	
82	338.75	11.25	
82	338.75	11.25	
82	338.75	11.25	
82	338.75	11.25	
82	338.75	11.25	
82	338.75	11.25	
82	338.75	11.25	
82	338.75	11.25	
82	338.75	11.25	
82	338.75	11.25	
82	338.75	11.25	
83	0	0	
83	0	0	
83	0	0	
83	0	0	
83	0	0	
83	0	0	
83	0	0	
83	0	0	
83	0	0	
83	0	0	
83	0	0	
83	1.25	0	
83	3.75	-1.25	
83	5	-1.25	
83	18.75	-3.75	
83	33.75	-3.75	
83	45	-1.25	
83	57.5	-1.25	
83	71.25	0	
83	121.25	2.5	
83	140	3.75	
83	166.25	3.75	
83	190	6.25	
83	240	7.5	
83	287.5	7.5	
83	333.75	7.5	
83	333.75	7.5	
83	333.75	7.5	
83	333.75	7.5	
83	333.75	7.5	
83	333.75	7.5	
83	333.75	7.5	
83	333.75	7.5	
83	333.75	7.5	
83	333.75	7.5	
83	333.75	7.5	
83	333.75	7.5	
83	333.75	7.5	
83	333.75	7.5	
83	333.75	7.5	
83	333.75	7.5	
83	333.75	7.5	
83	333.75	7.5	
83	333.75	7.5	
83	333.75	7.5	
83	333.75	7.5	
83	333.75	7.5	
83	333.75	7.5	
83	333.75	7.5	
83	333.75	7.5	
83	333.75	7.5	
83	333.75	7.5	
83	333.75	7.5	
83	333.75	7.5	
83	333.75	7.5	
83	333.75	7.5	
83	333.75	7.5	
83	333.75	7.5	
83	333.75	7.5	
83	333.75	7.5	
83	333.75	7.5	
83	333.75	7.5	
83	333.75	7.5	
83	333.75	7.5	
83	333.75	7.5	
83	333.75	7.5	
83	333.75	7.5	
83	333.75	7.5	
83	333.75	7.5	
83	333.75	7.5	
83	333.75	7.5	
83	333.75	7.5	
83	333.75	7.5	
83	333.75	7.5	
84	0	0	
84	0	0	
84	0	0	
84	0	0	
84	0	0	
84	0	0	
84	0	0	
84	0	0	
84	0	0	
84	0	0	
84	0	0	
84	0	0	
84	0	0	
84	0	0	
84	0	0	
84	0	0	
84	0	0	
84	0	0	
84	0	0	
84	0	0	
84	0	0	
84	0	0	
84	0	0	
84	0	0	
84	0	0	
84	2.5	0	
84	6.25	0	
84	10	0	
84	15	2.5	
84	38.75	7.5	
84	48.75	10	
84	60	11.25	
84	90	13.75	
84	125	15	
84	165	18.75	
84	187.5	18.75	
84	233.75	22.5	
84	257.5	22.5	
84	281.25	22.5	
84	328.75	22.5	
84	328.75	22.5	
84	328.75	22.5	
84	328.75	22.5	
84	328.75	22.5	
84	328.75	22.5	
84	328.75	22.5	
84	328.75	22.5	
84	328.75	22.5	
84	328.75	22.5	
84	328.75	22.5	
84	328.75	22.5	
84	328.75	22.5	
84	328.75	22.5	
84	328.75	22.5	
84	328.75	22.5	
84	328.75	22.5	
84	328.75	22.5	
84	328.75	22.5	
84	328.75	22.5	
84	328.75	22.5	
84	328.75	22.5	
84	328.75	22.5	
84	328.75	22.5	
84	328.75	22.5	
84	328.75	22.5	
84	328.75	22.5	
84	328.75	22.5	
84	328.75	22.5	
84	328.75	22.5	
84	328.75	22.5	
84	328.75	22.5	
84	328.75	22.5	
84	328.75	22.5	
84	328.75	22.5	
85	0	0	
85	0	0	
85	0	0	
85	0	0	
85	0	0	
85	0	0	
85	0	0	
85	0	0	
85	0	0	
85	0	0	
85	0	0	
85	0	0	
85	0	0	
85	0	0	
85	2.5	1.25	
85	13.75	3.75	
85	21.25	5	
85	31.25	7.5	
85	55	12.5	
85	83.75	15	
85	101.25	16.25	
85	120	20	
85	162.5	23.75	
85	210	27.5	
85	257.5	33.75	
85	281.25	35	
85	326.25	38.75	
85	346.25	38.75	
85	346.25	38.75	
85	346.25	38.75	
85	346.25	38.75	
85	346.25	38.75	
85	346.25	38.75	
85	346.25	38.75	
85	346.25	38.75	
85	346.25	38.75	
85	346.25	38.75	
85	346.25	38.75	
85	346.25	38.75	
85	346.25	38.75	
85	346.25	38.75	
85	346.25	38.75	
85	346.25	38.75	
85	346.25	38.75	
85	346.25	38.75	
85	346.25	38.75	
85	346.25	38.75	
85	346.25	38.75	
85	346.25	38.75	
85	346.25	38.75	
85	346.25	38.75	
85	346.25	38.75	
85	346.25	38.75	
85	346.25	38.75	
85	346.25	38.75	
85	346.25	38.75	
85	346.25	38.75	
85	346.25	38.75	
85	346.25	38.75	
85	346.25	38.75	
85	346.25	38.75	
85	346.25	38.75	
85	346.25	38.75	
85	346.25	38.75	
85	346.25	38.75	
85	346.25	38.75	
85	346.25	38.75	
85	346.25	38.75	
85	346.25	38.75	
85	346.25	38.75	
85	346.25	38.75	
85	346.25	38.75	
85	346.25	38.75	
85	346.25	38.75	
86	0	0	
86	0	0	
86	0	0	
86	0	0	
86	0	0	
86	0	0	
86	0	0	
86	0	0	
86	0	0	
86	0	0	
86	0	0	
86	0	0	
86	0	0	
86	0	0	
86	0	0	
86	1.25	0	
86	5	0	
86	15	1.25	
86	22.5	1.25	
86	50	5	
86	61.25	5	
86	73.75	5	
86	88.75	5	
86	122.5	5	
86	185	8.75	
86	207.5	8.75	
86	228.75	8.75	
86	277.5	8.75	
86	302.5	8.75	
86	326.25	8.75	
86	326.25	8.75	
86	326.25	8.75	
86	326.25	8.75	
86	326.25	8.75	
86	326.25	8.75	
86	326.25	8.75	
86	326.25	8.75	
86	326.25	8.75	
86	326.25	8.75	
86	326.25	8.75	
86	326.25	8.75	
86	326.25	8.75	
86	326.25	8.75	
86	326.25	8.75	
86	326.25	8.75	
86	326.25	8.75	
86	326.25	8.75	
86	326.25	8.75	
86	326.25	8.75	
86	326.25	8.75	
86	326.25	8.75	
86	326.25	8.75	
86	326.25	8.75	
86	326.25	8.75	
86	326.25	8.75	
86	326.25	8.75	
86	326.25	8.75	
86	326.25	8.75	
86	326.25	8.75	
86	326.25	8.75	
86	326.25	8.75	
86	326.25	8.75	
86	326.25	8.75	
86	326.25	8.75	
86	326.25	8.75	
86	326.25	8.75	
86	326.25	8.75	
86	326.25	8.75	
86	326.25	8.75	
86	326.25	8.75	
86	326.25	8.75	
86	326.25	8.75	
86	326.25	8.75	
86	326.25	8.75	
87	0	0	
87	0	0	
87	-1.25	-1.25	
87	-1.25	-1.25	
87	-2.5	-3.75	
87	-2.5	-3.75	
87	-3.75	-3.75	
87	-3.75	-3.75	
87	-3.75	-3.75	
87	-3.75	-5	
87	-3.75	-5	
87	-3.75	-5	
87	-3.75	-5	
87	-3.75	-5	
87	-3.75	-5	
87	-3.75	-5	
87	-2.5	-3.75	
87	0	-3.75	
87	3.75	0	
87	20	7.5	
87	28.75	10	
87	37.5	11.25	
87	58.75	17.5	
87	85	21.25	
87	117.5	22.5	
87	136.25	25	
87	178.75	26.25	
87	201.25	28.75	
87	225	30	
87	300	30	
87	325	30	
87	347.5	30	
87	347.5	30	
87	347.5	30	
87	347.5	30	
87	347.5	30	
87	347.5	30	
87	347.5	30	
87	347.5	30	
87	347.5	30	
87	347.5	30	
87	347.5	30	
87	347.5	30	
87	347.5	30	
87	347.5	30	
87	347.5	30	
87	347.5	30	
87	347.5	30	
87	347.5	30	
87	347.5	30	
87	347.5	30	
87	347.5	30	
87	347.5	30	
87	347.5	30	
87	347.5	30	
87	347.5	30	
87	347.5	30	
87	347.5	30	
87	347.5	30	
87	347.5	30	
87	347.5	30	
87	347.5	30	
87	347.5	30	
87	347.5	30	
87	347.5	30	
87	347.5	30	
87	347.5	30	
87	347.5	30	
87	347.5	30	
87	347.5	30	
87	347.5	30	
87	347.5	30	
87	347.5	30	
87	347.5	30	
88	0	0	
88	0	0	
88	0	0	
88	0	0	
88	0	0	
88	0	0	
88	0	0	
88	0	0	
88	0	0	
88	0	0	
88	0	0	
88	0	0	
88	0	0	
88	0	0	
88	0	0	
88	0	0	
88	0	0	
88	0	0	
88	1.25	0	
88	11.25	0	
88	17.5	0	
88	25	0	
88	45	0	
88	57.5	0	
88	107.5	-1.25	
88	127.5	-1.25	
88	172.5	0	
88	195	0	
88	218.75	0	
88	292.5	2.5	
88	315	3.75	
88	335	3.75	
88	335	3.75	
88	335	3.75	
88	335	3.75	
88	335	3.75	
88	335	3.75	
88	335	3.75	
88	335	3.75	
88	335	3.75	
88	335	3.75	
88	335	3.75	
88	335	3.75	
88	335	3.75	
88	335	3.75	
88	335	3.75	
88	335	3.75	
88	335	3.75	
88	335	3.75	
88	335	3.75	
88	335	3.75	
88	335	3.75	
88	335	3.75	
88	335	3.75	
88	335	3.75	
88	335	3.75	
88	335	3.75	
88	335	3.75	
88	335	3.75	
88	335	3.75	
88	335	3.75	
88	335	3.75	
88	335	3.75	
88	335	3.75	
88	335	3.75	
88	335	3.75	
88	335	3.75	
88	335	3.75	
88	335	3.75	
88	335	3.75	
88	335	3.75	
88	335	3.75	
88	335	3.75	
88	335	3.75	
89	0	0	
89	0	0	
89	0	0	
89	0	0	
89	0	0	
89	0	0	
89	0	0	
89	0	0	
89	0	0	
89	0	0	
89	0	0	
89	0	0	
89	0	0	
89	0	0	
89	0	0	
89	0	0	
89	0	0	
89	0	0	
89	0	0	
89	0	0	
89	12.5	-2.5	
89	17.5	0	
89	33.75	1.25	
89	53.75	1.25	
89	81.25	3.75	
89	95	5	
89	128.75	8.75	
89	147.5	8.75	
89	166.25	12.5	
89	222.5	16.25	
89	240	18.75	
89	256.25	20	
89	287.5	20	
89	316.25	23.75	
89	338.75	25	
89	338.75	25	
89	338.75	25	
89	338.75	25	
89	338.75	25	
89	338.75	25	
89	338.75	25	
89	338.75	25	
89	338.75	25	
89	338.75	25	
89	338.75	25	
89	338.75	25	
89	338.75	25	
89	338.75	25	
89	338.75	25	
89	338.75	25	
89	338.75	25	
89	338.75	25	
89	338.75	25	
89	338.75	25	
89	338.75	25	
89	338.75	25	
89	338.75	25	
89	338.75	25	
89	338.75	25	
89	338.75	25	
89	338.75	25	
89	338.75	25	
89	338.75	25	
89	338.75	25	
89	338.75	25	
89	338.75	25	
89	338.75	25	
89	338.75	25	
89	338.75	25	
89	338.75	25	
89	338.75	25	
89	338.75	25	
89	338.75	25	
89	338.75	25	
90	0	0	
90	0	0	
90	0	0	
90	0	0	
90	0	0	
90	0	0	
90	0	0	
90	0	0	
90	0	0	
90	0	0	
90	0	0	
90	0	0	
90	0	0	
90	0	0	
90	0	0	
90	0	0	
90	0	0	
90	0	0	
90	0	0	
90	0	0	
90	0	0	
90	0	0	
90	0	0	
90	0	0	
90	1.25	0	
90	2.5	0	
90	6.25	-2.5	
90	20	-2.5	
90	31.25	-2.5	
90	55	-6.25	
90	86.25	-10	
90	103.75	-11.25	
90	122.5	-13.75	
90	165	-13.75	
90	232.5	-13.75	
90	255	-13.75	
90	276.25	-13.75	
90	315	-15	
90	331.25	-15	
90	343.75	-17.5	
90	343.75	-17.5	
90	343.75	-17.5	
90	343.75	-17.5	
90	343.75	-17.5	
90	343.75	-17.5	
90	343.75	-17.5	
90	343.75	-17.5	
90	343.75	-17.5	
90	343.75	-17.5	
90	343.75	-17.5	
90	343.75	-17.5	
90	343.75	-17.5	
90	343.75	-17.5	
90	343.75	-17.5	
90	343.75	-17.5	
90	343.75	-17.5	
90	343.75	-17.5	
90	343.75	-17.5	
90	343.75	-17.5	
90	343.75	-17.5	
90	343.75	-17.5	
90	343.75	-17.5	
90	343.75	-17.5	
90	343.75	-17.5	
90	343.75	-17.5	
90	343.75	-17.5	
90	343.75	-17.5	
90	343.75	-17.5	
90	343.75	-17.5	
90	343.75	-17.5	
90	343.75	-17.5	
90	343.75	-17.5	
90	343.75	-17.5	
90	343.75	-17.5	
91	0	0	
91	0	0	
91	0	0	
91	0	0	
91	0	0	
91	0	0	
91	0	0	
91	0	0	
91	0	0	
91	0	0	
91	0	0	
91	0	0	
91	0	0	
91	0	0	
91	0	0	
91	0	0	
91	2.5	0	
91	7.5	0	
91	13.75	0	
91	46.25	0	
91	60	0	
91	60	0	
91	102.5	-1.25	
91	146.25	-3.75	
91	191.25	-3.75	
91	213.75	-3.75	
91	255	-3.75	
91	275	-1.25	
91	293.75	0	
91	340	3.75	
91	340	3.75	
91	340	3.75	
91	340	3.75	
91	340	3.75	
91	340	3.75	
91	340	3.75	
91	340	3.75	
91	340	3.75	
91	340	3.75	
91	340	3.75	
91	340	3.75	
91	340	3.75	
91	340	3.75	
91	340	3.75	
91	340	3.75	
91	340	3.75	
91	340	3.75	
91	340	3.75	
91	340	3.75	
91	340	3.75	
91	340	3.75	
91	340	3.75	
91	340	3.75	
91	340	3.75	
91	340	3.75	
91	340	3.75	
91	340	3.75	
91	340	3.75	
91	340	3.75	
91	340	3.75	
91	340	3.75	
91	340	3.75	
91	340	3.75	
91	340	3.75	
91	340	3.75	
91	340	3.75	
91	340	3.75	
91	340	3.75	
91	340	3.75	
91	340	3.75	
91	340	3.75	
91	340	3.75	
91	340	3.75	
91	340	3.75	
92	0	0	
92	0	0	
92	0	0	
92	0	0	
92	0	0	
92	0	0	
92	0	0	
92	0	0	
92	0	0	
92	0	0	
92	0	0	
92	0	0	
92	0	0	
92	0	0	
92	0	0	
92	1.25	0	
92	2.5	0	
92	12.5	1.25	
92	18.75	1.25	
92	38.75	3.75	
92	66.25	3.75	
92	82.5	3.75	
92	121.25	3.75	
92	142.5	3.75	
92	210	5	
92	232.5	7.5	
92	255	8.75	
92	296.25	12.5	
92	316.25	12.5	
92	333.75	15	
92	333.75	15	
92	333.75	15	
92	333.75	15	
92	333.75	15	
92	333.75	15	
92	333.75	15	
92	333.75	15	
92	333.75	15	
92	333.75	15	
92	333.75	15	
92	333.75	15	
92	333.75	15	
92	333.75	15	
92	333.75	15	
92	333.75	15	
92	333.75	15	
92	333.75	15	
92	333.75	15	
92	333.75	15	
92	333.75	15	
92	333.75	15	
92	333.75	15	
92	333.75	15	
92	333.75	15	
92	333.75	15	
92	333.75	15	
92	333.75	15	
92	333.75	15	
92	333.75	15	
92	333.75	15	
92	333.75	15	
92	333.75	15	
92	333.75	15	
92	333.75	15	
92	333.75	15	
92	333.75	15	
92	333.75	15	
92	333.75	15	
92	333.75	15	
92	333.75	15	
92	333.75	15	
92	333.75	15	
92	333.75	15	
92	333.75	15	
93	0	0	
93	0	0	
93	0	0	
93	0	0	
93	0	0	
93	0	0	
93	0	0	
93	0	0	
93	0	0	
93	0	0	
93	0	0	
93	0	0	
93	0	0	
93	-1.25	0	
93	3.75	0	
93	8.75	0	
93	17.5	0	
93	38.75	0	
93	52.5	-2.5	
93	106.25	-6.25	
93	126.25	-6.25	
93	148.75	-7.5	
93	192.5	-10	
93	215	-10	
93	281.25	-10	
93	300	-10	
93	317.5	-7.5	
93	347.5	-6.25	
93	347.5	-6.25	
93	347.5	-6.25	
93	347.5	-6.25	
93	347.5	-6.25	
93	347.5	-6.25	
93	347.5	-6.25	
93	347.5	-6.25	
93	347.5	-6.25	
93	347.5	-6.25	
93	347.5	-6.25	
93	347.5	-6.25	
93	347.5	-6.25	
93	347.5	-6.25	
93	347.5	-6.25	
93	347.5	-6.25	
93	347.5	-6.25	
93	347.5	-6.25	
93	347.5	-6.25	
93	347.5	-6.25	
93	347.5	-6.25	
93	347.5	-6.25	
93	347.5	-6.25	
93	347.5	-6.25	
93	347.5	-6.25	
93	347.5	-6.25	
93	347.5	-6.25	
93	347.5	-6.25	
93	347.5	-6.25	
93	347.5	-6.25	
93	347.5	-6.25	
93	347.5	-6.25	
93	347.5	-6.25	
93	347.5	-6.25	
93	347.5	-6.25	
93	347.5	-6.25	
93	347.5	-6.25	
93	347.5	-6.25	
93	347.5	-6.25	
93	347.5	-6.25	
93	347.5	-6.25	
93	347.5	-6.25	
93	347.5	-6.25	
93	347.5	-6.25	
93	347.5	-6.25	
93	347.5	-6.25	
93	347.5	-6.25	
94	0	0	
94	0	0	
94	0	0	
94	0	0	
94	0	0	
94	0	0	
94	0	0	
94	0	0	
94	0	0	
94	0	0	
94	0	0	
94	0	0	
94	0	0	
94	0	0	
94	0	0	
94	0	0	
94	0	0	
94	1.25	0	
94	8.75	2.5	
94	23.75	3.75	
94	35	6.25	
94	62.5	7.5	
94	96.25	7.5	
94	116.25	7.5	
94	156.25	7.5	
94	201.25	10	
94	201.25	10	
94	231.25	11.25	
94	260	11.25	
94	330	13.75	
94	345	15	
94	345	15	
94	345	15	
94	345	15	
94	345	15	
94	345	15	
94	345	15	
94	345	15	
94	345	15	
94	345	15	
94	345	15	
94	345	15	
94	345	15	
94	345	15	
94	345	15	
94	345	15	
94	345	15	
94	345	15	
94	345	15	
94	345	15	
94	345	15	
94	345	15	
94	345	15	
94	345	15	
94	345	15	
94	345	15	
94	345	15	
94	345	15	
94	345	15	
94	345	15	
94	345	15	
94	345	15	
94	345	15	
94	345	15	
94	345	15	
94	345	15	
94	345	15	
94	345	15	
94	345	15	
94	345	15	
94	345	15	
94	345	15	
94	345	15	
94	345	15	
95	0	0	
95	0	0	
95	0	0	
95	0	0	
95	0	0	
95	0	0	
95	0	0	
95	0	0	
95	0	0	
95	0	0	
95	0	0	
95	0	0	
95	0	0	
95	0	0	
95	1.25	0	
95	3.75	1.25	
95	6.25	1.25	
95	10	1.25	
95	22.5	1.25	
95	41.25	1.25	
95	53.75	0	
95	67.5	0	
95	103.75	-2.5	
95	143.75	-6.25	
95	185	-10	
95	206.25	-10	
95	247.5	-13.75	
95	267.5	-15	
95	285	-17.5	
95	332.5	-21.25	
95	346.25	-21.25	
95	346.25	-21.25	
95	346.25	-21.25	
95	346.25	-21.25	
95	346.25	-21.25	
95	346.25	-21.25	
95	346.25	-21.25	
95	346.25	-21.25	
95	346.25	-21.25	
95	346.25	-21.25	
95	346.25	-21.25	
95	346.25	-21.25	
95	346.25	-21.25	
95	346.25	-21.25	
95	346.25	-21.25	
95	346.25	-21.25	
95	346.25	-21.25	
95	346.25	-21.25	
95	346.25	-21.25	
95	346.25	-21.25	
95	346.25	-21.25	
95	346.25	-21.25	
95	346.25	-21.25	
95	346.25	-21.25	
95	346.25	-21.25	
95	346.25	-21.25	
95	346.25	-21.25	
95	346.25	-21.25	
95	346.25	-21.25	
95	346.25	-21.25	
95	346.25	-21.25	
95	346.25	-21.25	
95	346.25	-21.25	
95	346.25	-21.25	
95	346.25	-21.25	
95	346.25	-21.25	
95	346.25	-21.25	
95	346.25	-21.25	
95	346.25	-21.25	
95	346.25	-21.25	
95	346.25	-21.25	
95	346.25	-21.25	
95	346.25	-21.25	
95	346.25	-21.25	
96	0	0	
96	0	0	
96	0	0	
96	0	0	
96	0	0	
96	0	0	
96	0	0	
96	0	0	
96	0	0	
96	0	0	
96	0	0	
96	0	0	
96	0	0	
96	0	0	
96	0	0	
96	2.5	3.75	
96	7.5	3.75	
96	13.75	6.25	
96	22.5	7.5	
96	62.5	13.75	
96	78.75	15	
96	116.25	15	
96	135	17.5	
96	156.25	18.75	
96	223.75	18.75	
96	246.25	22.5	
96	267.5	22.5	
96	308.75	25	
96	327.5	26.25	
96	341.25	26.25	
96	341.25	26.25	
96	341.25	26.25	
96	341.25	26.25	
96	341.25	26.25	
96	341.25	26.25	
96	341.25	26.25	
96	341.25	26.25	
96	341.25	26.25	
96	341.25	26.25	
96	341.25	26.25	
96	341.25	26.25	
96	341.25	26.25	
96	341.25	26.25	
96	341.25	26.25	
96	341.25	26.25	
96	341.25	26.25	
96	341.25	26.25	
96	341.25	26.25	
96	341.25	26.25	
96	341.25	26.25	
96	341.25	26.25	
96	341.25	26.25	
96	341.25	26.25	
96	341.25	26.25	
96	341.25	26.25	
96	341.25	26.25	
96	341.25	26.25	
96	341.25	26.25	
96	341.25	26.25	
96	341.25	26.25	
96	341.25	26.25	
96	341.25	26.25	
96	341.25	26.25	
96	341.25	26.25	
96	341.25	26.25	
96	341.25	26.25	
96	341.25	26.25	
96	341.25	26.25	
96	341.25	26.25	
96	341.25	26.25	
96	341.25	26.25	
96	341.25	26.25	
96	341.25	26.25	
96	341.25	26.25	
