190
16
180
184
199
230
162
64
108
151
119
165
237
148
3
50
77
232
30
91
158
238
17
88
214
211
127
203
169
122
32
40
142
105
143
221
226
92
181
80
59
72
208
206
23
103
15
49
212
66
74
63
36
22
46
132
94
13
243
241
233
200
96
264
205
76
39
154
217
131
130
196
255
123
263
183
5
54
194
182
244
102
56
24
135
153
155
257
213
195
137
250
149
83
210
100
79
114
53
35
192
1
202
14
48
166
256
124
224
258
260
176
222
253
129
247
140
163
216
173
189
25
249
236
167
187
12
106
136
240
235
201
223
20
193
58
133
259
128
44
45
9
57
34
29
121
113
37
225
31
174
4
84
220
147
207
104
252
69
125
62
95
78
19
68
8
26
254
85
6
47
227
117
228
118
204
11
43
170
134
215
51
171
172
111
248
245
218
160
75
168
55
219
71
234
10
144
107
86
61
87
90
242
109
146
89
150
82
152
38
2
126
156
197
65
186
41
7
209
70
112
145
159
261
27
110
138
251
157
231
178
73
191
179
33
115
21
239
185
98
81
120
28
246
67
101
116
139
42
188
198
97
60
175
99
177
229
93
141
164
161
262
52
18
