215
44
169
34
206
64
239
187
8
41
254
225
123
70
196
19
224
259
72
235
5
59
100
51
263
219
179
114
9
104
248
40
96
242
77
90
23
165
226
15
136
158
29
170
7
257
152
95
76
230
35
162
38
2
231
205
14
140
137
89
189
214
22
237
142
63
47
118
86
240
128
132
110
127
4
181
45
203
156
57
227
73
50
112
159
228
168
49
105
193
164
144
122
233
199
153
208
195
246
155
84
81
101
256
176
36
171
229
139
191
138
66
28
125
222
258
99
264
262
157
58
212
43
243
180
55
87
173
146
197
241
174
183
17
119
31
10
25
166
120
94
88
221
106
194
255
163
98
108
27
111
145
24
3
216
151
85
131
97
56
182
82
251
126
186
234
11
185
80
177
16
6
78
130
107
172
37
26
236
135
30
252
150
223
232
69
167
121
46
115
143
54
20
201
160
83
65
192
42
210
12
93
253
247
188
79
207
62
238
52
91
200
109
175
261
103
74
244
260
61
113
154
213
133
147
190
124
245
211
102
21
218
198
178
141
217
117
92
202
33
161
53
67
48
32
250
75
149
1
249
68
148
220
134
60
116
209
13
204
18
39
71
184
129
