Trial	X	Y
1	0	0	
1	0	0	
1	0	0	
1	0	0	
1	0	0	
1	0	0	
1	0	0	
1	0	0	
1	0	0	
1	0	0	
1	0	0	
1	0	0	
1	0	0	
1	0	0	
1	0	0	
1	0	0	
1	0	0	
1	0	0	
1	0	0	
1	0	0	
1	1.25	0	
1	3.75	1.25	
1	16.25	8.75	
1	22.5	11.25	
1	30	12.5	
1	42.5	17.5	
1	48.75	17.5	
1	71.25	21.25	
1	77.5	21.25	
1	90	21.25	
1	97.5	21.25	
1	103.75	20	
1	123.75	17.5	
1	131.25	16.25	
1	136.25	16.25	
1	141.25	16.25	
1	152.5	12.5	
1	167.5	11.25	
1	172.5	8.75	
1	181.25	8.75	
1	185	7.5	
1	188.75	5	
1	198.75	1.25	
1	202.5	0	
1	206.25	-2.5	
1	210	-2.5	
1	217.5	-3.75	
1	232.5	-2.5	
1	237.5	-2.5	
1	242.5	-2.5	
1	256.25	-2.5	
1	262.5	-2.5	
1	281.25	1.25	
1	286.25	1.25	
1	291.25	1.25	
1	295	1.25	
1	305	1.25	
1	318.75	1.25	
1	322.5	1.25	
1	326.25	1.25	
1	332.5	1.25	
1	335	1.25	
1	343.75	1.25	
1	346.25	1.25	
1	348.75	1.25	
1	348.75	1.25	
1	348.75	1.25	
1	348.75	1.25	
1	348.75	1.25	
1	348.75	1.25	
1	348.75	1.25	
1	348.75	1.25	
1	348.75	1.25	
1	348.75	1.25	
2	0	0	
2	0	0	
2	0	0	
2	0	0	
2	0	0	
2	0	0	
2	0	0	
2	1.25	2.5	
2	1.25	2.5	
2	1.25	2.5	
2	1.25	2.5	
2	1.25	2.5	
2	1.25	3.75	
2	1.25	3.75	
2	1.25	3.75	
2	1.25	3.75	
2	1.25	3.75	
2	1.25	3.75	
2	1.25	3.75	
2	1.25	3.75	
2	1.25	3.75	
2	1.25	3.75	
2	1.25	3.75	
2	1.25	3.75	
2	1.25	3.75	
2	1.25	3.75	
2	1.25	3.75	
2	1.25	3.75	
2	1.25	3.75	
2	1.25	3.75	
2	1.25	3.75	
2	1.25	3.75	
2	1.25	3.75	
2	1.25	3.75	
2	1.25	3.75	
2	1.25	3.75	
2	1.25	3.75	
2	1.25	3.75	
2	1.25	3.75	
2	1.25	3.75	
2	1.25	3.75	
2	1.25	3.75	
2	1.25	3.75	
2	1.25	3.75	
2	2.5	3.75	
2	3.75	6.25	
2	7.5	6.25	
2	11.25	6.25	
2	17.5	6.25	
2	25	6.25	
2	30	3.75	
2	35	3.75	
2	46.25	2.5	
2	57.5	0	
2	63.75	0	
2	75	-3.75	
2	87.5	-3.75	
2	92.5	-5	
2	105	-5	
2	117.5	-5	
2	125	-5	
2	132.5	-5	
2	141.25	-5	
2	165	-5	
2	173.75	-5	
2	190	-7.5	
2	205	-7.5	
2	212.5	-7.5	
2	226.25	-7.5	
2	237.5	-8.75	
2	242.5	-8.75	
2	246.25	-8.75	
2	250	-8.75	
2	262.5	-11.25	
3	0	0	
3	0	0	
3	0	0	
3	0	0	
3	0	0	
3	0	0	
3	0	0	
3	0	0	
3	0	0	
3	0	0	
3	0	0	
3	0	0	
3	0	0	
3	0	0	
3	0	0	
3	0	0	
3	0	0	
3	0	0	
3	0	0	
3	0	0	
3	0	0	
3	0	0	
3	0	0	
3	0	0	
3	0	0	
3	0	0	
3	0	0	
3	0	0	
3	0	0	
3	0	0	
3	-8.75	11.25	
3	-8.75	11.25	
3	-3.75	8.75	
3	12.5	8.75	
3	20	11.25	
3	28.75	11.25	
3	38.75	12.5	
3	62.5	12.5	
3	91.25	12.5	
3	122.5	12.5	
3	138.75	12.5	
3	155	12.5	
3	185	12.5	
3	221.25	12.5	
3	230	12.5	
3	237.5	11.25	
3	243.75	11.25	
3	253.75	8.75	
3	260	8.75	
3	262.5	8.75	
3	267.5	8.75	
3	267.5	8.75	
3	276.25	7.5	
3	292.5	1.25	
3	297.5	0	
3	302.5	0	
3	310	-2.5	
3	313.75	-2.5	
3	320	-2.5	
3	325	-2.5	
3	325	-2.5	
3	326.25	-2.5	
3	327.5	-2.5	
3	331.25	0	
3	331.25	0	
3	331.25	0	
3	332.5	1.25	
3	332.5	1.25	
3	333.75	1.25	
3	335	1.25	
3	335	1.25	
3	335	1.25	
3	335	1.25	
3	336.25	1.25	
4	0	0	
4	0	0	
4	0	0	
4	0	0	
4	1.25	0	
4	1.25	0	
4	1.25	0	
4	1.25	0	
4	1.25	0	
4	1.25	0	
4	1.25	0	
4	1.25	0	
4	1.25	0	
4	1.25	0	
4	1.25	0	
4	1.25	0	
4	1.25	0	
4	1.25	0	
4	1.25	0	
4	1.25	0	
4	1.25	0	
4	1.25	0	
4	3.75	0	
4	13.75	0	
4	21.25	0	
4	30	0	
4	40	0	
4	52.5	2.5	
4	88.75	3.75	
4	122.5	7.5	
4	140	7.5	
4	155	7.5	
4	155	7.5	
4	207.5	3.75	
4	220	3.75	
4	231.25	2.5	
4	251.25	0	
4	260	0	
4	277.5	-1.25	
4	296.25	-3.75	
4	313.75	-3.75	
4	323.75	-3.75	
4	333.75	-3.75	
4	342.5	-3.75	
4	342.5	-3.75	
4	342.5	-3.75	
4	342.5	-3.75	
4	342.5	-3.75	
4	342.5	-3.75	
4	342.5	-3.75	
4	342.5	-3.75	
4	342.5	-3.75	
4	342.5	-3.75	
4	342.5	-3.75	
4	342.5	-3.75	
4	342.5	-3.75	
4	342.5	-3.75	
4	342.5	-3.75	
4	342.5	-3.75	
4	342.5	-3.75	
4	342.5	-3.75	
4	342.5	-3.75	
4	342.5	-3.75	
4	342.5	-3.75	
4	342.5	-3.75	
4	342.5	-3.75	
4	342.5	-3.75	
4	342.5	-3.75	
4	342.5	-3.75	
4	342.5	-3.75	
4	342.5	-3.75	
4	342.5	-3.75	
4	342.5	-3.75	
4	342.5	-3.75	
5	0	0	
5	0	0	
5	0	0	
5	0	0	
5	0	0	
5	0	0	
5	0	0	
5	0	0	
5	0	0	
5	0	0	
5	0	0	
5	0	0	
5	0	0	
5	0	0	
5	0	0	
5	0	0	
5	0	0	
5	0	0	
5	0	0	
5	0	0	
5	0	0	
5	0	0	
5	0	0	
5	0	0	
5	0	0	
5	0	0	
5	0	0	
5	0	0	
5	0	0	
5	0	0	
5	0	1.25	
5	1.25	1.25	
5	7.5	3.75	
5	20	3.75	
5	38.75	3.75	
5	50	3.75	
5	63.75	5	
5	95	7.5	
5	146.25	7.5	
5	163.75	7.5	
5	180	5	
5	197.5	5	
5	230	5	
5	258.75	3.75	
5	283.75	3.75	
5	296.25	1.25	
5	306.25	1.25	
5	325	1.25	
5	342.5	1.25	
5	347.5	1.25	
5	347.5	1.25	
5	347.5	1.25	
5	347.5	1.25	
5	347.5	1.25	
5	347.5	1.25	
5	347.5	1.25	
5	347.5	1.25	
5	347.5	1.25	
5	347.5	1.25	
5	347.5	1.25	
5	347.5	1.25	
5	347.5	1.25	
5	347.5	1.25	
5	347.5	1.25	
5	347.5	1.25	
5	347.5	1.25	
5	347.5	1.25	
5	347.5	1.25	
5	347.5	1.25	
5	347.5	1.25	
5	347.5	1.25	
5	347.5	1.25	
5	347.5	1.25	
5	347.5	1.25	
6	0	0	
6	0	0	
6	0	0	
6	0	0	
6	0	0	
6	0	0	
6	0	0	
6	0	0	
6	0	0	
6	0	0	
6	0	0	
6	0	0	
6	0	0	
6	0	0	
6	0	0	
6	0	0	
6	0	0	
6	0	0	
6	0	0	
6	0	0	
6	0	0	
6	0	0	
6	0	0	
6	0	0	
6	0	0	
6	0	0	
6	0	0	
6	0	0	
6	1.25	1.25	
6	7.5	1.25	
6	12.5	1.25	
6	20	1.25	
6	30	3.75	
6	66.25	5	
6	98.75	7.5	
6	115	7.5	
6	133.75	7.5	
6	170	5	
6	207.5	5	
6	243.75	5	
6	260	3.75	
6	276.25	3.75	
6	290	1.25	
6	330	1.25	
6	330	1.25	
6	330	1.25	
6	330	1.25	
6	330	1.25	
6	330	1.25	
6	330	1.25	
6	330	1.25	
6	330	1.25	
6	330	1.25	
6	330	1.25	
6	330	1.25	
6	330	1.25	
6	330	1.25	
6	330	1.25	
6	330	1.25	
6	330	1.25	
6	330	1.25	
6	330	1.25	
6	330	1.25	
6	330	1.25	
6	330	1.25	
6	330	1.25	
6	330	1.25	
6	330	1.25	
6	330	1.25	
6	330	1.25	
6	330	1.25	
6	330	1.25	
6	330	1.25	
6	330	1.25	
7	0	0	
7	0	0	
7	0	0	
7	0	0	
7	0	0	
7	0	0	
7	0	0	
7	0	0	
7	0	0	
7	0	0	
7	0	0	
7	0	0	
7	0	0	
7	0	0	
7	0	0	
7	0	0	
7	0	0	
7	0	0	
7	0	0	
7	0	0	
7	0	0	
7	0	0	
7	0	0	
7	0	0	
7	0	0	
7	1.25	0	
7	5	0	
7	10	2.5	
7	36.25	3.75	
7	50	3.75	
7	50	3.75	
7	91.25	3.75	
7	112.5	3.75	
7	178.75	0	
7	200	0	
7	238.75	0	
7	255	0	
7	270	0	
7	302.5	0	
7	308.75	0	
7	313.75	0	
7	317.5	0	
7	323.75	0	
7	327.5	0	
7	327.5	0	
7	328.75	0	
7	331.25	0	
7	333.75	0	
7	346.25	2.5	
7	346.25	2.5	
7	346.25	2.5	
7	346.25	2.5	
7	346.25	2.5	
7	346.25	2.5	
7	346.25	2.5	
7	346.25	2.5	
7	346.25	2.5	
7	346.25	2.5	
7	346.25	2.5	
7	346.25	2.5	
7	346.25	2.5	
7	346.25	2.5	
7	346.25	2.5	
7	346.25	2.5	
7	346.25	2.5	
7	346.25	2.5	
7	346.25	2.5	
7	346.25	2.5	
7	346.25	2.5	
7	346.25	2.5	
7	346.25	2.5	
7	346.25	2.5	
7	346.25	2.5	
7	346.25	2.5	
8	0	0	
8	0	0	
8	0	0	
8	0	0	
8	0	0	
8	0	0	
8	0	0	
8	0	0	
8	0	0	
8	0	0	
8	0	0	
8	0	0	
8	0	0	
8	0	0	
8	0	0	
8	0	0	
8	0	0	
8	0	0	
8	0	0	
8	0	0	
8	0	0	
8	0	0	
8	0	0	
8	0	0	
8	0	0	
8	0	0	
8	0	0	
8	0	0	
8	0	0	
8	0	0	
8	0	0	
8	0	0	
8	0	0	
8	0	0	
8	0	0	
8	0	0	
8	0	0	
8	0	0	
8	0	0	
8	0	0	
8	0	0	
8	0	0	
8	0	0	
8	0	0	
8	0	0	
8	1.25	0	
8	5	1.25	
8	8.75	1.25	
8	21.25	1.25	
8	47.5	5	
8	62.5	5	
8	78.75	8.75	
8	113.75	11.25	
8	152.5	12.5	
8	192.5	16.25	
8	211.25	18.75	
8	230	20	
8	247.5	20	
8	292.5	23.75	
8	312.5	23.75	
8	318.75	26.25	
8	325	26.25	
8	332.5	27.5	
8	337.5	27.5	
8	340	27.5	
8	340	27.5	
8	341.25	27.5	
8	341.25	27.5	
8	341.25	27.5	
8	341.25	27.5	
8	341.25	27.5	
8	342.5	27.5	
8	342.5	27.5	
8	342.5	27.5	
9	0	0	
9	0	0	
9	0	0	
9	0	0	
9	0	0	
9	0	0	
9	0	0	
9	0	0	
9	0	0	
9	0	0	
9	0	0	
9	0	0	
9	0	0	
9	0	0	
9	0	0	
9	0	0	
9	0	0	
9	0	0	
9	0	0	
9	0	0	
9	0	0	
9	0	0	
9	0	0	
9	0	0	
9	0	0	
9	0	0	
9	0	0	
9	0	0	
9	0	0	
9	0	0	
9	0	0	
9	0	0	
9	0	0	
9	0	0	
9	0	0	
9	0	0	
9	0	0	
9	0	0	
9	0	0	
9	0	0	
9	2.5	0	
9	5	0	
9	16.25	0	
9	33.75	0	
9	45	0	
9	75	0	
9	75	0	
9	102.5	0	
9	136.25	0	
9	165	0	
9	192.5	0	
9	238.75	0	
9	257.5	0	
9	272.5	0	
9	293.75	2.5	
9	301.25	3.75	
9	306.25	3.75	
9	313.75	3.75	
9	317.5	3.75	
9	318.75	3.75	
9	320	3.75	
9	321.25	3.75	
9	322.5	3.75	
9	328.75	2.5	
9	335	0	
9	337.5	0	
9	340	-1.25	
9	345	-1.25	
9	348.75	-3.75	
9	348.75	-3.75	
9	348.75	-3.75	
9	348.75	-3.75	
9	348.75	-3.75	
9	348.75	-3.75	
10	0	0	
10	0	0	
10	0	0	
10	0	0	
10	0	0	
10	0	0	
10	0	0	
10	0	0	
10	0	0	
10	0	0	
10	0	0	
10	0	0	
10	0	0	
10	0	0	
10	0	0	
10	-1.25	0	
10	-1.25	0	
10	-1.25	0	
10	-2.5	0	
10	-2.5	0	
10	-2.5	0	
10	0	0	
10	2.5	0	
10	28.75	0	
10	38.75	0	
10	50	0	
10	80	0	
10	97.5	0	
10	137.5	0	
10	137.5	0	
10	172.5	2.5	
10	172.5	2.5	
10	207.5	2.5	
10	268.75	0	
10	308.75	0	
10	322.5	2.5	
10	333.75	2.5	
10	333.75	2.5	
10	333.75	2.5	
10	333.75	2.5	
10	333.75	2.5	
10	333.75	2.5	
10	333.75	2.5	
10	333.75	2.5	
10	333.75	2.5	
10	333.75	2.5	
10	333.75	2.5	
10	333.75	2.5	
10	333.75	2.5	
10	333.75	2.5	
10	333.75	2.5	
10	333.75	2.5	
10	333.75	2.5	
10	333.75	2.5	
10	333.75	2.5	
10	333.75	2.5	
10	333.75	2.5	
10	333.75	2.5	
10	333.75	2.5	
10	333.75	2.5	
10	333.75	2.5	
10	333.75	2.5	
10	333.75	2.5	
10	333.75	2.5	
10	333.75	2.5	
10	333.75	2.5	
10	333.75	2.5	
10	333.75	2.5	
10	333.75	2.5	
10	333.75	2.5	
10	333.75	2.5	
10	333.75	2.5	
10	333.75	2.5	
10	333.75	2.5	
11	0	0	
11	0	0	
11	0	0	
11	0	0	
11	0	0	
11	0	0	
11	0	0	
11	0	0	
11	0	0	
11	0	0	
11	0	0	
11	0	0	
11	0	0	
11	0	0	
11	0	0	
11	0	0	
11	0	0	
11	0	0	
11	0	0	
11	0	0	
11	0	0	
11	0	0	
11	0	0	
11	0	0	
11	0	0	
11	0	0	
11	-1.25	0	
11	-1.25	0	
11	-1.25	0	
11	-1.25	0	
11	-1.25	0	
11	-1.25	0	
11	0	0	
11	5	2.5	
11	7.5	3.75	
11	11.25	3.75	
11	21.25	7.5	
11	26.25	8.75	
11	40	8.75	
11	57.5	11.25	
11	67.5	12.5	
11	77.5	12.5	
11	102.5	16.25	
11	146.25	23.75	
11	161.25	26.25	
11	176.25	27.5	
11	208.75	31.25	
11	226.25	33.75	
11	257.5	37.5	
11	285	38.75	
11	296.25	41.25	
11	306.25	41.25	
11	323.75	42.5	
11	338.75	42.5	
11	342.5	45	
11	345	45	
11	346.25	45	
11	346.25	45	
11	346.25	45	
11	346.25	45	
11	346.25	45	
11	346.25	45	
11	346.25	45	
11	346.25	45	
11	346.25	45	
11	346.25	45	
11	346.25	45	
11	346.25	45	
11	346.25	45	
11	346.25	45	
11	346.25	45	
11	346.25	45	
11	346.25	45	
11	346.25	45	
12	0	0	
12	0	0	
12	0	0	
12	0	0	
12	0	0	
12	0	0	
12	0	0	
12	0	0	
12	0	0	
12	0	0	
12	0	0	
12	0	0	
12	0	0	
12	0	0	
12	0	0	
12	0	0	
12	0	0	
12	0	0	
12	0	0	
12	0	0	
12	0	0	
12	0	0	
12	0	0	
12	0	0	
12	0	0	
12	0	0	
12	0	0	
12	0	0	
12	0	0	
12	18.75	1.25	
12	27.5	1.25	
12	38.75	1.25	
12	51.25	0	
12	101.25	-2.5	
12	122.5	-3.75	
12	145	-3.75	
12	167.5	-2.5	
12	210	-2.5	
12	268.75	1.25	
12	285	3.75	
12	297.5	5	
12	320	5	
12	328.75	5	
12	342.5	7.5	
12	342.5	7.5	
12	342.5	7.5	
12	342.5	7.5	
12	342.5	7.5	
12	342.5	7.5	
12	342.5	7.5	
12	342.5	7.5	
12	342.5	7.5	
12	342.5	7.5	
12	342.5	7.5	
12	342.5	7.5	
12	342.5	7.5	
12	342.5	7.5	
12	342.5	7.5	
12	342.5	7.5	
12	342.5	7.5	
12	342.5	7.5	
12	342.5	7.5	
12	342.5	7.5	
12	342.5	7.5	
12	342.5	7.5	
12	342.5	7.5	
12	342.5	7.5	
12	342.5	7.5	
12	342.5	7.5	
12	342.5	7.5	
12	342.5	7.5	
12	342.5	7.5	
12	342.5	7.5	
12	342.5	7.5	
13	0	0	
13	0	0	
13	0	0	
13	0	0	
13	0	0	
13	0	0	
13	0	0	
13	0	0	
13	0	0	
13	0	0	
13	0	0	
13	0	0	
13	0	0	
13	0	0	
13	0	0	
13	0	0	
13	0	0	
13	-1.25	0	
13	-1.25	0	
13	-1.25	0	
13	-1.25	0	
13	-1.25	0	
13	-1.25	0	
13	-1.25	0	
13	-1.25	0	
13	-1.25	0	
13	-1.25	0	
13	-1.25	0	
13	1.25	0	
13	5	0	
13	13.75	0	
13	21.25	0	
13	30	0	
13	66.25	-1.25	
13	66.25	-1.25	
13	86.25	-1.25	
13	126.25	-3.75	
13	166.25	-5	
13	206.25	-7.5	
13	226.25	-7.5	
13	265	-7.5	
13	282.5	-7.5	
13	297.5	-7.5	
13	337.5	-3.75	
13	348.75	-3.75	
13	348.75	-3.75	
13	348.75	-3.75	
13	348.75	-3.75	
13	348.75	-3.75	
13	348.75	-3.75	
13	348.75	-3.75	
13	348.75	-3.75	
13	348.75	-3.75	
13	348.75	-3.75	
13	348.75	-3.75	
13	348.75	-3.75	
13	348.75	-3.75	
13	348.75	-3.75	
13	348.75	-3.75	
13	348.75	-3.75	
13	348.75	-3.75	
13	348.75	-3.75	
13	348.75	-3.75	
13	348.75	-3.75	
13	348.75	-3.75	
13	348.75	-3.75	
13	348.75	-3.75	
13	348.75	-3.75	
13	348.75	-3.75	
13	348.75	-3.75	
13	348.75	-3.75	
13	348.75	-3.75	
13	348.75	-3.75	
13	348.75	-3.75	
14	0	0	
14	0	0	
14	0	0	
14	0	0	
14	0	0	
14	0	0	
14	0	0	
14	0	0	
14	0	0	
14	0	0	
14	0	0	
14	0	0	
14	0	0	
14	0	0	
14	0	0	
14	0	0	
14	0	0	
14	0	0	
14	0	0	
14	0	0	
14	0	0	
14	0	2.5	
14	2.5	2.5	
14	18.75	6.25	
14	30	7.5	
14	45	10	
14	60	11.25	
14	95	15	
14	135	15	
14	176.25	15	
14	198.75	15	
14	220	15	
14	240	15	
14	293.75	17.5	
14	293.75	17.5	
14	310	17.5	
14	323.75	17.5	
14	343.75	17.5	
14	343.75	17.5	
14	343.75	17.5	
14	343.75	17.5	
14	343.75	17.5	
14	343.75	17.5	
14	343.75	17.5	
14	343.75	17.5	
14	343.75	17.5	
14	343.75	17.5	
14	343.75	17.5	
14	343.75	17.5	
14	343.75	17.5	
14	343.75	17.5	
14	343.75	17.5	
14	343.75	17.5	
14	343.75	17.5	
14	343.75	17.5	
14	343.75	17.5	
14	343.75	17.5	
14	343.75	17.5	
14	343.75	17.5	
14	343.75	17.5	
14	343.75	17.5	
14	343.75	17.5	
14	343.75	17.5	
14	343.75	17.5	
14	343.75	17.5	
14	343.75	17.5	
14	343.75	17.5	
14	343.75	17.5	
14	343.75	17.5	
14	343.75	17.5	
14	343.75	17.5	
14	343.75	17.5	
14	343.75	17.5	
14	343.75	17.5	
15	0	0	
15	0	0	
15	0	0	
15	0	0	
15	0	0	
15	0	0	
15	0	0	
15	0	0	
15	0	0	
15	0	0	
15	0	0	
15	0	0	
15	0	0	
15	0	0	
15	0	0	
15	0	0	
15	0	0	
15	0	0	
15	0	0	
15	0	0	
15	0	0	
15	0	0	
15	0	0	
15	0	0	
15	0	0	
15	0	0	
15	1.25	1.25	
15	2.5	1.25	
15	20	7.5	
15	30	8.75	
15	41.25	11.25	
15	71.25	12.5	
15	90	12.5	
15	153.75	12.5	
15	176.25	11.25	
15	225	8.75	
15	248.75	8.75	
15	272.5	8.75	
15	337.5	8.75	
15	337.5	8.75	
15	337.5	8.75	
15	337.5	8.75	
15	337.5	8.75	
15	337.5	8.75	
15	337.5	8.75	
15	337.5	8.75	
15	337.5	8.75	
15	337.5	8.75	
15	337.5	8.75	
15	337.5	8.75	
15	337.5	8.75	
15	337.5	8.75	
15	337.5	8.75	
15	337.5	8.75	
15	337.5	8.75	
15	337.5	8.75	
15	337.5	8.75	
15	337.5	8.75	
15	337.5	8.75	
15	337.5	8.75	
15	337.5	8.75	
15	337.5	8.75	
15	337.5	8.75	
15	337.5	8.75	
15	337.5	8.75	
15	337.5	8.75	
15	337.5	8.75	
15	337.5	8.75	
15	337.5	8.75	
15	337.5	8.75	
15	337.5	8.75	
15	337.5	8.75	
15	337.5	8.75	
15	337.5	8.75	
16	0	0	
16	0	0	
16	0	0	
16	0	0	
16	0	0	
16	0	2.5	
16	0	2.5	
16	0	2.5	
16	0	2.5	
16	0	2.5	
16	0	2.5	
16	0	2.5	
16	0	2.5	
16	0	2.5	
16	0	2.5	
16	0	2.5	
16	0	2.5	
16	0	2.5	
16	0	2.5	
16	0	2.5	
16	0	2.5	
16	2.5	3.75	
16	7.5	3.75	
16	22.5	7.5	
16	46.25	10	
16	61.25	10	
16	76.25	10	
16	113.75	11.25	
16	176.25	11.25	
16	197.5	13.75	
16	220	15	
16	240	15	
16	265	18.75	
16	321.25	22.5	
16	336.25	22.5	
16	336.25	22.5	
16	336.25	22.5	
16	336.25	22.5	
16	336.25	22.5	
16	336.25	22.5	
16	336.25	22.5	
16	336.25	22.5	
16	336.25	22.5	
16	336.25	22.5	
16	336.25	22.5	
16	336.25	22.5	
16	336.25	22.5	
16	336.25	22.5	
16	336.25	22.5	
16	336.25	22.5	
16	336.25	22.5	
16	336.25	22.5	
16	336.25	22.5	
16	336.25	22.5	
16	336.25	22.5	
16	336.25	22.5	
16	336.25	22.5	
16	336.25	22.5	
16	336.25	22.5	
16	336.25	22.5	
16	336.25	22.5	
16	336.25	22.5	
16	336.25	22.5	
16	336.25	22.5	
16	336.25	22.5	
16	336.25	22.5	
16	336.25	22.5	
16	336.25	22.5	
16	336.25	22.5	
16	336.25	22.5	
16	336.25	22.5	
16	336.25	22.5	
16	336.25	22.5	
16	336.25	22.5	
17	0	0	
17	0	0	
17	0	0	
17	0	0	
17	0	0	
17	0	0	
17	0	0	
17	0	0	
17	0	0	
17	0	0	
17	0	0	
17	0	0	
17	0	0	
17	0	0	
17	0	0	
17	0	0	
17	0	0	
17	0	0	
17	0	0	
17	0	0	
17	1.25	0	
17	8.75	0	
17	16.25	0	
17	36.25	-1.25	
17	65	-3.75	
17	82.5	-7.5	
17	105	-8.75	
17	152.5	-15	
17	201.25	-18.75	
17	225	-20	
17	268.75	-22.5	
17	287.5	-22.5	
17	306.25	-22.5	
17	336.25	-22.5	
17	347.5	-22.5	
17	347.5	-22.5	
17	347.5	-22.5	
17	347.5	-22.5	
17	347.5	-22.5	
17	347.5	-22.5	
17	347.5	-22.5	
17	347.5	-22.5	
17	347.5	-22.5	
17	347.5	-22.5	
17	347.5	-22.5	
17	347.5	-22.5	
17	347.5	-22.5	
17	347.5	-22.5	
17	347.5	-22.5	
17	347.5	-22.5	
17	347.5	-22.5	
17	347.5	-22.5	
17	347.5	-22.5	
17	347.5	-22.5	
17	347.5	-22.5	
17	347.5	-22.5	
17	347.5	-22.5	
17	347.5	-22.5	
17	347.5	-22.5	
17	347.5	-22.5	
17	347.5	-22.5	
17	347.5	-22.5	
17	347.5	-22.5	
17	347.5	-22.5	
17	347.5	-22.5	
17	347.5	-22.5	
17	347.5	-22.5	
17	347.5	-22.5	
17	347.5	-22.5	
17	347.5	-22.5	
17	347.5	-22.5	
17	347.5	-22.5	
17	347.5	-22.5	
17	347.5	-22.5	
18	0	0	
18	0	0	
18	0	0	
18	0	0	
18	0	0	
18	0	0	
18	0	0	
18	0	0	
18	0	0	
18	0	0	
18	0	0	
18	0	0	
18	0	0	
18	0	0	
18	0	0	
18	0	0	
18	0	0	
18	0	0	
18	-1.25	0	
18	-1.25	0	
18	-1.25	0	
18	-1.25	0	
18	-1.25	1.25	
18	-1.25	1.25	
18	-1.25	1.25	
18	-1.25	1.25	
18	3.75	5	
18	8.75	5	
18	32.5	12.5	
18	45	16.25	
18	58.75	20	
18	75	21.25	
18	111.25	23.75	
18	178.75	21.25	
18	202.5	21.25	
18	227.5	21.25	
18	273.75	20	
18	295	20	
18	345	16.25	
18	345	16.25	
18	345	16.25	
18	345	16.25	
18	345	16.25	
18	345	16.25	
18	345	16.25	
18	345	16.25	
18	345	16.25	
18	345	16.25	
18	345	16.25	
18	345	16.25	
18	345	16.25	
18	345	16.25	
18	345	16.25	
18	345	16.25	
18	345	16.25	
18	345	16.25	
18	345	16.25	
18	345	16.25	
18	345	16.25	
18	345	16.25	
18	345	16.25	
18	345	16.25	
18	345	16.25	
18	345	16.25	
18	345	16.25	
18	345	16.25	
18	345	16.25	
18	345	16.25	
18	345	16.25	
18	345	16.25	
18	345	16.25	
18	345	16.25	
18	345	16.25	
18	345	16.25	
19	0	0	
19	0	0	
19	0	0	
19	0	0	
19	0	0	
19	0	0	
19	0	0	
19	0	0	
19	0	0	
19	0	0	
19	0	0	
19	0	0	
19	0	0	
19	0	0	
19	0	0	
19	0	0	
19	0	0	
19	0	0	
19	0	0	
19	1.25	0	
19	8.75	2.5	
19	16.25	2.5	
19	23.75	0	
19	61.25	0	
19	77.5	0	
19	96.25	0	
19	138.75	-3.75	
19	160	-3.75	
19	230	-7.5	
19	251.25	-7.5	
19	290	-11.25	
19	307.5	-11.25	
19	321.25	-12.5	
19	343.75	-15	
19	343.75	-15	
19	343.75	-15	
19	343.75	-15	
19	343.75	-15	
19	343.75	-15	
19	343.75	-15	
19	343.75	-15	
19	343.75	-15	
19	343.75	-15	
19	343.75	-15	
19	343.75	-15	
19	343.75	-15	
19	343.75	-15	
19	343.75	-15	
19	343.75	-15	
19	343.75	-15	
19	343.75	-15	
19	343.75	-15	
19	343.75	-15	
19	343.75	-15	
19	343.75	-15	
19	343.75	-15	
19	343.75	-15	
19	343.75	-15	
19	343.75	-15	
19	343.75	-15	
19	343.75	-15	
19	343.75	-15	
19	343.75	-15	
19	343.75	-15	
19	343.75	-15	
19	343.75	-15	
19	343.75	-15	
19	343.75	-15	
19	343.75	-15	
19	343.75	-15	
19	343.75	-15	
19	343.75	-15	
19	343.75	-15	
19	343.75	-15	
20	0	0	
20	0	0	
20	0	0	
20	0	0	
20	0	0	
20	0	0	
20	0	0	
20	0	0	
20	0	0	
20	0	0	
20	0	0	
20	0	0	
20	0	0	
20	0	0	
20	0	0	
20	0	0	
20	0	0	
20	0	0	
20	0	0	
20	0	0	
20	0	0	
20	0	0	
20	0	0	
20	5	2.5	
20	10	3.75	
20	18.75	6.25	
20	28.75	7.5	
20	58.75	12.5	
20	118.75	18.75	
20	141.25	20	
20	165	20	
20	213.75	20	
20	237.5	22.5	
20	298.75	22.5	
20	315	22.5	
20	328.75	22.5	
20	338.75	22.5	
20	338.75	22.5	
20	338.75	22.5	
20	338.75	22.5	
20	338.75	22.5	
20	338.75	22.5	
20	338.75	22.5	
20	338.75	22.5	
20	338.75	22.5	
20	338.75	22.5	
20	338.75	22.5	
20	338.75	22.5	
20	338.75	22.5	
20	338.75	22.5	
20	338.75	22.5	
20	338.75	22.5	
20	338.75	22.5	
20	338.75	22.5	
20	338.75	22.5	
20	338.75	22.5	
20	338.75	22.5	
20	338.75	22.5	
20	338.75	22.5	
20	338.75	22.5	
20	338.75	22.5	
20	338.75	22.5	
20	338.75	22.5	
20	338.75	22.5	
20	338.75	22.5	
20	338.75	22.5	
20	338.75	22.5	
20	338.75	22.5	
20	338.75	22.5	
20	338.75	22.5	
20	338.75	22.5	
20	338.75	22.5	
20	338.75	22.5	
20	338.75	22.5	
21	0	0	
21	0	0	
21	0	0	
21	0	0	
21	0	0	
21	0	0	
21	-1.25	0	
21	-1.25	0	
21	-1.25	0	
21	-1.25	0	
21	-1.25	0	
21	-1.25	0	
21	-1.25	0	
21	-1.25	0	
21	-1.25	0	
21	-1.25	0	
21	-1.25	0	
21	-1.25	0	
21	-1.25	0	
21	-1.25	0	
21	-1.25	0	
21	-1.25	0	
21	-1.25	0	
21	-1.25	0	
21	-1.25	0	
21	0	0	
21	2.5	0	
21	5	0	
21	25	0	
21	35	0	
21	60	-1.25	
21	77.5	-1.25	
21	96.25	-1.25	
21	160	-3.75	
21	182.5	-3.75	
21	210	-5	
21	235	-7.5	
21	278.75	-7.5	
21	313.75	-11.25	
21	327.5	-11.25	
21	347.5	-11.25	
21	347.5	-11.25	
21	347.5	-11.25	
21	347.5	-11.25	
21	347.5	-11.25	
21	347.5	-11.25	
21	347.5	-11.25	
21	347.5	-11.25	
21	347.5	-11.25	
21	347.5	-11.25	
21	347.5	-11.25	
21	347.5	-11.25	
21	347.5	-11.25	
21	347.5	-11.25	
21	347.5	-11.25	
21	347.5	-11.25	
21	347.5	-11.25	
21	347.5	-11.25	
21	347.5	-11.25	
21	347.5	-11.25	
21	347.5	-11.25	
21	347.5	-11.25	
21	347.5	-11.25	
21	347.5	-11.25	
21	347.5	-11.25	
21	347.5	-11.25	
21	347.5	-11.25	
21	347.5	-11.25	
21	347.5	-11.25	
21	347.5	-11.25	
21	347.5	-11.25	
21	347.5	-11.25	
21	347.5	-11.25	
21	347.5	-11.25	
22	0	0	
22	0	0	
22	0	0	
22	-1.25	0	
22	-1.25	0	
22	-1.25	0	
22	-1.25	0	
22	-1.25	0	
22	-1.25	0	
22	-1.25	0	
22	-1.25	0	
22	-1.25	0	
22	-1.25	0	
22	-1.25	0	
22	-1.25	0	
22	-1.25	0	
22	-1.25	0	
22	-1.25	0	
22	-1.25	0	
22	-1.25	0	
22	-1.25	0	
22	3.75	0	
22	8.75	1.25	
22	32.5	1.25	
22	45	3.75	
22	73.75	5	
22	92.5	5	
22	111.25	5	
22	175	5	
22	197.5	5	
22	218.75	3.75	
22	256.25	3.75	
22	273.75	3.75	
22	291.25	3.75	
22	307.5	3.75	
22	331.25	3.75	
22	340	3.75	
22	346.25	3.75	
22	346.25	3.75	
22	346.25	3.75	
22	346.25	3.75	
22	346.25	3.75	
22	346.25	3.75	
22	346.25	3.75	
22	346.25	3.75	
22	346.25	3.75	
22	346.25	3.75	
22	346.25	3.75	
22	346.25	3.75	
22	346.25	3.75	
22	346.25	3.75	
22	346.25	3.75	
22	346.25	3.75	
22	346.25	3.75	
22	346.25	3.75	
22	346.25	3.75	
22	346.25	3.75	
22	346.25	3.75	
22	346.25	3.75	
22	346.25	3.75	
22	346.25	3.75	
22	346.25	3.75	
22	346.25	3.75	
22	346.25	3.75	
22	346.25	3.75	
22	346.25	3.75	
22	346.25	3.75	
22	346.25	3.75	
22	346.25	3.75	
22	346.25	3.75	
22	346.25	3.75	
22	346.25	3.75	
22	346.25	3.75	
22	346.25	3.75	
23	0	0	
23	0	0	
23	0	0	
23	0	0	
23	0	0	
23	0	0	
23	0	0	
23	0	0	
23	0	0	
23	0	0	
23	0	0	
23	0	0	
23	0	0	
23	0	0	
23	0	0	
23	0	0	
23	0	0	
23	0	0	
23	0	0	
23	0	0	
23	0	0	
23	0	0	
23	0	0	
23	0	0	
23	2.5	0	
23	5	2.5	
23	10	2.5	
23	25	3.75	
23	45	3.75	
23	60	6.25	
23	92.5	7.5	
23	131.25	7.5	
23	151.25	10	
23	191.25	11.25	
23	230	11.25	
23	248.75	11.25	
23	263.75	11.25	
23	263.75	11.25	
23	306.25	11.25	
23	316.25	11.25	
23	328.75	11.25	
23	333.75	11.25	
23	338.75	11.25	
23	341.25	11.25	
23	342.5	11.25	
23	343.75	11.25	
23	343.75	11.25	
23	345	11.25	
23	347.5	11.25	
23	347.5	11.25	
23	347.5	11.25	
23	347.5	11.25	
23	347.5	11.25	
23	347.5	11.25	
23	347.5	11.25	
23	347.5	11.25	
23	347.5	11.25	
23	347.5	11.25	
23	347.5	11.25	
23	347.5	11.25	
23	347.5	11.25	
23	347.5	11.25	
23	347.5	11.25	
23	347.5	11.25	
23	347.5	11.25	
23	347.5	11.25	
23	347.5	11.25	
23	347.5	11.25	
23	347.5	11.25	
23	347.5	11.25	
23	347.5	11.25	
23	347.5	11.25	
23	347.5	11.25	
23	347.5	11.25	
24	0	0	
24	0	0	
24	0	0	
24	0	0	
24	0	0	
24	0	0	
24	0	0	
24	0	0	
24	0	0	
24	0	0	
24	0	0	
24	0	0	
24	0	0	
24	0	0	
24	0	0	
24	0	0	
24	0	0	
24	0	0	
24	0	0	
24	0	0	
24	1.25	0	
24	2.5	0	
24	3.75	0	
24	18.75	0	
24	26.25	0	
24	36.25	0	
24	60	0	
24	75	2.5	
24	128.75	3.75	
24	148.75	3.75	
24	190	3.75	
24	210	3.75	
24	231.25	2.5	
24	288.75	0	
24	306.25	0	
24	321.25	-1.25	
24	347.5	-1.25	
24	347.5	-1.25	
24	347.5	-1.25	
24	347.5	-1.25	
24	347.5	-1.25	
24	347.5	-1.25	
24	347.5	-1.25	
24	347.5	-1.25	
24	347.5	-1.25	
24	347.5	-1.25	
24	347.5	-1.25	
24	347.5	-1.25	
24	347.5	-1.25	
24	347.5	-1.25	
24	347.5	-1.25	
24	347.5	-1.25	
24	347.5	-1.25	
24	347.5	-1.25	
24	347.5	-1.25	
24	347.5	-1.25	
24	347.5	-1.25	
24	347.5	-1.25	
24	347.5	-1.25	
24	347.5	-1.25	
24	347.5	-1.25	
24	347.5	-1.25	
24	347.5	-1.25	
24	347.5	-1.25	
24	347.5	-1.25	
24	347.5	-1.25	
24	347.5	-1.25	
24	347.5	-1.25	
24	347.5	-1.25	
24	347.5	-1.25	
24	347.5	-1.25	
24	347.5	-1.25	
24	347.5	-1.25	
24	347.5	-1.25	
25	0	0	
25	0	0	
25	0	0	
25	0	0	
25	0	-2.5	
25	0	-2.5	
25	0	-2.5	
25	0	-2.5	
25	0	-2.5	
25	-1.25	-2.5	
25	-1.25	-2.5	
25	-1.25	-2.5	
25	-1.25	-2.5	
25	-1.25	-2.5	
25	-1.25	-2.5	
25	-1.25	-2.5	
25	-1.25	-2.5	
25	-1.25	-2.5	
25	-1.25	-2.5	
25	-1.25	-2.5	
25	-1.25	-2.5	
25	-1.25	-2.5	
25	-1.25	-2.5	
25	-1.25	-2.5	
25	-1.25	-2.5	
25	-1.25	-2.5	
25	-1.25	-2.5	
25	-1.25	-2.5	
25	-1.25	-2.5	
25	-1.25	-2.5	
25	0	-2.5	
25	2.5	-2.5	
25	6.25	0	
25	25	1.25	
25	33.75	3.75	
25	60	3.75	
25	76.25	1.25	
25	118.75	1.25	
25	167.5	0	
25	221.25	-3.75	
25	247.5	-6.25	
25	272.5	-6.25	
25	296.25	-6.25	
25	338.75	-7.5	
25	338.75	-7.5	
25	338.75	-7.5	
25	338.75	-7.5	
25	338.75	-7.5	
25	338.75	-7.5	
25	338.75	-7.5	
25	338.75	-7.5	
25	338.75	-7.5	
25	338.75	-7.5	
25	338.75	-7.5	
25	338.75	-7.5	
25	338.75	-7.5	
25	338.75	-7.5	
25	338.75	-7.5	
25	338.75	-7.5	
25	338.75	-7.5	
25	338.75	-7.5	
25	338.75	-7.5	
25	338.75	-7.5	
25	338.75	-7.5	
25	338.75	-7.5	
25	338.75	-7.5	
25	338.75	-7.5	
25	338.75	-7.5	
25	338.75	-7.5	
25	338.75	-7.5	
25	338.75	-7.5	
25	338.75	-7.5	
25	338.75	-7.5	
25	338.75	-7.5	
26	0	0	
26	0	0	
26	0	0	
26	0	0	
26	0	0	
26	0	0	
26	0	0	
26	0	0	
26	0	0	
26	0	0	
26	0	0	
26	0	0	
26	0	0	
26	0	0	
26	0	0	
26	2.5	2.5	
26	8.75	2.5	
26	16.25	2.5	
26	66.25	3.75	
26	88.75	6.25	
26	115	6.25	
26	172.5	7.5	
26	230	7.5	
26	281.25	7.5	
26	303.75	6.25	
26	337.5	6.25	
26	337.5	6.25	
26	337.5	6.25	
26	337.5	6.25	
26	337.5	6.25	
26	337.5	6.25	
26	337.5	6.25	
26	337.5	6.25	
26	337.5	6.25	
26	337.5	6.25	
26	337.5	6.25	
26	337.5	6.25	
26	337.5	6.25	
26	337.5	6.25	
26	337.5	6.25	
26	337.5	6.25	
26	337.5	6.25	
26	337.5	6.25	
26	337.5	6.25	
26	337.5	6.25	
26	337.5	6.25	
26	337.5	6.25	
26	337.5	6.25	
26	337.5	6.25	
26	337.5	6.25	
26	337.5	6.25	
26	337.5	6.25	
26	337.5	6.25	
26	337.5	6.25	
26	337.5	6.25	
26	337.5	6.25	
26	337.5	6.25	
26	337.5	6.25	
26	337.5	6.25	
26	337.5	6.25	
26	337.5	6.25	
26	337.5	6.25	
26	337.5	6.25	
26	337.5	6.25	
26	337.5	6.25	
26	337.5	6.25	
26	337.5	6.25	
26	337.5	6.25	
26	337.5	6.25	
26	337.5	6.25	
26	337.5	6.25	
26	337.5	6.25	
26	337.5	6.25	
26	337.5	6.25	
27	0	0	
27	0	0	
27	0	0	
27	0	0	
27	0	0	
27	0	0	
27	0	0	
27	0	0	
27	0	0	
27	0	0	
27	0	0	
27	0	0	
27	0	0	
27	0	0	
27	0	0	
27	2.5	0	
27	8.75	2.5	
27	16.25	3.75	
27	52.5	7.5	
27	87.5	11.25	
27	108.75	11.25	
27	130	11.25	
27	155	11.25	
27	225	11.25	
27	247.5	10	
27	266.25	10	
27	298.75	7.5	
27	311.25	7.5	
27	328.75	7.5	
27	340	7.5	
27	346.25	7.5	
27	348.75	7.5	
27	348.75	7.5	
27	348.75	7.5	
27	348.75	7.5	
27	348.75	7.5	
27	348.75	7.5	
27	348.75	7.5	
27	348.75	7.5	
27	348.75	7.5	
27	348.75	7.5	
27	348.75	7.5	
27	348.75	7.5	
27	348.75	7.5	
27	348.75	7.5	
27	348.75	7.5	
27	348.75	7.5	
27	348.75	7.5	
27	348.75	7.5	
27	348.75	7.5	
27	348.75	7.5	
27	348.75	7.5	
27	348.75	7.5	
27	348.75	7.5	
27	348.75	7.5	
27	348.75	7.5	
27	348.75	7.5	
27	348.75	7.5	
27	348.75	7.5	
27	348.75	7.5	
27	348.75	7.5	
27	348.75	7.5	
27	348.75	7.5	
27	348.75	7.5	
27	348.75	7.5	
27	348.75	7.5	
27	348.75	7.5	
27	348.75	7.5	
27	348.75	7.5	
27	348.75	7.5	
27	348.75	7.5	
27	348.75	7.5	
27	348.75	7.5	
27	348.75	7.5	
28	0	0	
28	0	0	
28	0	0	
28	0	0	
28	0	0	
28	0	0	
28	0	0	
28	0	0	
28	0	0	
28	0	0	
28	0	0	
28	0	0	
28	0	0	
28	0	0	
28	0	0	
28	0	0	
28	0	0	
28	0	0	
28	0	0	
28	-1.25	0	
28	-1.25	0	
28	-1.25	0	
28	0	0	
28	17.5	0	
28	27.5	-1.25	
28	38.75	-1.25	
28	68.75	-1.25	
28	106.25	-3.75	
28	148.75	-7.5	
28	170	-7.5	
28	212.5	-11.25	
28	233.75	-12.5	
28	252.5	-15	
28	300	-15	
28	310	-15	
28	318.75	-15	
28	330	-15	
28	332.5	-15	
28	338.75	-15	
28	340	-15	
28	341.25	-15	
28	341.25	-15	
28	342.5	-15	
28	343.75	-15	
28	343.75	-15	
28	345	-15	
28	345	-15	
28	345	-15	
28	345	-15	
28	345	-15	
28	345	-15	
28	345	-15	
28	345	-15	
28	345	-15	
28	345	-15	
28	345	-15	
28	345	-15	
28	345	-15	
28	345	-15	
28	345	-15	
28	345	-15	
28	345	-15	
28	345	-15	
28	345	-15	
28	345	-15	
28	345	-15	
28	345	-15	
28	345	-15	
28	345	-15	
28	345	-15	
28	345	-15	
28	345	-15	
28	345	-15	
28	345	-15	
29	0	0	
29	0	0	
29	0	0	
29	0	0	
29	0	0	
29	0	0	
29	0	0	
29	0	0	
29	0	0	
29	0	0	
29	0	0	
29	0	0	
29	0	0	
29	0	0	
29	0	0	
29	0	0	
29	0	0	
29	0	0	
29	0	0	
29	0	0	
29	0	0	
29	0	0	
29	3.75	2.5	
29	12.5	0	
29	30	2.5	
29	42.5	3.75	
29	75	3.75	
29	95	6.25	
29	162.5	3.75	
29	186.25	3.75	
29	210	3.75	
29	232.5	3.75	
29	253.75	2.5	
29	301.25	0	
29	311.25	0	
29	325	-1.25	
29	330	-1.25	
29	336.25	-1.25	
29	338.75	-1.25	
29	340	-1.25	
29	341.25	-1.25	
29	341.25	-1.25	
29	343.75	-1.25	
29	347.5	-1.25	
29	348.75	-1.25	
29	348.75	-1.25	
29	348.75	-1.25	
29	348.75	-1.25	
29	348.75	-1.25	
29	348.75	-1.25	
29	348.75	-1.25	
29	348.75	-1.25	
29	348.75	-1.25	
29	348.75	-1.25	
29	348.75	-1.25	
29	348.75	-1.25	
29	348.75	-1.25	
29	348.75	-1.25	
29	348.75	-1.25	
29	348.75	-1.25	
29	348.75	-1.25	
29	348.75	-1.25	
29	348.75	-1.25	
29	348.75	-1.25	
29	348.75	-1.25	
29	348.75	-1.25	
29	348.75	-1.25	
29	348.75	-1.25	
29	348.75	-1.25	
29	348.75	-1.25	
29	348.75	-1.25	
29	348.75	-1.25	
29	348.75	-1.25	
29	348.75	-1.25	
30	0	0	
30	-1.25	0	
30	-1.25	0	
30	-1.25	0	
30	-1.25	0	
30	-1.25	0	
30	-1.25	0	
30	-1.25	0	
30	-1.25	0	
30	-1.25	0	
30	-1.25	0	
30	-1.25	0	
30	-1.25	0	
30	-1.25	0	
30	-1.25	0	
30	-1.25	0	
30	-2.5	0	
30	-2.5	0	
30	-2.5	0	
30	-1.25	0	
30	6.25	-1.25	
30	13.75	-1.25	
30	37.5	0	
30	76.25	0	
30	123.75	2.5	
30	151.25	3.75	
30	177.5	3.75	
30	230	2.5	
30	276.25	0	
30	296.25	0	
30	331.25	0	
30	345	0	
30	345	0	
30	345	0	
30	345	0	
30	345	0	
30	345	0	
30	345	0	
30	345	0	
30	345	0	
30	345	0	
30	345	0	
30	345	0	
30	345	0	
30	345	0	
30	345	0	
30	345	0	
30	345	0	
30	345	0	
30	345	0	
30	345	0	
30	345	0	
30	345	0	
30	345	0	
30	345	0	
30	345	0	
30	345	0	
30	345	0	
30	345	0	
30	345	0	
30	345	0	
30	345	0	
30	345	0	
30	345	0	
30	345	0	
30	345	0	
30	345	0	
30	345	0	
30	345	0	
30	345	0	
30	345	0	
30	345	0	
30	345	0	
30	345	0	
31	0	0	
31	0	0	
31	0	0	
31	0	0	
31	0	0	
31	0	0	
31	0	0	
31	0	0	
31	0	0	
31	0	0	
31	0	0	
31	0	0	
31	0	0	
31	-1.25	-2.5	
31	-1.25	-2.5	
31	-1.25	-2.5	
31	2.5	-2.5	
31	6.25	-2.5	
31	26.25	-2.5	
31	37.5	-2.5	
31	63.75	-2.5	
31	80	-2.5	
31	98.75	1.25	
31	151.25	5	
31	177.5	5	
31	203.75	5	
31	252.5	7.5	
31	276.25	5	
31	332.5	5	
31	346.25	3.75	
31	346.25	3.75	
31	346.25	3.75	
31	346.25	3.75	
31	346.25	3.75	
31	346.25	3.75	
31	346.25	3.75	
31	346.25	3.75	
31	346.25	3.75	
31	346.25	3.75	
31	346.25	3.75	
31	346.25	3.75	
31	346.25	3.75	
31	346.25	3.75	
31	346.25	3.75	
31	346.25	3.75	
31	346.25	3.75	
31	346.25	3.75	
31	346.25	3.75	
31	346.25	3.75	
31	346.25	3.75	
31	346.25	3.75	
31	346.25	3.75	
31	346.25	3.75	
31	346.25	3.75	
31	346.25	3.75	
31	346.25	3.75	
31	346.25	3.75	
31	346.25	3.75	
31	346.25	3.75	
31	346.25	3.75	
31	346.25	3.75	
31	346.25	3.75	
31	346.25	3.75	
31	346.25	3.75	
31	346.25	3.75	
31	346.25	3.75	
31	346.25	3.75	
31	346.25	3.75	
31	346.25	3.75	
31	346.25	3.75	
31	346.25	3.75	
31	346.25	3.75	
31	346.25	3.75	
31	346.25	3.75	
32	0	0	
32	0	0	
32	0	0	
32	0	0	
32	0	0	
32	0	0	
32	0	0	
32	0	0	
32	0	0	
32	0	0	
32	0	0	
32	0	0	
32	0	0	
32	0	0	
32	0	0	
32	0	0	
32	0	0	
32	0	0	
32	5	0	
32	18.75	2.5	
32	27.5	2.5	
32	40	3.75	
32	53.75	3.75	
32	108.75	3.75	
32	131.25	7.5	
32	155	7.5	
32	201.25	8.75	
32	247.5	8.75	
32	291.25	8.75	
32	327.5	8.75	
32	342.5	8.75	
32	342.5	8.75	
32	342.5	8.75	
32	342.5	8.75	
32	342.5	8.75	
32	342.5	8.75	
32	342.5	8.75	
32	342.5	8.75	
32	342.5	8.75	
32	342.5	8.75	
32	342.5	8.75	
32	342.5	8.75	
32	342.5	8.75	
32	342.5	8.75	
32	342.5	8.75	
32	342.5	8.75	
32	342.5	8.75	
32	342.5	8.75	
32	342.5	8.75	
32	342.5	8.75	
32	342.5	8.75	
32	342.5	8.75	
32	342.5	8.75	
32	342.5	8.75	
32	342.5	8.75	
32	342.5	8.75	
32	342.5	8.75	
32	342.5	8.75	
32	342.5	8.75	
32	342.5	8.75	
32	342.5	8.75	
32	342.5	8.75	
32	342.5	8.75	
32	342.5	8.75	
32	342.5	8.75	
32	342.5	8.75	
32	342.5	8.75	
32	342.5	8.75	
32	342.5	8.75	
32	342.5	8.75	
32	342.5	8.75	
32	342.5	8.75	
32	342.5	8.75	
32	342.5	8.75	
33	0	0	
33	0	0	
33	0	0	
33	0	0	
33	0	0	
33	0	0	
33	0	0	
33	0	0	
33	0	0	
33	0	0	
33	0	0	
33	0	0	
33	1.25	0	
33	11.25	0	
33	27.5	1.25	
33	38.75	1.25	
33	53.75	1.25	
33	86.25	1.25	
33	127.5	1.25	
33	148.75	1.25	
33	195	0	
33	218.75	0	
33	242.5	-2.5	
33	308.75	-2.5	
33	346.25	-2.5	
33	346.25	-2.5	
33	346.25	-2.5	
33	346.25	-2.5	
33	346.25	-2.5	
33	346.25	-2.5	
33	346.25	-2.5	
33	346.25	-2.5	
33	346.25	-2.5	
33	346.25	-2.5	
33	346.25	-2.5	
33	346.25	-2.5	
33	346.25	-2.5	
33	346.25	-2.5	
33	346.25	-2.5	
33	346.25	-2.5	
33	346.25	-2.5	
33	346.25	-2.5	
33	346.25	-2.5	
33	346.25	-2.5	
33	346.25	-2.5	
33	346.25	-2.5	
33	346.25	-2.5	
33	346.25	-2.5	
33	346.25	-2.5	
33	346.25	-2.5	
33	346.25	-2.5	
33	346.25	-2.5	
33	346.25	-2.5	
33	346.25	-2.5	
33	346.25	-2.5	
33	346.25	-2.5	
33	346.25	-2.5	
33	346.25	-2.5	
33	346.25	-2.5	
33	346.25	-2.5	
33	346.25	-2.5	
33	346.25	-2.5	
33	346.25	-2.5	
33	346.25	-2.5	
33	346.25	-2.5	
33	346.25	-2.5	
33	346.25	-2.5	
33	346.25	-2.5	
33	346.25	-2.5	
33	346.25	-2.5	
33	346.25	-2.5	
33	346.25	-2.5	
33	346.25	-2.5	
33	346.25	-2.5	
34	0	0	
34	0	0	
34	0	0	
34	0	0	
34	0	0	
34	0	0	
34	0	0	
34	0	0	
34	0	0	
34	0	0	
34	0	0	
34	0	0	
34	0	0	
34	0	0	
34	0	0	
34	3.75	2.5	
34	17.5	3.75	
34	28.75	3.75	
34	82.5	10	
34	106.25	11.25	
34	132.5	11.25	
34	158.75	13.75	
34	211.25	15	
34	282.5	15	
34	301.25	13.75	
34	318.75	11.25	
34	347.5	10	
34	347.5	10	
34	347.5	10	
34	347.5	10	
34	347.5	10	
34	347.5	10	
34	347.5	10	
34	347.5	10	
34	347.5	10	
34	347.5	10	
34	347.5	10	
34	347.5	10	
34	347.5	10	
34	347.5	10	
34	347.5	10	
34	347.5	10	
34	347.5	10	
34	347.5	10	
34	347.5	10	
34	347.5	10	
34	347.5	10	
34	347.5	10	
34	347.5	10	
34	347.5	10	
34	347.5	10	
34	347.5	10	
34	347.5	10	
34	347.5	10	
34	347.5	10	
34	347.5	10	
34	347.5	10	
34	347.5	10	
34	347.5	10	
34	347.5	10	
34	347.5	10	
34	347.5	10	
34	347.5	10	
34	347.5	10	
34	347.5	10	
34	347.5	10	
34	347.5	10	
34	347.5	10	
34	347.5	10	
34	347.5	10	
34	347.5	10	
34	347.5	10	
34	347.5	10	
34	347.5	10	
35	0	0	
35	0	0	
35	0	0	
35	0	0	
35	0	0	
35	0	0	
35	0	0	
35	0	0	
35	0	0	
35	0	0	
35	0	0	
35	0	0	
35	0	0	
35	0	0	
35	0	0	
35	0	0	
35	0	0	
35	2.5	0	
35	37.5	6.25	
35	55	7.5	
35	75	7.5	
35	125	11.25	
35	153.75	11.25	
35	211.25	15	
35	266.25	15	
35	292.5	15	
35	315	15	
35	333.75	15	
35	333.75	15	
35	333.75	15	
35	333.75	15	
35	333.75	15	
35	333.75	15	
35	333.75	15	
35	333.75	15	
35	333.75	15	
35	333.75	15	
35	333.75	15	
35	333.75	15	
35	333.75	15	
35	333.75	15	
35	333.75	15	
35	333.75	15	
35	333.75	15	
35	333.75	15	
35	333.75	15	
35	333.75	15	
35	333.75	15	
35	333.75	15	
35	333.75	15	
35	333.75	15	
35	333.75	15	
35	333.75	15	
35	333.75	15	
35	333.75	15	
35	333.75	15	
35	333.75	15	
35	333.75	15	
35	333.75	15	
35	333.75	15	
35	333.75	15	
35	333.75	15	
35	333.75	15	
35	333.75	15	
35	333.75	15	
35	333.75	15	
35	333.75	15	
35	333.75	15	
35	333.75	15	
35	333.75	15	
35	333.75	15	
35	333.75	15	
35	333.75	15	
35	333.75	15	
36	0	0	
36	0	0	
36	0	0	
36	0	0	
36	0	0	
36	0	0	
36	0	0	
36	0	0	
36	0	0	
36	0	0	
36	0	0	
36	-1.25	-1.25	
36	-1.25	-1.25	
36	-1.25	-1.25	
36	0	-1.25	
36	5	0	
36	16.25	0	
36	23.75	0	
36	41.25	2.5	
36	65	3.75	
36	78.75	6.25	
36	93.75	6.25	
36	111.25	6.25	
36	170	6.25	
36	190	6.25	
36	231.25	7.5	
36	250	7.5	
36	267.5	7.5	
36	300	6.25	
36	320	3.75	
36	326.25	3.75	
36	331.25	3.75	
36	335	3.75	
36	340	3.75	
36	341.25	3.75	
36	342.5	3.75	
36	342.5	3.75	
36	342.5	3.75	
36	342.5	3.75	
36	342.5	3.75	
36	342.5	3.75	
36	342.5	3.75	
36	342.5	3.75	
36	342.5	3.75	
36	342.5	3.75	
36	342.5	3.75	
36	342.5	3.75	
36	342.5	3.75	
36	342.5	3.75	
36	342.5	3.75	
36	342.5	3.75	
36	342.5	3.75	
36	342.5	3.75	
36	342.5	3.75	
36	342.5	3.75	
36	342.5	3.75	
36	342.5	3.75	
36	342.5	3.75	
36	342.5	3.75	
36	342.5	3.75	
36	342.5	3.75	
36	342.5	3.75	
36	342.5	3.75	
36	342.5	3.75	
36	342.5	3.75	
36	342.5	3.75	
36	342.5	3.75	
36	342.5	3.75	
36	342.5	3.75	
36	342.5	3.75	
36	342.5	3.75	
36	342.5	3.75	
36	342.5	3.75	
36	342.5	3.75	
37	0	0	
37	0	0	
37	0	0	
37	0	0	
37	0	0	
37	0	0	
37	0	0	
37	0	0	
37	-1.25	-2.5	
37	-1.25	-2.5	
37	-1.25	-2.5	
37	-1.25	-2.5	
37	-1.25	-2.5	
37	-1.25	-2.5	
37	-1.25	-2.5	
37	-1.25	-2.5	
37	1.25	0	
37	5	0	
37	22.5	1.25	
37	33.75	1.25	
37	47.5	1.25	
37	63.75	1.25	
37	87.5	1.25	
37	156.25	1.25	
37	201.25	0	
37	222.5	0	
37	241.25	0	
37	258.75	0	
37	288.75	1.25	
37	300	1.25	
37	313.75	1.25	
37	318.75	1.25	
37	322.5	3.75	
37	327.5	5	
37	328.75	5	
37	328.75	5	
37	328.75	5	
37	328.75	5	
37	328.75	5	
37	328.75	5	
37	328.75	5	
37	328.75	5	
37	328.75	5	
37	328.75	5	
37	328.75	5	
37	328.75	5	
37	328.75	5	
37	328.75	5	
37	328.75	5	
37	328.75	5	
37	328.75	5	
37	328.75	5	
37	328.75	5	
37	328.75	5	
37	328.75	5	
37	328.75	5	
37	328.75	5	
37	328.75	5	
37	328.75	5	
37	330	5	
37	330	5	
37	330	5	
37	330	5	
37	330	5	
37	330	5	
37	330	5	
37	330	5	
37	330	5	
37	330	5	
37	330	5	
37	330	5	
37	330	5	
37	330	5	
37	330	5	
38	0	0	
38	0	0	
38	0	0	
38	0	0	
38	0	0	
38	0	0	
38	0	0	
38	0	0	
38	0	0	
38	0	0	
38	0	0	
38	0	0	
38	0	0	
38	1.25	0	
38	3.75	2.5	
38	7.5	2.5	
38	12.5	3.75	
38	21.25	3.75	
38	61.25	7.5	
38	78.75	10	
38	97.5	11.25	
38	138.75	13.75	
38	161.25	13.75	
38	226.25	11.25	
38	247.5	11.25	
38	267.5	11.25	
38	302.5	11.25	
38	302.5	11.25	
38	343.75	10	
38	343.75	10	
38	343.75	10	
38	343.75	10	
38	343.75	10	
38	343.75	10	
38	343.75	10	
38	343.75	10	
38	343.75	10	
38	343.75	10	
38	343.75	10	
38	343.75	10	
38	343.75	10	
38	343.75	10	
38	343.75	10	
38	343.75	10	
38	343.75	10	
38	343.75	10	
38	343.75	10	
38	343.75	10	
38	343.75	10	
38	343.75	10	
38	343.75	10	
38	343.75	10	
38	343.75	10	
38	343.75	10	
38	343.75	10	
38	343.75	10	
38	343.75	10	
38	343.75	10	
38	343.75	10	
38	343.75	10	
38	343.75	10	
38	343.75	10	
38	343.75	10	
38	343.75	10	
38	343.75	10	
38	343.75	10	
38	343.75	10	
38	343.75	10	
38	343.75	10	
38	343.75	10	
38	343.75	10	
38	343.75	10	
38	343.75	10	
38	343.75	10	
39	0	0	
39	0	0	
39	0	0	
39	0	0	
39	0	0	
39	0	0	
39	0	0	
39	0	0	
39	0	0	
39	0	0	
39	0	0	
39	0	0	
39	0	0	
39	2.5	0	
39	5	0	
39	10	2.5	
39	16.25	3.75	
39	27.5	6.25	
39	62.5	11.25	
39	93.75	13.75	
39	110	15	
39	128.75	15	
39	146.25	15	
39	202.5	18.75	
39	220	18.75	
39	235	15	
39	260	15	
39	270	15	
39	287.5	15	
39	291.25	15	
39	296.25	15	
39	297.5	15	
39	298.75	15	
39	301.25	15	
39	302.5	15	
39	303.75	15	
39	307.5	15	
39	308.75	15	
39	312.5	15	
39	312.5	15	
39	315	15	
39	315	15	
39	316.25	15	
39	316.25	15	
39	317.5	15	
39	317.5	15	
39	317.5	15	
39	318.75	15	
39	318.75	15	
39	318.75	15	
39	318.75	13.75	
39	318.75	13.75	
39	320	13.75	
39	320	13.75	
39	320	13.75	
39	320	13.75	
39	320	13.75	
39	321.25	13.75	
39	321.25	13.75	
39	321.25	13.75	
39	321.25	13.75	
39	321.25	13.75	
39	322.5	13.75	
39	323.75	13.75	
39	323.75	13.75	
39	325	13.75	
39	325	13.75	
39	325	13.75	
39	325	13.75	
39	326.25	13.75	
39	326.25	13.75	
39	326.25	13.75	
39	326.25	13.75	
39	326.25	13.75	
40	0	0	
40	0	0	
40	0	0	
40	0	0	
40	0	0	
40	0	0	
40	0	0	
40	0	0	
40	0	0	
40	0	0	
40	0	0	
40	0	0	
40	0	0	
40	0	0	
40	0	0	
40	0	0	
40	0	0	
40	1.25	0	
40	3.75	0	
40	10	0	
40	17.5	2.5	
40	30	2.5	
40	43.75	3.75	
40	76.25	6.25	
40	116.25	7.5	
40	138.75	7.5	
40	185	11.25	
40	207.5	11.25	
40	271.25	7.5	
40	287.5	7.5	
40	303.75	7.5	
40	326.25	6.25	
40	333.75	6.25	
40	343.75	3.75	
40	343.75	3.75	
40	343.75	3.75	
40	343.75	3.75	
40	343.75	3.75	
40	343.75	3.75	
40	343.75	3.75	
40	343.75	3.75	
40	343.75	3.75	
40	343.75	3.75	
40	343.75	3.75	
40	343.75	3.75	
40	343.75	3.75	
40	343.75	3.75	
40	343.75	3.75	
40	343.75	3.75	
40	343.75	3.75	
40	343.75	3.75	
40	343.75	3.75	
40	343.75	3.75	
40	343.75	3.75	
40	343.75	3.75	
40	343.75	3.75	
40	343.75	3.75	
40	343.75	3.75	
40	343.75	3.75	
40	343.75	3.75	
40	343.75	3.75	
40	343.75	3.75	
40	343.75	3.75	
40	343.75	3.75	
40	343.75	3.75	
40	343.75	3.75	
40	343.75	3.75	
40	343.75	3.75	
40	343.75	3.75	
40	343.75	3.75	
40	343.75	3.75	
40	343.75	3.75	
40	343.75	3.75	
40	343.75	3.75	
41	0	0	
41	0	0	
41	0	0	
41	0	0	
41	0	0	
41	0	0	
41	0	0	
41	0	0	
41	0	0	
41	0	0	
41	0	0	
41	0	0	
41	0	0	
41	0	0	
41	0	0	
41	1.25	1.25	
41	3.75	1.25	
41	7.5	1.25	
41	25	5	
41	32.5	7.5	
41	42.5	8.75	
41	53.75	11.25	
41	82.5	12.5	
41	135	16.25	
41	153.75	16.25	
41	172.5	16.25	
41	212.5	20	
41	231.25	20	
41	287.5	23.75	
41	305	25	
41	318.75	25	
41	332.5	25	
41	332.5	25	
41	332.5	25	
41	332.5	25	
41	332.5	25	
41	332.5	25	
41	332.5	25	
41	332.5	25	
41	332.5	25	
41	332.5	25	
41	332.5	25	
41	332.5	25	
41	332.5	25	
41	332.5	25	
41	332.5	25	
41	332.5	25	
41	332.5	25	
41	332.5	25	
41	332.5	25	
41	332.5	25	
41	332.5	25	
41	332.5	25	
41	332.5	25	
41	332.5	25	
41	332.5	25	
41	332.5	25	
41	332.5	25	
41	332.5	25	
41	332.5	25	
41	332.5	25	
41	332.5	25	
41	332.5	25	
41	332.5	25	
41	332.5	25	
41	332.5	25	
41	332.5	25	
41	332.5	25	
41	332.5	25	
41	332.5	25	
41	332.5	25	
41	332.5	25	
41	332.5	25	
41	332.5	25	
42	0	0	
42	0	0	
42	0	0	
42	0	0	
42	0	0	
42	0	0	
42	0	0	
42	0	0	
42	0	0	
42	0	0	
42	0	0	
42	0	0	
42	0	0	
42	1.25	0	
42	3.75	0	
42	13.75	0	
42	22.5	0	
42	31.25	0	
42	72.5	6.25	
42	90	6.25	
42	108.75	7.5	
42	148.75	7.5	
42	191.25	7.5	
42	232.5	7.5	
42	251.25	7.5	
42	285	7.5	
42	297.5	7.5	
42	310	7.5	
42	331.25	6.25	
42	336.25	6.25	
42	338.75	6.25	
42	342.5	6.25	
42	345	6.25	
42	347.5	6.25	
42	347.5	3.75	
42	347.5	3.75	
42	347.5	3.75	
42	347.5	3.75	
42	347.5	3.75	
42	347.5	3.75	
42	347.5	3.75	
42	347.5	3.75	
42	347.5	3.75	
42	347.5	3.75	
42	347.5	3.75	
42	347.5	3.75	
42	347.5	3.75	
42	347.5	3.75	
42	347.5	3.75	
42	347.5	3.75	
42	347.5	3.75	
42	347.5	3.75	
42	347.5	3.75	
42	347.5	3.75	
42	347.5	3.75	
42	347.5	3.75	
42	347.5	3.75	
42	347.5	3.75	
42	347.5	3.75	
42	347.5	3.75	
42	347.5	3.75	
42	347.5	3.75	
42	347.5	3.75	
42	347.5	3.75	
42	347.5	3.75	
42	347.5	3.75	
42	347.5	3.75	
42	347.5	3.75	
42	347.5	3.75	
42	347.5	3.75	
42	347.5	3.75	
42	347.5	3.75	
42	347.5	3.75	
42	347.5	3.75	
43	0	0	
43	0	0	
43	0	0	
43	0	0	
43	0	0	
43	0	0	
43	0	0	
43	0	0	
43	-1.25	2.5	
43	-2.5	2.5	
43	-2.5	2.5	
43	-2.5	3.75	
43	-3.75	3.75	
43	-3.75	3.75	
43	-3.75	3.75	
43	-3.75	3.75	
43	-3.75	3.75	
43	-3.75	3.75	
43	0	2.5	
43	3.75	3.75	
43	11.25	3.75	
43	36.25	6.25	
43	55	7.5	
43	127.5	11.25	
43	156.25	11.25	
43	186.25	11.25	
43	186.25	11.25	
43	255	10	
43	327.5	7.5	
43	343.75	6.25	
43	343.75	6.25	
43	343.75	6.25	
43	343.75	6.25	
43	343.75	6.25	
43	343.75	6.25	
43	343.75	6.25	
43	343.75	6.25	
43	343.75	6.25	
43	343.75	6.25	
43	343.75	6.25	
43	343.75	6.25	
43	343.75	6.25	
43	343.75	6.25	
43	343.75	6.25	
43	343.75	6.25	
43	343.75	6.25	
43	343.75	6.25	
43	343.75	6.25	
43	343.75	6.25	
43	343.75	6.25	
43	343.75	6.25	
43	343.75	6.25	
43	343.75	6.25	
43	343.75	6.25	
43	343.75	6.25	
43	343.75	6.25	
43	343.75	6.25	
43	343.75	6.25	
43	343.75	6.25	
43	343.75	6.25	
43	343.75	6.25	
43	343.75	6.25	
43	343.75	6.25	
43	343.75	6.25	
43	343.75	6.25	
43	343.75	6.25	
43	343.75	6.25	
43	343.75	6.25	
43	343.75	6.25	
43	343.75	6.25	
43	343.75	6.25	
43	343.75	6.25	
43	343.75	6.25	
43	343.75	6.25	
44	0	0	
44	0	0	
44	0	0	
44	0	0	
44	0	0	
44	-6.25	-6.25	
44	-6.25	-6.25	
44	-6.25	-6.25	
44	-6.25	-6.25	
44	-6.25	-6.25	
44	-6.25	-6.25	
44	-6.25	-6.25	
44	-6.25	-6.25	
44	-6.25	-6.25	
44	-6.25	-6.25	
44	-6.25	-6.25	
44	-6.25	-6.25	
44	-6.25	-6.25	
44	-6.25	-6.25	
44	-6.25	-6.25	
44	-6.25	-6.25	
44	-6.25	-6.25	
44	2.5	-3.75	
44	28.75	0	
44	43.75	0	
44	78.75	2.5	
44	120	3.75	
44	141.25	3.75	
44	186.25	7.5	
44	228.75	10	
44	247.5	10	
44	263.75	11.25	
44	278.75	11.25	
44	307.5	11.25	
44	312.5	11.25	
44	320	11.25	
44	322.5	11.25	
44	325	11.25	
44	326.25	11.25	
44	326.25	11.25	
44	328.75	13.75	
44	330	13.75	
44	331.25	11.25	
44	336.25	11.25	
44	337.5	11.25	
44	338.75	11.25	
44	340	11.25	
44	340	11.25	
44	340	11.25	
44	340	11.25	
44	340	11.25	
44	340	11.25	
44	340	11.25	
44	340	11.25	
44	340	11.25	
44	340	11.25	
44	340	11.25	
44	340	11.25	
44	340	11.25	
44	340	11.25	
44	340	11.25	
44	340	11.25	
44	340	11.25	
44	340	11.25	
44	340	11.25	
44	340	11.25	
44	340	11.25	
44	340	11.25	
44	340	11.25	
44	340	11.25	
44	340	11.25	
44	340	11.25	
44	340	11.25	
44	340	11.25	
45	0	0	
45	0	0	
45	0	0	
45	0	0	
45	0	0	
45	0	0	
45	0	0	
45	-1.25	0	
45	-1.25	0	
45	-1.25	0	
45	-1.25	0	
45	-1.25	0	
45	-1.25	0	
45	-1.25	0	
45	-1.25	0	
45	-1.25	0	
45	-1.25	0	
45	-1.25	0	
45	-1.25	0	
45	-1.25	0	
45	-1.25	0	
45	-1.25	0	
45	-1.25	0	
45	2.5	0	
45	6.25	2.5	
45	11.25	3.75	
45	26.25	6.25	
45	36.25	7.5	
45	77.5	11.25	
45	93.75	11.25	
45	113.75	13.75	
45	132.5	13.75	
45	175	11.25	
45	236.25	11.25	
45	253.75	11.25	
45	271.25	11.25	
45	287.5	11.25	
45	301.25	11.25	
45	328.75	10	
45	335	10	
45	338.75	10	
45	341.25	10	
45	345	10	
45	348.75	10	
45	348.75	10	
45	348.75	10	
45	348.75	10	
45	348.75	10	
45	348.75	10	
45	348.75	10	
45	348.75	10	
45	348.75	10	
45	348.75	10	
45	348.75	10	
45	348.75	10	
45	348.75	10	
45	348.75	10	
45	348.75	10	
45	348.75	10	
45	348.75	10	
45	348.75	10	
45	348.75	10	
45	348.75	10	
45	348.75	10	
45	348.75	10	
45	348.75	10	
45	348.75	10	
45	348.75	10	
45	348.75	10	
45	348.75	10	
45	348.75	10	
45	348.75	10	
45	348.75	10	
45	348.75	10	
46	0	0	
46	0	0	
46	0	0	
46	0	0	
46	0	0	
46	0	0	
46	0	0	
46	0	0	
46	0	0	
46	0	0	
46	0	0	
46	0	0	
46	0	0	
46	0	0	
46	0	0	
46	2.5	0	
46	6.25	0	
46	11.25	0	
46	36.25	3.75	
46	48.75	3.75	
46	81.25	3.75	
46	100	3.75	
46	121.25	6.25	
46	188.75	7.5	
46	211.25	7.5	
46	252.5	10	
46	272.5	10	
46	288.75	10	
46	330	7.5	
46	340	7.5	
46	347.5	7.5	
46	347.5	7.5	
46	347.5	7.5	
46	347.5	7.5	
46	347.5	7.5	
46	347.5	7.5	
46	347.5	7.5	
46	347.5	7.5	
46	347.5	7.5	
46	347.5	7.5	
46	347.5	7.5	
46	347.5	7.5	
46	347.5	7.5	
46	347.5	7.5	
46	347.5	7.5	
46	347.5	7.5	
46	347.5	7.5	
46	347.5	7.5	
46	347.5	7.5	
46	347.5	7.5	
46	347.5	7.5	
46	347.5	7.5	
46	347.5	7.5	
46	347.5	7.5	
46	347.5	7.5	
46	347.5	7.5	
46	347.5	7.5	
46	347.5	7.5	
46	347.5	7.5	
46	347.5	7.5	
46	347.5	7.5	
46	347.5	7.5	
46	347.5	7.5	
46	347.5	7.5	
46	347.5	7.5	
46	347.5	7.5	
46	347.5	7.5	
46	347.5	7.5	
46	347.5	7.5	
46	347.5	7.5	
46	347.5	7.5	
46	347.5	7.5	
46	347.5	7.5	
46	347.5	7.5	
47	0	0	
47	0	0	
47	0	0	
47	0	0	
47	0	0	
47	0	0	
47	0	0	
47	0	0	
47	0	0	
47	0	0	
47	0	0	
47	0	0	
47	0	0	
47	0	0	
47	0	0	
47	0	0	
47	0	0	
47	0	0	
47	0	0	
47	0	0	
47	0	0	
47	0	0	
47	0	0	
47	0	0	
47	0	0	
47	1.25	0	
47	3.75	0	
47	6.25	0	
47	28.75	3.75	
47	41.25	3.75	
47	41.25	3.75	
47	87.5	7.5	
47	110	7.5	
47	152.5	11.25	
47	196.25	11.25	
47	216.25	13.75	
47	235	13.75	
47	268.75	13.75	
47	305	13.75	
47	313.75	13.75	
47	321.25	13.75	
47	331.25	13.75	
47	335	11.25	
47	338.75	11.25	
47	341.25	11.25	
47	341.25	11.25	
47	342.5	11.25	
47	342.5	11.25	
47	343.75	11.25	
47	343.75	11.25	
47	343.75	11.25	
47	343.75	11.25	
47	343.75	11.25	
47	343.75	11.25	
47	343.75	11.25	
47	343.75	11.25	
47	343.75	11.25	
47	343.75	11.25	
47	343.75	11.25	
47	343.75	11.25	
47	343.75	11.25	
47	343.75	11.25	
47	343.75	11.25	
47	343.75	11.25	
47	343.75	11.25	
47	343.75	11.25	
47	343.75	11.25	
47	343.75	11.25	
47	343.75	11.25	
47	343.75	11.25	
47	343.75	11.25	
47	343.75	11.25	
47	343.75	11.25	
47	343.75	11.25	
48	0	0	
48	0	0	
48	0	0	
48	0	0	
48	0	0	
48	0	0	
48	0	0	
48	0	0	
48	0	0	
48	0	0	
48	0	0	
48	0	0	
48	0	0	
48	0	0	
48	0	0	
48	0	0	
48	0	0	
48	0	0	
48	3.75	1.25	
48	8.75	1.25	
48	15	1.25	
48	23.75	3.75	
48	45	5	
48	75	5	
48	111.25	7.5	
48	132.5	8.75	
48	175	8.75	
48	197.5	8.75	
48	262.5	8.75	
48	281.25	8.75	
48	298.75	8.75	
48	315	8.75	
48	338.75	8.75	
48	347.5	7.5	
48	347.5	7.5	
48	347.5	7.5	
48	347.5	7.5	
48	347.5	7.5	
48	347.5	7.5	
48	347.5	7.5	
48	347.5	7.5	
48	347.5	7.5	
48	347.5	7.5	
48	347.5	7.5	
48	347.5	7.5	
48	347.5	7.5	
48	347.5	7.5	
48	347.5	7.5	
48	347.5	7.5	
48	347.5	7.5	
48	347.5	7.5	
48	347.5	7.5	
48	347.5	7.5	
48	347.5	7.5	
48	347.5	7.5	
48	347.5	7.5	
48	347.5	7.5	
48	347.5	7.5	
48	347.5	7.5	
48	347.5	7.5	
48	347.5	7.5	
48	347.5	7.5	
48	347.5	7.5	
48	347.5	7.5	
48	347.5	7.5	
48	347.5	7.5	
48	347.5	7.5	
48	347.5	7.5	
48	347.5	7.5	
48	347.5	7.5	
48	347.5	7.5	
48	347.5	7.5	
48	347.5	7.5	
48	347.5	7.5	
49	0	0	
49	0	0	
49	0	0	
49	0	0	
49	0	0	
49	0	0	
49	0	0	
49	0	0	
49	0	0	
49	0	0	
49	0	0	
49	0	0	
49	0	0	
49	0	0	
49	0	0	
49	0	0	
49	0	0	
49	0	0	
49	11.25	2.5	
49	17.5	3.75	
49	25	3.75	
49	33.75	6.25	
49	57.5	10	
49	57.5	10	
49	93.75	11.25	
49	127.5	13.75	
49	157.5	15	
49	216.25	17.5	
49	267.5	18.75	
49	307.5	18.75	
49	323.75	18.75	
49	337.5	18.75	
49	348.75	18.75	
49	348.75	18.75	
49	348.75	18.75	
49	348.75	18.75	
49	348.75	18.75	
49	348.75	18.75	
49	348.75	18.75	
49	348.75	18.75	
49	348.75	18.75	
49	348.75	18.75	
49	348.75	18.75	
49	348.75	18.75	
49	348.75	18.75	
49	348.75	18.75	
49	348.75	18.75	
49	348.75	18.75	
49	348.75	18.75	
49	348.75	18.75	
49	348.75	18.75	
49	348.75	18.75	
49	348.75	18.75	
49	348.75	18.75	
49	348.75	18.75	
49	348.75	18.75	
49	348.75	18.75	
49	348.75	18.75	
49	348.75	18.75	
49	348.75	18.75	
49	348.75	18.75	
49	348.75	18.75	
49	348.75	18.75	
49	348.75	18.75	
49	348.75	18.75	
49	348.75	18.75	
49	348.75	18.75	
49	348.75	18.75	
49	348.75	18.75	
49	348.75	18.75	
49	348.75	18.75	
49	348.75	18.75	
49	348.75	18.75	
49	348.75	18.75	
50	0	0	
50	0	0	
50	0	0	
50	0	0	
50	-1.25	0	
50	-1.25	0	
50	-1.25	0	
50	-1.25	0	
50	-1.25	0	
50	-1.25	0	
50	-1.25	-1.25	
50	-1.25	-1.25	
50	-1.25	-1.25	
50	-1.25	-1.25	
50	-1.25	-1.25	
50	-1.25	-1.25	
50	-1.25	-3.75	
50	-2.5	-3.75	
50	-2.5	-3.75	
50	-2.5	-3.75	
50	-2.5	-3.75	
50	-2.5	-3.75	
50	-3.75	-3.75	
50	-3.75	-3.75	
50	-3.75	-3.75	
50	-3.75	-3.75	
50	-3.75	-3.75	
50	-3.75	-3.75	
50	-3.75	-3.75	
50	-3.75	-3.75	
50	-3.75	-3.75	
50	-3.75	-3.75	
50	-3.75	-5	
50	-2.5	-5	
50	-1.25	-7.5	
50	3.75	-7.5	
50	8.75	-3.75	
50	8.75	-3.75	
50	37.5	-3.75	
50	51.25	-1.25	
50	71.25	-1.25	
50	90	0	
50	110	0	
50	142.5	2.5	
50	172.5	2.5	
50	198.75	3.75	
50	221.25	3.75	
50	261.25	7.5	
50	292.5	11.25	
50	306.25	11.25	
50	326.25	15	
50	341.25	17.5	
50	346.25	18.75	
50	346.25	18.75	
50	346.25	18.75	
50	346.25	18.75	
50	346.25	18.75	
50	346.25	18.75	
50	346.25	18.75	
50	346.25	18.75	
50	346.25	18.75	
50	346.25	18.75	
50	346.25	18.75	
50	346.25	18.75	
50	346.25	18.75	
50	346.25	18.75	
50	346.25	18.75	
50	346.25	18.75	
50	346.25	18.75	
50	346.25	18.75	
50	346.25	18.75	
50	346.25	18.75	
50	346.25	18.75	
50	346.25	18.75	
51	0	0	
51	0	0	
51	0	0	
51	0	0	
51	0	0	
51	0	0	
51	0	0	
51	0	0	
51	0	0	
51	0	0	
51	0	0	
51	0	0	
51	0	0	
51	0	0	
51	0	0	
51	0	0	
51	0	0	
51	0	0	
51	0	0	
51	0	0	
51	0	0	
51	0	0	
51	0	0	
51	0	0	
51	0	0	
51	0	0	
51	0	0	
51	0	0	
51	0	0	
51	0	0	
51	-1.25	0	
51	-1.25	0	
51	-1.25	0	
51	-1.25	0	
51	-1.25	0	
51	-2.5	-1.25	
51	-2.5	-1.25	
51	-2.5	-1.25	
51	-2.5	-1.25	
51	-2.5	-1.25	
51	-2.5	-1.25	
51	-2.5	-1.25	
51	-2.5	-1.25	
51	-2.5	-1.25	
51	-2.5	-1.25	
51	-2.5	-1.25	
51	-2.5	-1.25	
51	-2.5	-1.25	
51	-2.5	-1.25	
51	-2.5	-1.25	
51	-2.5	-1.25	
51	-2.5	-1.25	
51	-2.5	-1.25	
51	-2.5	-1.25	
51	-2.5	-1.25	
51	-2.5	-1.25	
51	-2.5	-1.25	
51	-2.5	-1.25	
51	-2.5	-1.25	
51	-2.5	-1.25	
51	-2.5	-1.25	
51	-2.5	-1.25	
51	-2.5	-1.25	
51	-2.5	-1.25	
51	-2.5	-1.25	
51	-2.5	-1.25	
51	-2.5	-1.25	
51	-2.5	-1.25	
51	-2.5	-1.25	
51	-2.5	-1.25	
51	-2.5	-1.25	
51	-2.5	-1.25	
51	-2.5	-1.25	
51	-2.5	-1.25	
52	0	0	
52	0	0	
52	0	0	
52	0	0	
52	0	0	
52	0	0	
52	0	0	
52	0	0	
52	0	0	
52	0	0	
52	0	0	
52	0	0	
52	0	0	
52	0	0	
52	2.5	0	
52	10	3.75	
52	16.25	6.25	
52	32.5	10	
52	42.5	11.25	
52	62.5	13.75	
52	81.25	15	
52	98.75	18.75	
52	136.25	22.5	
52	173.75	30	
52	210	33.75	
52	226.25	36.25	
52	242.5	37.5	
52	267.5	41.25	
52	285	43.75	
52	296.25	45	
52	300	45	
52	301.25	45	
52	303.75	45	
52	306.25	47.5	
52	306.25	47.5	
52	306.25	47.5	
52	306.25	47.5	
52	306.25	47.5	
52	307.5	47.5	
52	307.5	47.5	
52	308.75	47.5	
52	308.75	47.5	
52	308.75	45	
52	308.75	45	
52	310	45	
52	310	45	
52	310	45	
52	310	45	
52	310	45	
52	311.25	45	
52	311.25	45	
52	311.25	45	
52	311.25	45	
52	311.25	45	
52	312.5	45	
52	312.5	45	
52	312.5	45	
52	313.75	45	
52	315	45	
52	315	45	
52	316.25	45	
52	317.5	45	
52	317.5	45	
52	318.75	45	
52	320	45	
52	321.25	45	
52	322.5	45	
52	323.75	45	
52	323.75	45	
52	323.75	43.75	
52	325	43.75	
52	325	43.75	
52	326.25	43.75	
52	326.25	43.75	
53	0	0	
53	0	0	
53	0	0	
53	0	0	
53	0	0	
53	0	0	
53	0	0	
53	0	0	
53	0	0	
53	0	0	
53	0	0	
53	0	0	
53	0	0	
53	0	0	
53	0	0	
53	0	0	
53	0	0	
53	0	0	
53	0	0	
53	0	0	
53	0	0	
53	0	0	
53	0	0	
53	0	0	
53	0	0	
53	0	0	
53	0	0	
53	0	0	
53	0	0	
53	0	0	
53	0	0	
53	0	0	
53	0	0	
53	0	0	
53	0	0	
53	0	0	
53	0	0	
53	0	0	
53	0	0	
53	0	0	
53	0	0	
53	0	0	
53	0	0	
53	0	0	
53	0	0	
53	0	0	
53	0	0	
53	0	0	
53	-1.25	-1.25	
53	-1.25	-1.25	
53	-1.25	-1.25	
53	0	-1.25	
53	2.5	-1.25	
53	20	0	
53	20	0	
53	20	0	
53	47.5	3.75	
53	72.5	3.75	
53	153.75	6.25	
53	180	7.5	
53	205	7.5	
53	252.5	10	
53	273.75	11.25	
53	323.75	11.25	
53	335	11.25	
53	335	11.25	
53	335	11.25	
53	335	11.25	
53	335	11.25	
53	335	11.25	
53	335	11.25	
53	335	11.25	
53	335	11.25	
53	335	11.25	
