Trial	X	Y
1	0	0	
1	0	0	
1	0	0	
1	0	0	
1	0	0	
1	0	0	
1	0	0	
1	0	0	
1	0	0	
1	0	-1.25	
1	0	-3.75	
1	0	-3.75	
1	0	-3.75	
1	0	-3.75	
1	0	-3.75	
1	0	-3.75	
1	0	-3.75	
1	0	-3.75	
1	0	-3.75	
1	0	-3.75	
1	0	-3.75	
1	0	-3.75	
1	0	-3.75	
1	0	-3.75	
1	0	-3.75	
1	0	-3.75	
1	1.25	-3.75	
1	1.25	-3.75	
1	5	-1.25	
1	12.5	-1.25	
1	37.5	0	
1	66.25	2.5	
1	83.75	3.75	
1	100	6.25	
1	117.5	7.5	
1	163.75	11.25	
1	176.25	11.25	
1	197.5	7.5	
1	207.5	7.5	
1	223.75	6.25	
1	238.75	7.5	
1	251.25	7.5	
1	257.5	7.5	
1	262.5	3.75	
1	267.5	3.75	
1	276.25	0	
1	278.75	0	
1	283.75	0	
1	286.25	0	
1	296.25	-3.75	
1	308.75	-3.75	
1	323.75	0	
1	331.25	3.75	
1	340	3.75	
1	346.25	7.5	
1	346.25	7.5	
1	346.25	7.5	
1	346.25	7.5	
1	346.25	7.5	
1	346.25	7.5	
1	346.25	7.5	
1	346.25	7.5	
1	346.25	7.5	
1	346.25	7.5	
1	346.25	7.5	
1	346.25	7.5	
1	346.25	7.5	
1	346.25	7.5	
1	346.25	7.5	
1	346.25	7.5	
1	346.25	7.5	
1	346.25	7.5	
1	346.25	7.5	
1	346.25	7.5	
2	0	0	
2	-1.25	0	
2	-1.25	0	
2	-1.25	0	
2	-1.25	0	
2	-1.25	0	
2	-1.25	0	
2	-1.25	0	
2	-1.25	0	
2	-1.25	0	
2	-1.25	0	
2	-1.25	0	
2	-1.25	0	
2	-1.25	0	
2	-1.25	0	
2	-1.25	0	
2	-1.25	0	
2	-1.25	0	
2	-1.25	0	
2	-1.25	0	
2	-1.25	0	
2	-1.25	0	
2	-1.25	0	
2	-1.25	0	
2	-1.25	0	
2	-1.25	0	
2	-1.25	0	
2	-1.25	0	
2	-1.25	0	
2	-1.25	0	
2	-1.25	0	
2	-1.25	0	
2	-1.25	0	
2	-1.25	0	
2	-1.25	0	
2	-1.25	0	
2	-1.25	0	
2	2.5	2.5	
2	6.25	3.75	
2	12.5	3.75	
2	33.75	7.5	
2	62.5	15	
2	80	18.75	
2	123.75	28.75	
2	145	33.75	
2	185	45	
2	218.75	52.5	
2	232.5	56.25	
2	245	58.75	
2	256.25	60	
2	281.25	68.75	
2	292.5	72.5	
2	296.25	72.5	
2	298.75	72.5	
2	303.75	75	
2	305	72.5	
2	306.25	68.75	
2	307.5	68.75	
2	307.5	67.5	
2	307.5	63.75	
2	307.5	58.75	
2	308.75	51.25	
2	308.75	45	
2	308.75	41.25	
2	308.75	33.75	
2	308.75	30	
2	308.75	28.75	
2	308.75	28.75	
2	308.75	28.75	
2	308.75	28.75	
2	308.75	26.25	
2	308.75	26.25	
2	308.75	26.25	
2	308.75	26.25	
3	0	0	
3	0	0	
3	0	0	
3	0	0	
3	0	0	
3	0	0	
3	0	0	
3	0	0	
3	0	0	
3	0	0	
3	0	0	
3	0	0	
3	0	0	
3	0	0	
3	0	0	
3	0	0	
3	8.75	-1.25	
3	8.75	-1.25	
3	8.75	-3.75	
3	8.75	-3.75	
3	10	-3.75	
3	13.75	-1.25	
3	16.25	-1.25	
3	20	-1.25	
3	32.5	-1.25	
3	66.25	-7.5	
3	82.5	-8.75	
3	100	-11.25	
3	138.75	-11.25	
3	160	-11.25	
3	200	-8.75	
3	236.25	-7.5	
3	251.25	-7.5	
3	263.75	-3.75	
3	290	0	
3	327.5	0	
3	337.5	0	
3	345	0	
3	345	0	
3	345	0	
3	345	0	
3	345	0	
3	345	0	
3	345	0	
3	345	0	
3	345	0	
3	345	0	
3	345	0	
3	345	0	
3	345	0	
3	345	0	
3	345	0	
3	345	0	
3	345	0	
3	345	0	
3	345	0	
3	345	0	
3	345	0	
3	345	0	
3	345	0	
3	345	0	
3	345	0	
3	345	0	
3	345	0	
3	345	0	
3	345	0	
3	345	0	
3	345	0	
3	345	0	
3	345	0	
3	345	0	
3	345	0	
3	345	0	
3	345	0	
4	0	0	
4	0	0	
4	0	0	
4	0	0	
4	0	0	
4	0	0	
4	0	0	
4	0	0	
4	0	0	
4	0	0	
4	0	0	
4	0	0	
4	1.25	0	
4	1.25	0	
4	1.25	0	
4	1.25	0	
4	2.5	0	
4	2.5	0	
4	2.5	2.5	
4	5	2.5	
4	11.25	2.5	
4	17.5	0	
4	25	0	
4	33.75	-3.75	
4	76.25	-5	
4	95	-5	
4	137.5	-1.25	
4	160	0	
4	201.25	7.5	
4	221.25	10	
4	268.75	15	
4	278.75	15	
4	286.25	17.5	
4	292.5	17.5	
4	300	17.5	
4	303.75	15	
4	306.25	15	
4	307.5	13.75	
4	308.75	13.75	
4	308.75	13.75	
4	308.75	11.25	
4	308.75	11.25	
4	308.75	11.25	
4	308.75	11.25	
4	308.75	11.25	
4	308.75	11.25	
4	308.75	11.25	
4	308.75	11.25	
4	308.75	11.25	
4	308.75	11.25	
4	308.75	11.25	
4	308.75	10	
4	308.75	7.5	
4	308.75	7.5	
4	308.75	7.5	
4	308.75	7.5	
4	308.75	7.5	
4	308.75	7.5	
4	308.75	7.5	
4	308.75	7.5	
4	308.75	7.5	
4	308.75	7.5	
4	308.75	7.5	
4	308.75	7.5	
4	308.75	7.5	
4	308.75	6.25	
4	310	6.25	
4	310	6.25	
4	310	6.25	
4	310	6.25	
4	310	6.25	
4	310	6.25	
4	310	6.25	
4	310	6.25	
5	0	0	
5	0	0	
5	0	0	
5	0	0	
5	0	0	
5	0	0	
5	0	0	
5	0	0	
5	0	0	
5	1.25	0	
5	1.25	2.5	
5	2.5	2.5	
5	2.5	2.5	
5	2.5	2.5	
5	2.5	3.75	
5	3.75	3.75	
5	5	3.75	
5	5	6.25	
5	7.5	7.5	
5	10	7.5	
5	16.25	7.5	
5	32.5	6.25	
5	43.75	3.75	
5	71.25	0	
5	88.75	-1.25	
5	126.25	-5	
5	167.5	-7.5	
5	188.75	-5	
5	210	-3.75	
5	251.25	-1.25	
5	310	3.75	
5	325	6.25	
5	340	7.5	
5	340	7.5	
5	340	7.5	
5	340	7.5	
5	340	7.5	
5	340	7.5	
5	340	7.5	
5	340	7.5	
5	340	7.5	
5	340	7.5	
5	340	7.5	
5	340	7.5	
5	340	7.5	
5	340	7.5	
5	340	7.5	
5	340	7.5	
5	340	7.5	
5	340	7.5	
5	340	7.5	
5	340	7.5	
5	340	7.5	
5	340	7.5	
5	340	7.5	
5	340	7.5	
5	340	7.5	
5	340	7.5	
5	340	7.5	
5	340	7.5	
5	340	7.5	
5	340	7.5	
5	340	7.5	
5	340	7.5	
5	340	7.5	
5	340	7.5	
5	340	7.5	
5	340	7.5	
5	340	7.5	
5	340	7.5	
5	340	7.5	
5	340	7.5	
5	340	7.5	
5	340	7.5	
6	0	0	
6	0	0	
6	0	0	
6	0	0	
6	0	0	
6	0	0	
6	0	0	
6	0	2.5	
6	1.25	2.5	
6	1.25	2.5	
6	1.25	2.5	
6	1.25	2.5	
6	1.25	2.5	
6	1.25	2.5	
6	1.25	2.5	
6	1.25	2.5	
6	1.25	3.75	
6	2.5	3.75	
6	3.75	3.75	
6	11.25	3.75	
6	17.5	3.75	
6	17.5	3.75	
6	26.25	3.75	
6	53.75	6.25	
6	110	10	
6	131.25	11.25	
6	152.5	13.75	
6	193.75	15	
6	213.75	15	
6	231.25	15	
6	282.5	21.25	
6	297.5	22.5	
6	312.5	26.25	
6	342.5	33.75	
6	342.5	33.75	
6	342.5	33.75	
6	342.5	33.75	
6	342.5	33.75	
6	342.5	33.75	
6	342.5	33.75	
6	342.5	33.75	
6	342.5	33.75	
6	342.5	33.75	
6	342.5	33.75	
6	342.5	33.75	
6	342.5	33.75	
6	342.5	33.75	
6	342.5	33.75	
6	342.5	33.75	
6	342.5	33.75	
6	342.5	33.75	
6	342.5	33.75	
6	342.5	33.75	
6	342.5	33.75	
6	342.5	33.75	
6	342.5	33.75	
6	342.5	33.75	
6	342.5	33.75	
6	342.5	33.75	
6	342.5	33.75	
6	342.5	33.75	
6	342.5	33.75	
6	342.5	33.75	
6	342.5	33.75	
6	342.5	33.75	
6	342.5	33.75	
6	342.5	33.75	
6	342.5	33.75	
6	342.5	33.75	
6	342.5	33.75	
6	342.5	33.75	
6	342.5	33.75	
6	342.5	33.75	
6	342.5	33.75	
7	0	0	
7	0	0	
7	0	0	
7	0	0	
7	0	0	
7	0	0	
7	0	0	
7	0	0	
7	0	0	
7	0	0	
7	0	0	
7	0	0	
7	0	0	
7	0	0	
7	0	0	
7	0	0	
7	0	0	
7	2.5	0	
7	5	2.5	
7	10	2.5	
7	33.75	2.5	
7	45	2.5	
7	58.75	0	
7	75	-1.25	
7	115	-5	
7	165	-8.75	
7	191.25	-11.25	
7	240	-15	
7	262.5	-15	
7	302.5	-18.75	
7	333.75	-15	
7	333.75	-15	
7	333.75	-15	
7	333.75	-15	
7	333.75	-15	
7	333.75	-15	
7	333.75	-15	
7	333.75	-15	
7	333.75	-15	
7	333.75	-15	
7	333.75	-15	
7	333.75	-15	
7	333.75	-15	
7	333.75	-15	
7	333.75	-15	
7	333.75	-15	
7	333.75	-15	
7	333.75	-15	
7	333.75	-15	
7	333.75	-15	
7	333.75	-15	
7	333.75	-15	
7	333.75	-15	
7	333.75	-15	
7	333.75	-15	
7	333.75	-15	
7	333.75	-15	
7	333.75	-15	
7	333.75	-15	
7	333.75	-15	
7	333.75	-15	
7	333.75	-15	
7	333.75	-15	
7	333.75	-15	
7	333.75	-15	
7	333.75	-15	
7	333.75	-15	
7	333.75	-15	
7	333.75	-15	
7	333.75	-15	
7	333.75	-15	
7	333.75	-15	
7	333.75	-15	
7	333.75	-15	
8	0	0	
8	0	0	
8	0	0	
8	0	0	
8	0	0	
8	0	0	
8	0	0	
8	0	0	
8	0	0	
8	0	0	
8	0	0	
8	0	0	
8	0	0	
8	0	0	
8	0	0	
8	0	0	
8	0	0	
8	2.5	0	
8	5	2.5	
8	20	3.75	
8	27.5	3.75	
8	47.5	6.25	
8	60	7.5	
8	72.5	7.5	
8	121.25	11.25	
8	137.5	15	
8	155	18.75	
8	188.75	26.25	
8	205	30	
8	222.5	35	
8	270	46.25	
8	283.75	50	
8	296.25	52.5	
8	315	53.75	
8	325	53.75	
8	338.75	50	
8	338.75	50	
8	338.75	50	
8	338.75	50	
8	338.75	50	
8	338.75	50	
8	338.75	50	
8	338.75	50	
8	338.75	50	
8	338.75	50	
8	338.75	50	
8	338.75	50	
8	338.75	50	
8	338.75	50	
8	338.75	50	
8	338.75	50	
8	338.75	50	
8	338.75	50	
8	338.75	50	
8	338.75	50	
8	338.75	50	
8	338.75	50	
8	338.75	50	
8	338.75	50	
8	338.75	50	
8	338.75	50	
8	338.75	50	
8	338.75	50	
8	338.75	50	
8	338.75	50	
8	338.75	50	
8	338.75	50	
8	338.75	50	
8	338.75	50	
8	338.75	50	
8	338.75	50	
8	338.75	50	
8	338.75	50	
8	338.75	50	
9	0	0	
9	0	0	
9	0	0	
9	0	0	
9	0	0	
9	1.25	0	
9	1.25	0	
9	1.25	0	
9	1.25	0	
9	1.25	0	
9	1.25	0	
9	1.25	0	
9	1.25	0	
9	1.25	0	
9	1.25	0	
9	1.25	0	
9	2.5	0	
9	5	0	
9	7.5	0	
9	10	0	
9	26.25	0	
9	35	-1.25	
9	45	-3.75	
9	70	-3.75	
9	86.25	-5	
9	138.75	-7.5	
9	157.5	-8.75	
9	173.75	-11.25	
9	191.25	-11.25	
9	222.5	-8.75	
9	252.5	-5	
9	266.25	-1.25	
9	292.5	3.75	
9	313.75	10	
9	322.5	11.25	
9	340	15	
9	348.75	15	
9	348.75	15	
9	348.75	15	
9	348.75	15	
9	348.75	15	
9	348.75	15	
9	348.75	15	
9	348.75	15	
9	348.75	15	
9	348.75	15	
9	348.75	15	
9	348.75	15	
9	348.75	15	
9	348.75	15	
9	348.75	15	
9	348.75	15	
9	348.75	15	
9	348.75	15	
9	348.75	15	
9	348.75	15	
9	348.75	15	
9	348.75	15	
9	348.75	15	
9	348.75	15	
9	348.75	15	
9	348.75	15	
9	348.75	15	
9	348.75	15	
9	348.75	15	
9	348.75	15	
9	348.75	15	
9	348.75	15	
9	348.75	15	
9	348.75	15	
9	348.75	15	
9	348.75	15	
9	348.75	15	
9	348.75	15	
10	0	0	
10	0	0	
10	0	0	
10	0	0	
10	0	0	
10	0	0	
10	0	0	
10	0	0	
10	0	0	
10	0	0	
10	0	0	
10	0	0	
10	0	0	
10	0	0	
10	0	0	
10	0	0	
10	0	0	
10	0	0	
10	2.5	0	
10	6.25	0	
10	11.25	-1.25	
10	21.25	-3.75	
10	28.75	-5	
10	38.75	-7.5	
10	73.75	-11.25	
10	103.75	-12.5	
10	121.25	-15	
10	137.5	-15	
10	172.5	-12.5	
10	188.75	-11.25	
10	220	-7.5	
10	247.5	-5	
10	261.25	-3.75	
10	272.5	-1.25	
10	282.5	0	
10	315	2.5	
10	321.25	2.5	
10	326.25	3.75	
10	331.25	3.75	
10	340	7.5	
10	346.25	7.5	
10	346.25	7.5	
10	346.25	7.5	
10	346.25	7.5	
10	346.25	7.5	
10	346.25	7.5	
10	346.25	7.5	
10	346.25	7.5	
10	346.25	7.5	
10	346.25	7.5	
10	346.25	7.5	
10	346.25	7.5	
10	346.25	7.5	
10	346.25	7.5	
10	346.25	7.5	
10	346.25	7.5	
10	346.25	7.5	
10	346.25	7.5	
10	346.25	7.5	
10	346.25	7.5	
10	346.25	7.5	
10	346.25	7.5	
10	346.25	7.5	
10	346.25	7.5	
10	346.25	7.5	
10	346.25	7.5	
10	346.25	7.5	
10	346.25	7.5	
10	346.25	7.5	
10	346.25	7.5	
10	346.25	7.5	
10	346.25	7.5	
10	346.25	7.5	
10	346.25	7.5	
11	0	0	
11	0	0	
11	0	0	
11	0	0	
11	0	-2.5	
11	0	-2.5	
11	0	-2.5	
11	0	-2.5	
11	0	-2.5	
11	0	-2.5	
11	0	-2.5	
11	0	-2.5	
11	0	-2.5	
11	0	-2.5	
11	0	-2.5	
11	0	-2.5	
11	0	-2.5	
11	1.25	-2.5	
11	2.5	-3.75	
11	6.25	-6.25	
11	15	-7.5	
11	30	-10	
11	38.75	-10	
11	50	-13.75	
11	76.25	-15	
11	111.25	-17.5	
11	128.75	-18.75	
11	146.25	-18.75	
11	165	-18.75	
11	200	-17.5	
11	247.5	-11.25	
11	261.25	-10	
11	275	-6.25	
11	296.25	1.25	
11	305	3.75	
11	325	8.75	
11	330	8.75	
11	335	8.75	
11	341.25	8.75	
11	342.5	8.75	
11	346.25	8.75	
11	347.5	8.75	
11	348.75	8.75	
11	348.75	8.75	
11	348.75	8.75	
11	348.75	8.75	
11	348.75	8.75	
11	348.75	8.75	
11	348.75	8.75	
11	348.75	8.75	
11	348.75	8.75	
11	348.75	8.75	
11	348.75	8.75	
11	348.75	8.75	
11	348.75	8.75	
11	348.75	8.75	
11	348.75	8.75	
11	348.75	8.75	
11	348.75	8.75	
11	348.75	8.75	
11	348.75	8.75	
11	348.75	8.75	
11	348.75	8.75	
11	348.75	8.75	
11	348.75	8.75	
11	348.75	8.75	
11	348.75	8.75	
11	348.75	8.75	
11	348.75	8.75	
11	348.75	8.75	
11	348.75	8.75	
11	348.75	8.75	
11	348.75	8.75	
11	348.75	8.75	
12	0	0	
12	0	0	
12	0	0	
12	0	0	
12	0	0	
12	0	0	
12	0	0	
12	0	0	
12	0	0	
12	0	0	
12	0	0	
12	0	0	
12	0	0	
12	0	0	
12	0	0	
12	0	0	
12	0	0	
12	0	0	
12	0	0	
12	0	-2.5	
12	10	-2.5	
12	22.5	-2.5	
12	31.25	-2.5	
12	41.25	-2.5	
12	63.75	-2.5	
12	91.25	-2.5	
12	107.5	-6.25	
12	141.25	-6.25	
12	141.25	-6.25	
12	176.25	-3.75	
12	207.5	-2.5	
12	235	1.25	
12	246.25	5	
12	266.25	8.75	
12	272.5	8.75	
12	288.75	12.5	
12	291.25	12.5	
12	295	12.5	
12	297.5	12.5	
12	302.5	12.5	
12	308.75	11.25	
12	310	11.25	
12	311.25	8.75	
12	313.75	8.75	
12	315	8.75	
12	318.75	8.75	
12	318.75	8.75	
12	320	8.75	
12	320	8.75	
12	320	8.75	
12	320	8.75	
12	320	8.75	
12	320	8.75	
12	320	8.75	
12	320	8.75	
12	320	8.75	
12	320	8.75	
12	320	8.75	
12	320	8.75	
12	320	8.75	
12	320	8.75	
12	320	8.75	
12	320	8.75	
12	320	8.75	
12	320	8.75	
12	320	8.75	
12	320	8.75	
12	320	8.75	
12	320	8.75	
12	320	8.75	
12	320	8.75	
12	320	8.75	
12	320	8.75	
12	320	8.75	
13	0	0	
13	0	0	
13	0	0	
13	0	0	
13	0	0	
13	0	0	
13	0	0	
13	0	0	
13	0	0	
13	0	0	
13	0	0	
13	0	0	
13	0	0	
13	0	0	
13	0	0	
13	2.5	0	
13	5	1.25	
13	8.75	1.25	
13	21.25	1.25	
13	30	1.25	
13	51.25	1.25	
13	80	1.25	
13	96.25	1.25	
13	113.75	0	
13	131.25	0	
13	207.5	5	
13	226.25	8.75	
13	246.25	12.5	
13	281.25	20	
13	297.5	23.75	
13	326.25	31.25	
13	326.25	31.25	
13	326.25	31.25	
13	326.25	31.25	
13	326.25	31.25	
13	326.25	31.25	
13	326.25	31.25	
13	326.25	31.25	
13	326.25	31.25	
13	326.25	31.25	
13	326.25	31.25	
13	326.25	31.25	
13	326.25	31.25	
13	326.25	31.25	
13	326.25	31.25	
13	326.25	31.25	
13	326.25	31.25	
13	326.25	31.25	
13	326.25	31.25	
13	326.25	31.25	
13	326.25	31.25	
13	326.25	31.25	
13	326.25	31.25	
13	326.25	31.25	
13	326.25	31.25	
13	326.25	31.25	
13	326.25	31.25	
13	326.25	31.25	
13	326.25	31.25	
13	326.25	31.25	
13	326.25	31.25	
13	326.25	31.25	
13	326.25	31.25	
13	326.25	31.25	
13	326.25	31.25	
13	326.25	31.25	
13	326.25	31.25	
13	326.25	31.25	
13	326.25	31.25	
13	326.25	31.25	
13	326.25	31.25	
13	326.25	31.25	
13	326.25	31.25	
13	326.25	31.25	
14	0	0	
14	0	0	
14	0	0	
14	0	0	
14	0	0	
14	0	0	
14	0	0	
14	0	0	
14	0	0	
14	0	0	
14	0	0	
14	0	0	
14	0	0	
14	0	0	
14	0	0	
14	0	0	
14	1.25	0	
14	6.25	0	
14	11.25	0	
14	15	-1.25	
14	41.25	-1.25	
14	53.75	-3.75	
14	67.5	-3.75	
14	82.5	-5	
14	115	-7.5	
14	151.25	-8.75	
14	188.75	-8.75	
14	226.25	-7.5	
14	226.25	-7.5	
14	261.25	-1.25	
14	292.5	3.75	
14	316.25	7.5	
14	326.25	10	
14	335	11.25	
14	342.5	11.25	
14	342.5	11.25	
14	342.5	11.25	
14	342.5	11.25	
14	342.5	11.25	
14	342.5	11.25	
14	342.5	11.25	
14	342.5	11.25	
14	342.5	11.25	
14	342.5	11.25	
14	342.5	11.25	
14	342.5	11.25	
14	342.5	11.25	
14	342.5	11.25	
14	342.5	11.25	
14	342.5	11.25	
14	342.5	11.25	
14	342.5	11.25	
14	342.5	11.25	
14	342.5	11.25	
14	342.5	11.25	
14	342.5	11.25	
14	342.5	11.25	
14	342.5	11.25	
14	342.5	11.25	
14	342.5	11.25	
14	342.5	11.25	
14	342.5	11.25	
14	342.5	11.25	
14	342.5	11.25	
14	342.5	11.25	
14	342.5	11.25	
14	342.5	11.25	
14	342.5	11.25	
14	342.5	11.25	
14	342.5	11.25	
14	342.5	11.25	
14	342.5	11.25	
14	342.5	11.25	
14	342.5	11.25	
15	0	0	
15	0	0	
15	1.25	0	
15	1.25	0	
15	2.5	0	
15	3.75	0	
15	3.75	0	
15	5	0	
15	5	0	
15	5	0	
15	5	1.25	
15	6.25	1.25	
15	6.25	1.25	
15	6.25	1.25	
15	6.25	1.25	
15	6.25	1.25	
15	7.5	1.25	
15	11.25	0	
15	15	0	
15	20	-2.5	
15	40	-6.25	
15	61.25	-6.25	
15	73.75	-6.25	
15	88.75	-6.25	
15	103.75	-6.25	
15	160	-6.25	
15	178.75	-7.5	
15	218.75	-11.25	
15	238.75	-13.75	
15	257.5	-13.75	
15	308.75	-10	
15	338.75	-6.25	
15	338.75	-6.25	
15	338.75	-6.25	
15	338.75	-6.25	
15	338.75	-6.25	
15	338.75	-6.25	
15	338.75	-6.25	
15	338.75	-6.25	
15	338.75	-6.25	
15	338.75	-6.25	
15	338.75	-6.25	
15	338.75	-6.25	
15	338.75	-6.25	
15	338.75	-6.25	
15	338.75	-6.25	
15	338.75	-6.25	
15	338.75	-6.25	
15	338.75	-6.25	
15	338.75	-6.25	
15	338.75	-6.25	
15	338.75	-6.25	
15	338.75	-6.25	
15	338.75	-6.25	
15	338.75	-6.25	
15	338.75	-6.25	
15	338.75	-6.25	
15	338.75	-6.25	
15	338.75	-6.25	
15	338.75	-6.25	
15	338.75	-6.25	
15	338.75	-6.25	
15	338.75	-6.25	
15	338.75	-6.25	
15	338.75	-6.25	
15	338.75	-6.25	
15	338.75	-6.25	
15	338.75	-6.25	
15	338.75	-6.25	
15	338.75	-6.25	
15	338.75	-6.25	
15	338.75	-6.25	
15	338.75	-6.25	
15	338.75	-6.25	
16	0	0	
16	0	0	
16	0	0	
16	0	0	
16	0	0	
16	0	0	
16	0	0	
16	0	0	
16	0	0	
16	0	0	
16	0	-2.5	
16	0	-2.5	
16	0	-2.5	
16	0	-2.5	
16	0	-2.5	
16	0	-2.5	
16	0	-2.5	
16	0	-2.5	
16	0	-2.5	
16	6.25	-2.5	
16	11.25	-2.5	
16	17.5	-3.75	
16	33.75	-6.25	
16	43.75	-6.25	
16	85	-10	
16	102.5	-10	
16	137.5	-11.25	
16	157.5	-13.75	
16	178.75	-13.75	
16	198.75	-17.5	
16	262.5	-17.5	
16	281.25	-17.5	
16	300	-13.75	
16	335	-7.5	
16	335	-7.5	
16	335	-7.5	
16	335	-7.5	
16	335	-7.5	
16	335	-7.5	
16	335	-7.5	
16	335	-7.5	
16	335	-7.5	
16	335	-7.5	
16	335	-7.5	
16	335	-7.5	
16	335	-7.5	
16	335	-7.5	
16	335	-7.5	
16	335	-7.5	
16	335	-7.5	
16	335	-7.5	
16	335	-7.5	
16	335	-7.5	
16	335	-7.5	
16	335	-7.5	
16	335	-7.5	
16	335	-7.5	
16	335	-7.5	
16	335	-7.5	
16	335	-7.5	
16	335	-7.5	
16	335	-7.5	
16	335	-7.5	
16	335	-7.5	
16	335	-7.5	
16	335	-7.5	
16	335	-7.5	
16	335	-7.5	
16	335	-7.5	
16	335	-7.5	
16	335	-7.5	
16	335	-7.5	
16	335	-7.5	
16	335	-7.5	
17	0	0	
17	0	0	
17	0	0	
17	0	0	
17	0	0	
17	0	0	
17	0	0	
17	0	0	
17	0	0	
17	0	0	
17	0	0	
17	0	0	
17	1.25	0	
17	1.25	0	
17	1.25	1.25	
17	2.5	1.25	
17	3.75	1.25	
17	6.25	1.25	
17	8.75	1.25	
17	17.5	1.25	
17	33.75	0	
17	43.75	0	
17	68.75	-2.5	
17	85	-2.5	
17	102.5	-2.5	
17	162.5	1.25	
17	185	1.25	
17	212.5	1.25	
17	240	1.25	
17	265	3.75	
17	331.25	8.75	
17	331.25	8.75	
17	331.25	8.75	
17	331.25	8.75	
17	331.25	8.75	
17	331.25	8.75	
17	331.25	8.75	
17	331.25	8.75	
17	331.25	8.75	
17	331.25	8.75	
17	331.25	8.75	
17	331.25	8.75	
17	331.25	8.75	
17	331.25	8.75	
17	331.25	8.75	
17	331.25	8.75	
17	331.25	8.75	
17	331.25	8.75	
17	331.25	8.75	
17	331.25	8.75	
17	331.25	8.75	
17	331.25	8.75	
17	331.25	8.75	
17	331.25	8.75	
17	331.25	8.75	
17	331.25	8.75	
17	331.25	8.75	
17	331.25	8.75	
17	331.25	8.75	
17	331.25	8.75	
17	331.25	8.75	
17	331.25	8.75	
17	331.25	8.75	
17	331.25	8.75	
17	331.25	8.75	
17	331.25	8.75	
17	331.25	8.75	
17	331.25	8.75	
17	331.25	8.75	
17	331.25	8.75	
17	331.25	8.75	
17	331.25	8.75	
17	331.25	8.75	
17	331.25	8.75	
18	0	0	
18	0	0	
18	0	0	
18	0	0	
18	0	0	
18	0	0	
18	0	0	
18	0	0	
18	0	0	
18	0	0	
18	0	0	
18	0	0	
18	0	0	
18	0	0	
18	0	0	
18	0	0	
18	0	0	
18	1.25	0	
18	2.5	0	
18	21.25	2.5	
18	30	3.75	
18	40	3.75	
18	53.75	7.5	
18	83.75	11.25	
18	121.25	15	
18	142.5	17.5	
18	186.25	18.75	
18	186.25	18.75	
18	212.5	18.75	
18	257.5	18.75	
18	313.75	22.5	
18	328.75	26.25	
18	343.75	30	
18	343.75	30	
18	343.75	30	
18	343.75	30	
18	343.75	30	
18	343.75	30	
18	343.75	30	
18	343.75	30	
18	343.75	30	
18	343.75	30	
18	343.75	30	
18	343.75	30	
18	343.75	30	
18	343.75	30	
18	343.75	30	
18	343.75	30	
18	343.75	30	
18	343.75	30	
18	343.75	30	
18	343.75	30	
18	343.75	30	
18	343.75	30	
18	343.75	30	
18	343.75	30	
18	343.75	30	
18	343.75	30	
18	343.75	30	
18	343.75	30	
18	343.75	30	
18	343.75	30	
18	343.75	30	
18	343.75	30	
18	343.75	30	
18	343.75	30	
18	343.75	30	
18	343.75	30	
18	343.75	30	
18	343.75	30	
18	343.75	30	
18	343.75	30	
18	343.75	30	
18	343.75	30	
19	0	0	
19	0	0	
19	0	0	
19	0	0	
19	0	0	
19	0	0	
19	0	0	
19	0	0	
19	0	0	
19	0	0	
19	0	0	
19	0	0	
19	0	0	
19	0	0	
19	0	0	
19	0	0	
19	0	0	
19	0	0	
19	0	0	
19	0	0	
19	0	0	
19	0	0	
19	0	0	
19	0	0	
19	0	0	
19	0	0	
19	0	0	
19	0	0	
19	0	0	
19	0	0	
19	1.25	0	
19	2.5	1.25	
19	8.75	1.25	
19	21.25	1.25	
19	31.25	1.25	
19	57.5	1.25	
19	95	0	
19	116.25	-2.5	
19	137.5	-2.5	
19	183.75	-6.25	
19	230	-6.25	
19	272.5	-6.25	
19	291.25	-2.5	
19	328.75	3.75	
19	346.25	8.75	
19	346.25	8.75	
19	346.25	8.75	
19	346.25	8.75	
19	346.25	8.75	
19	346.25	8.75	
19	346.25	8.75	
19	346.25	8.75	
19	346.25	8.75	
19	346.25	8.75	
19	346.25	8.75	
19	346.25	8.75	
19	346.25	8.75	
19	346.25	8.75	
19	346.25	8.75	
19	346.25	8.75	
19	346.25	8.75	
19	346.25	8.75	
19	346.25	8.75	
19	346.25	8.75	
19	346.25	8.75	
19	346.25	8.75	
19	346.25	8.75	
19	346.25	8.75	
19	346.25	8.75	
19	346.25	8.75	
19	346.25	8.75	
19	346.25	8.75	
19	346.25	8.75	
19	346.25	8.75	
20	0	0	
20	0	0	
20	0	0	
20	0	0	
20	0	0	
20	0	0	
20	0	0	
20	0	0	
20	0	0	
20	0	0	
20	0	0	
20	0	0	
20	0	0	
20	0	0	
20	0	0	
20	0	0	
20	0	0	
20	0	0	
20	0	0	
20	0	0	
20	1.25	0	
20	5	2.5	
20	6.25	2.5	
20	10	2.5	
20	15	2.5	
20	50	2.5	
20	62.5	2.5	
20	62.5	2.5	
20	83.75	0	
20	126.25	-1.25	
20	170	-7.5	
20	170	-7.5	
20	197.5	-8.75	
20	197.5	-8.75	
20	231.25	-11.25	
20	321.25	-3.75	
20	345	0	
20	345	0	
20	345	0	
20	345	0	
20	345	0	
20	345	0	
20	345	0	
20	345	0	
20	345	0	
20	345	0	
20	345	0	
20	345	0	
20	345	0	
20	345	0	
20	345	0	
20	345	0	
20	345	0	
20	345	0	
20	345	0	
20	345	0	
20	345	0	
20	345	0	
20	345	0	
20	345	0	
20	345	0	
20	345	0	
20	345	0	
20	345	0	
20	345	0	
20	345	0	
20	345	0	
20	345	0	
20	345	0	
20	345	0	
20	345	0	
20	345	0	
20	345	0	
20	345	0	
21	0	0	
21	0	-2.5	
21	0	-2.5	
21	0	-2.5	
21	0	-2.5	
21	0	-2.5	
21	0	-2.5	
21	0	-2.5	
21	-1.25	-2.5	
21	-1.25	-2.5	
21	-1.25	-2.5	
21	-1.25	-2.5	
21	-1.25	-2.5	
21	-1.25	-2.5	
21	-1.25	-2.5	
21	-1.25	-2.5	
21	-1.25	-2.5	
21	-1.25	-2.5	
21	-1.25	-2.5	
21	-1.25	-2.5	
21	-1.25	-2.5	
21	-1.25	-2.5	
21	-1.25	-2.5	
21	2.5	0	
21	6.25	1.25	
21	18.75	1.25	
21	28.75	3.75	
21	57.5	7.5	
21	96.25	11.25	
21	118.75	11.25	
21	166.25	12.5	
21	215	12.5	
21	237.5	12.5	
21	261.25	12.5	
21	305	16.25	
21	342.5	20	
21	342.5	20	
21	342.5	20	
21	342.5	20	
21	342.5	20	
21	342.5	20	
21	342.5	20	
21	342.5	20	
21	342.5	20	
21	342.5	20	
21	342.5	20	
21	342.5	20	
21	342.5	20	
21	342.5	20	
21	342.5	20	
21	342.5	20	
21	342.5	20	
21	342.5	20	
21	342.5	20	
21	342.5	20	
21	342.5	20	
21	342.5	20	
21	342.5	20	
21	342.5	20	
21	342.5	20	
21	342.5	20	
21	342.5	20	
21	342.5	20	
21	342.5	20	
21	342.5	20	
21	342.5	20	
21	342.5	20	
21	342.5	20	
21	342.5	20	
21	342.5	20	
21	342.5	20	
21	342.5	20	
21	342.5	20	
21	342.5	20	
22	0	0	
22	0	0	
22	0	0	
22	0	0	
22	0	0	
22	0	0	
22	0	0	
22	0	0	
22	0	0	
22	0	0	
22	0	0	
22	1.25	0	
22	2.5	0	
22	2.5	0	
22	2.5	0	
22	2.5	0	
22	2.5	0	
22	2.5	0	
22	2.5	0	
22	2.5	0	
22	2.5	0	
22	2.5	0	
22	2.5	0	
22	2.5	0	
22	3.75	0	
22	8.75	1.25	
22	12.5	1.25	
22	18.75	1.25	
22	25	1.25	
22	45	1.25	
22	90	8.75	
22	110	8.75	
22	131.25	11.25	
22	152.5	12.5	
22	180	11.25	
22	230	8.75	
22	257.5	11.25	
22	281.25	12.5	
22	326.25	18.75	
22	345	22.5	
22	345	22.5	
22	345	22.5	
22	345	22.5	
22	345	22.5	
22	345	22.5	
22	345	22.5	
22	345	22.5	
22	345	22.5	
22	345	22.5	
22	345	22.5	
22	345	22.5	
22	345	22.5	
22	345	22.5	
22	345	22.5	
22	345	22.5	
22	345	22.5	
22	345	22.5	
22	345	22.5	
22	345	22.5	
22	345	22.5	
22	345	22.5	
22	345	22.5	
22	345	22.5	
22	345	22.5	
22	345	22.5	
22	345	22.5	
22	345	22.5	
22	345	22.5	
22	345	22.5	
22	345	22.5	
22	345	22.5	
22	345	22.5	
22	345	22.5	
22	345	22.5	
23	0	0	
23	0	0	
23	0	0	
23	0	0	
23	0	0	
23	0	0	
23	0	0	
23	0	0	
23	0	0	
23	0	0	
23	0	0	
23	0	0	
23	0	0	
23	0	0	
23	0	0	
23	0	0	
23	0	0	
23	2.5	0	
23	3.75	0	
23	6.25	0	
23	20	0	
23	27.5	-1.25	
23	36.25	0	
23	58.75	0	
23	58.75	0	
23	58.75	0	
23	122.5	0	
23	122.5	0	
23	157.5	2.5	
23	157.5	2.5	
23	255	3.75	
23	281.25	7.5	
23	325	11.25	
23	343.75	13.75	
23	343.75	13.75	
23	343.75	13.75	
23	343.75	13.75	
23	343.75	13.75	
23	343.75	13.75	
23	343.75	13.75	
23	343.75	13.75	
23	343.75	13.75	
23	343.75	13.75	
23	343.75	13.75	
23	343.75	13.75	
23	343.75	13.75	
23	343.75	13.75	
23	343.75	13.75	
23	343.75	13.75	
23	343.75	13.75	
23	343.75	13.75	
23	343.75	13.75	
23	343.75	13.75	
23	343.75	13.75	
23	343.75	13.75	
23	343.75	13.75	
23	343.75	13.75	
23	343.75	13.75	
23	343.75	13.75	
23	343.75	13.75	
23	343.75	13.75	
23	343.75	13.75	
23	343.75	13.75	
23	343.75	13.75	
23	343.75	13.75	
23	343.75	13.75	
23	343.75	13.75	
23	343.75	13.75	
23	343.75	13.75	
23	343.75	13.75	
23	343.75	13.75	
23	343.75	13.75	
23	343.75	13.75	
23	343.75	13.75	
24	0	0	
24	0	0	
24	0	0	
24	0	0	
24	0	0	
24	0	0	
24	0	0	
24	0	0	
24	0	-1.25	
24	0	-1.25	
24	0	0	
24	0	0	
24	0	0	
24	0	0	
24	0	0	
24	0	0	
24	0	0	
24	0	0	
24	0	0	
24	0	-1.25	
24	0	-1.25	
24	0	-1.25	
24	0	-1.25	
24	0	-1.25	
24	0	-1.25	
24	0	-1.25	
24	0	-1.25	
24	0	-1.25	
24	0	0	
24	2.5	0	
24	7.5	3.75	
24	11.25	6.25	
24	18.75	7.5	
24	26.25	11.25	
24	36.25	13.75	
24	75	18.75	
24	108.75	22.5	
24	127.5	22.5	
24	146.25	22.5	
24	188.75	25	
24	230	26.25	
24	251.25	26.25	
24	275	30	
24	296.25	30	
24	333.75	33.75	
24	333.75	33.75	
24	333.75	33.75	
24	333.75	33.75	
24	333.75	33.75	
24	333.75	33.75	
24	333.75	33.75	
24	333.75	33.75	
24	333.75	33.75	
24	333.75	33.75	
24	333.75	33.75	
24	333.75	33.75	
24	333.75	33.75	
24	333.75	33.75	
24	333.75	33.75	
24	333.75	33.75	
24	333.75	33.75	
24	333.75	33.75	
24	333.75	33.75	
24	333.75	33.75	
24	333.75	33.75	
24	333.75	33.75	
24	333.75	33.75	
24	333.75	33.75	
24	333.75	33.75	
24	333.75	33.75	
24	333.75	33.75	
24	333.75	33.75	
24	333.75	33.75	
24	333.75	33.75	
25	0	0	
25	0	0	
25	0	0	
25	0	-2.5	
25	0	-2.5	
25	0	-2.5	
25	0	-2.5	
25	0	-2.5	
25	0	-2.5	
25	0	-2.5	
25	0	-2.5	
25	0	-2.5	
25	0	-2.5	
25	0	-2.5	
25	0	-2.5	
25	0	-2.5	
25	0	-2.5	
25	0	-2.5	
25	1.25	-2.5	
25	2.5	-2.5	
25	12.5	-3.75	
25	18.75	-3.75	
25	35	-3.75	
25	45	-3.75	
25	57.5	-3.75	
25	101.25	-6.25	
25	117.5	-6.25	
25	138.75	-10	
25	158.75	-10	
25	178.75	-11.25	
25	235	-13.75	
25	255	-13.75	
25	272.5	-13.75	
25	302.5	-10	
25	316.25	-7.5	
25	337.5	-6.25	
25	337.5	-6.25	
25	337.5	-6.25	
25	337.5	-6.25	
25	337.5	-6.25	
25	337.5	-6.25	
25	337.5	-6.25	
25	337.5	-6.25	
25	337.5	-6.25	
25	337.5	-6.25	
25	337.5	-6.25	
25	337.5	-6.25	
25	337.5	-6.25	
25	337.5	-6.25	
25	337.5	-6.25	
25	337.5	-6.25	
25	337.5	-6.25	
25	337.5	-6.25	
25	337.5	-6.25	
25	337.5	-6.25	
25	337.5	-6.25	
25	337.5	-6.25	
25	337.5	-6.25	
25	337.5	-6.25	
25	337.5	-6.25	
25	337.5	-6.25	
25	337.5	-6.25	
25	337.5	-6.25	
25	337.5	-6.25	
25	337.5	-6.25	
25	337.5	-6.25	
25	337.5	-6.25	
25	337.5	-6.25	
25	337.5	-6.25	
25	337.5	-6.25	
25	337.5	-6.25	
25	337.5	-6.25	
25	337.5	-6.25	
25	337.5	-6.25	
26	0	0	
26	0	0	
26	0	0	
26	0	0	
26	0	0	
26	0	0	
26	0	0	
26	0	0	
26	0	0	
26	0	0	
26	0	0	
26	0	0	
26	0	0	
26	0	0	
26	0	0	
26	0	0	
26	0	0	
26	0	0	
26	0	0	
26	0	0	
26	0	0	
26	1.25	0	
26	5	0	
26	16.25	0	
26	23.75	0	
26	46.25	0	
26	60	0	
26	80	0	
26	101.25	0	
26	122.5	-1.25	
26	185	0	
26	206.25	0	
26	243.75	2.5	
26	262.5	3.75	
26	293.75	7.5	
26	321.25	13.75	
26	342.5	18.75	
26	342.5	18.75	
26	342.5	18.75	
26	342.5	18.75	
26	342.5	18.75	
26	342.5	18.75	
26	342.5	18.75	
26	342.5	18.75	
26	342.5	18.75	
26	342.5	18.75	
26	342.5	18.75	
26	342.5	18.75	
26	342.5	18.75	
26	342.5	18.75	
26	342.5	18.75	
26	342.5	18.75	
26	342.5	18.75	
26	342.5	18.75	
26	342.5	18.75	
26	342.5	18.75	
26	342.5	18.75	
26	342.5	18.75	
26	342.5	18.75	
26	342.5	18.75	
26	342.5	18.75	
26	342.5	18.75	
26	342.5	18.75	
26	342.5	18.75	
26	342.5	18.75	
26	342.5	18.75	
26	342.5	18.75	
26	342.5	18.75	
26	342.5	18.75	
26	342.5	18.75	
26	342.5	18.75	
26	342.5	18.75	
26	342.5	18.75	
26	342.5	18.75	
27	0	0	
27	0	0	
27	0	0	
27	0	0	
27	0	0	
27	0	0	
27	0	0	
27	0	0	
27	0	0	
27	0	0	
27	0	0	
27	0	0	
27	0	0	
27	0	0	
27	0	0	
27	0	0	
27	0	0	
27	0	0	
27	0	0	
27	0	0	
27	0	0	
27	1.25	0	
27	5	0	
27	8.75	0	
27	13.75	0	
27	38.75	2.5	
27	63.75	3.75	
27	63.75	3.75	
27	85	3.75	
27	106.25	2.5	
27	168.75	-3.75	
27	188.75	-7.5	
27	208.75	-7.5	
27	243.75	-3.75	
27	260	0	
27	306.25	10	
27	320	11.25	
27	343.75	15	
27	343.75	15	
27	343.75	15	
27	343.75	15	
27	343.75	15	
27	343.75	15	
27	343.75	15	
27	343.75	15	
27	343.75	15	
27	343.75	15	
27	343.75	15	
27	343.75	15	
27	343.75	15	
27	343.75	15	
27	343.75	15	
27	343.75	15	
27	343.75	15	
27	343.75	15	
27	343.75	15	
27	343.75	15	
27	343.75	15	
27	343.75	15	
27	343.75	15	
27	343.75	15	
27	343.75	15	
27	343.75	15	
27	343.75	15	
27	343.75	15	
27	343.75	15	
27	343.75	15	
27	343.75	15	
27	343.75	15	
27	343.75	15	
27	343.75	15	
27	343.75	15	
27	343.75	15	
27	343.75	15	
28	0	0	
28	0	0	
28	0	-1.25	
28	0	-1.25	
28	0	-1.25	
28	0	-1.25	
28	0	-1.25	
28	0	-3.75	
28	0	-3.75	
28	-1.25	-7.5	
28	-1.25	-7.5	
28	0	-7.5	
28	0	-8.75	
28	0	-8.75	
28	0	-8.75	
28	0	-11.25	
28	1.25	-11.25	
28	1.25	-11.25	
28	3.75	-11.25	
28	11.25	-12.5	
28	15	-12.5	
28	22.5	-11.25	
28	32.5	-11.25	
28	42.5	-11.25	
28	67.5	-11.25	
28	86.25	-11.25	
28	125	-15	
28	145	-15	
28	186.25	-18.75	
28	228.75	-20	
28	267.5	-23.75	
28	285	-26.25	
28	300	-26.25	
28	313.75	-26.25	
28	335	-31.25	
28	342.5	-33.75	
28	342.5	-33.75	
28	342.5	-33.75	
28	342.5	-33.75	
28	342.5	-33.75	
28	342.5	-33.75	
28	342.5	-33.75	
28	342.5	-33.75	
28	342.5	-33.75	
28	342.5	-33.75	
28	342.5	-33.75	
28	342.5	-33.75	
28	342.5	-33.75	
28	342.5	-33.75	
28	342.5	-33.75	
28	342.5	-33.75	
28	342.5	-33.75	
28	342.5	-33.75	
28	342.5	-33.75	
28	342.5	-33.75	
28	342.5	-33.75	
28	342.5	-33.75	
28	342.5	-33.75	
28	342.5	-33.75	
28	342.5	-33.75	
28	342.5	-33.75	
28	342.5	-33.75	
28	342.5	-33.75	
28	342.5	-33.75	
28	342.5	-33.75	
28	342.5	-33.75	
28	342.5	-33.75	
28	342.5	-33.75	
28	342.5	-33.75	
28	342.5	-33.75	
28	342.5	-33.75	
28	342.5	-33.75	
28	342.5	-33.75	
28	342.5	-33.75	
29	0	0	
29	0	0	
29	-1.25	0	
29	-1.25	0	
29	-1.25	0	
29	-1.25	0	
29	-1.25	0	
29	-1.25	0	
29	-2.5	-1.25	
29	-2.5	-1.25	
29	-2.5	-1.25	
29	-2.5	-1.25	
29	-2.5	-1.25	
29	-2.5	-1.25	
29	-2.5	-1.25	
29	-2.5	-1.25	
29	-2.5	-1.25	
29	-2.5	-1.25	
29	-2.5	-1.25	
29	-2.5	-1.25	
29	-1.25	0	
29	1.25	0	
29	10	0	
29	17.5	2.5	
29	26.25	2.5	
29	66.25	2.5	
29	85	2.5	
29	103.75	2.5	
29	146.25	0	
29	167.5	-1.25	
29	210	-7.5	
29	251.25	-12.5	
29	286.25	-15	
29	301.25	-15	
29	316.25	-11.25	
29	341.25	-7.5	
29	341.25	-7.5	
29	341.25	-7.5	
29	341.25	-7.5	
29	341.25	-7.5	
29	341.25	-7.5	
29	341.25	-7.5	
29	341.25	-7.5	
29	341.25	-7.5	
29	341.25	-7.5	
29	341.25	-7.5	
29	341.25	-7.5	
29	341.25	-7.5	
29	341.25	-7.5	
29	341.25	-7.5	
29	341.25	-7.5	
29	341.25	-7.5	
29	341.25	-7.5	
29	341.25	-7.5	
29	341.25	-7.5	
29	341.25	-7.5	
29	341.25	-7.5	
29	341.25	-7.5	
29	341.25	-7.5	
29	341.25	-7.5	
29	341.25	-7.5	
29	341.25	-7.5	
29	341.25	-7.5	
29	341.25	-7.5	
29	341.25	-7.5	
29	341.25	-7.5	
29	341.25	-7.5	
29	341.25	-7.5	
29	341.25	-7.5	
29	341.25	-7.5	
29	341.25	-7.5	
29	341.25	-7.5	
29	341.25	-7.5	
29	341.25	-7.5	
30	0	0	
30	0	0	
30	0	0	
30	0	0	
30	0	0	
30	0	0	
30	0	0	
30	0	0	
30	0	0	
30	0	0	
30	0	0	
30	0	0	
30	1.25	0	
30	1.25	0	
30	1.25	0	
30	1.25	0	
30	1.25	0	
30	1.25	0	
30	1.25	0	
30	1.25	0	
30	1.25	0	
30	1.25	0	
30	38.75	13.75	
30	47.5	15	
30	63.75	18.75	
30	122.5	30	
30	143.75	30	
30	166.25	33.75	
30	208.75	33.75	
30	230	33.75	
30	272.5	33.75	
30	310	37.5	
30	326.25	37.5	
30	341.25	41.25	
30	341.25	41.25	
30	341.25	41.25	
30	341.25	41.25	
30	341.25	41.25	
30	341.25	41.25	
30	341.25	41.25	
30	341.25	41.25	
30	341.25	41.25	
30	341.25	41.25	
30	341.25	41.25	
30	341.25	41.25	
30	341.25	41.25	
30	341.25	41.25	
30	341.25	41.25	
30	341.25	41.25	
30	341.25	41.25	
30	341.25	41.25	
30	341.25	41.25	
30	341.25	41.25	
30	341.25	41.25	
30	341.25	41.25	
30	341.25	41.25	
30	341.25	41.25	
30	341.25	41.25	
30	341.25	41.25	
30	341.25	41.25	
30	341.25	41.25	
30	341.25	41.25	
30	341.25	41.25	
30	341.25	41.25	
30	341.25	41.25	
30	341.25	41.25	
30	341.25	41.25	
30	341.25	41.25	
30	341.25	41.25	
30	341.25	41.25	
30	341.25	41.25	
30	341.25	41.25	
30	341.25	41.25	
30	341.25	41.25	
31	0	0	
31	0	0	
31	0	0	
31	0	0	
31	0	0	
31	0	0	
31	0	0	
31	0	0	
31	0	0	
31	0	0	
31	0	0	
31	0	0	
31	0	0	
31	0	0	
31	0	0	
31	1.25	0	
31	3.75	-1.25	
31	7.5	-1.25	
31	18.75	-3.75	
31	27.5	-5	
31	63.75	-8.75	
31	81.25	-11.25	
31	98.75	-15	
31	117.5	-16.25	
31	161.25	-18.75	
31	206.25	-22.5	
31	228.75	-22.5	
31	271.25	-26.25	
31	310	-26.25	
31	328.75	-23.75	
31	346.25	-22.5	
31	346.25	-22.5	
31	346.25	-22.5	
31	346.25	-22.5	
31	346.25	-22.5	
31	346.25	-22.5	
31	346.25	-22.5	
31	346.25	-22.5	
31	346.25	-22.5	
31	346.25	-22.5	
31	346.25	-22.5	
31	346.25	-22.5	
31	346.25	-22.5	
31	346.25	-22.5	
31	346.25	-22.5	
31	346.25	-22.5	
31	346.25	-22.5	
31	346.25	-22.5	
31	346.25	-22.5	
31	346.25	-22.5	
31	346.25	-22.5	
31	346.25	-22.5	
31	346.25	-22.5	
31	346.25	-22.5	
31	346.25	-22.5	
31	346.25	-22.5	
31	346.25	-22.5	
31	346.25	-22.5	
31	346.25	-22.5	
31	346.25	-22.5	
31	346.25	-22.5	
31	346.25	-22.5	
31	346.25	-22.5	
31	346.25	-22.5	
31	346.25	-22.5	
31	346.25	-22.5	
31	346.25	-22.5	
31	346.25	-22.5	
31	346.25	-22.5	
31	346.25	-22.5	
31	346.25	-22.5	
31	346.25	-22.5	
31	346.25	-22.5	
31	346.25	-22.5	
32	0	0	
32	0	0	
32	0	0	
32	0	0	
32	0	0	
32	0	0	
32	0	0	
32	0	0	
32	0	0	
32	0	0	
32	0	0	
32	0	0	
32	0	0	
32	0	0	
32	0	0	
32	0	0	
32	0	0	
32	0	-3.75	
32	1.25	-3.75	
32	3.75	-3.75	
32	25	-5	
32	33.75	-5	
32	45	-5	
32	72.5	-5	
32	87.5	-5	
32	122.5	-5	
32	162.5	-5	
32	182.5	-5	
32	203.75	-5	
32	222.5	-5	
32	291.25	0	
32	305	1.25	
32	316.25	5	
32	327.5	8.75	
32	343.75	16.25	
32	343.75	16.25	
32	343.75	16.25	
32	343.75	16.25	
32	343.75	16.25	
32	343.75	16.25	
32	343.75	16.25	
32	343.75	16.25	
32	343.75	16.25	
32	343.75	16.25	
32	343.75	16.25	
32	343.75	16.25	
32	343.75	16.25	
32	343.75	16.25	
32	343.75	16.25	
32	343.75	16.25	
32	343.75	16.25	
32	343.75	16.25	
32	343.75	16.25	
32	343.75	16.25	
32	343.75	16.25	
32	343.75	16.25	
32	343.75	16.25	
32	343.75	16.25	
32	343.75	16.25	
32	343.75	16.25	
32	343.75	16.25	
32	343.75	16.25	
32	343.75	16.25	
32	343.75	16.25	
32	343.75	16.25	
32	343.75	16.25	
32	343.75	16.25	
32	343.75	16.25	
32	343.75	16.25	
32	343.75	16.25	
32	343.75	16.25	
32	343.75	16.25	
32	343.75	16.25	
32	343.75	16.25	
33	0	0	
33	0	0	
33	0	0	
33	0	0	
33	0	0	
33	0	0	
33	0	-2.5	
33	0	-2.5	
33	0	-2.5	
33	0	-2.5	
33	0	-2.5	
33	0	-2.5	
33	0	-2.5	
33	0	-2.5	
33	0	-2.5	
33	0	-2.5	
33	0	-2.5	
33	0	-2.5	
33	1.25	-2.5	
33	2.5	-3.75	
33	10	-6.25	
33	23.75	-7.5	
33	33.75	-10	
33	60	-15	
33	75	-17.5	
33	121.25	-26.25	
33	145	-27.5	
33	191.25	-35	
33	215	-37.5	
33	236.25	-38.75	
33	292.5	-38.75	
33	307.5	-37.5	
33	321.25	-37.5	
33	345	-33.75	
33	345	-33.75	
33	345	-33.75	
33	345	-33.75	
33	345	-33.75	
33	345	-33.75	
33	345	-33.75	
33	345	-33.75	
33	345	-33.75	
33	345	-33.75	
33	345	-33.75	
33	345	-33.75	
33	345	-33.75	
33	345	-33.75	
33	345	-33.75	
33	345	-33.75	
33	345	-33.75	
33	345	-33.75	
33	345	-33.75	
33	345	-33.75	
33	345	-33.75	
33	345	-33.75	
33	345	-33.75	
33	345	-33.75	
33	345	-33.75	
33	345	-33.75	
33	345	-33.75	
33	345	-33.75	
33	345	-33.75	
33	345	-33.75	
33	345	-33.75	
33	345	-33.75	
33	345	-33.75	
33	345	-33.75	
33	345	-33.75	
33	345	-33.75	
33	345	-33.75	
33	345	-33.75	
33	345	-33.75	
33	345	-33.75	
33	345	-33.75	
34	0	0	
34	0	0	
34	0	0	
34	0	0	
34	0	0	
34	0	0	
34	0	0	
34	0	0	
34	0	0	
34	0	0	
34	0	0	
34	0	0	
34	0	0	
34	0	0	
34	0	0	
34	0	0	
34	0	0	
34	0	0	
34	0	0	
34	2.5	0	
34	11.25	0	
34	27.5	-1.25	
34	38.75	-3.75	
34	51.25	-3.75	
34	86.25	-3.75	
34	152.5	-7.5	
34	178.75	-11.25	
34	202.5	-11.25	
34	231.25	-12.5	
34	256.25	-15	
34	320	-11.25	
34	336.25	-8.75	
34	336.25	-8.75	
34	336.25	-8.75	
34	336.25	-8.75	
34	336.25	-8.75	
34	336.25	-8.75	
34	336.25	-8.75	
34	336.25	-8.75	
34	336.25	-8.75	
34	336.25	-8.75	
34	336.25	-8.75	
34	336.25	-8.75	
34	336.25	-8.75	
34	336.25	-8.75	
34	336.25	-8.75	
34	336.25	-8.75	
34	336.25	-8.75	
34	336.25	-8.75	
34	336.25	-8.75	
34	336.25	-8.75	
34	336.25	-8.75	
34	336.25	-8.75	
34	336.25	-8.75	
34	336.25	-8.75	
34	336.25	-8.75	
34	336.25	-8.75	
34	336.25	-8.75	
34	336.25	-8.75	
34	336.25	-8.75	
34	336.25	-8.75	
34	336.25	-8.75	
34	336.25	-8.75	
34	336.25	-8.75	
34	336.25	-8.75	
34	336.25	-8.75	
34	336.25	-8.75	
34	336.25	-8.75	
34	336.25	-8.75	
34	336.25	-8.75	
34	336.25	-8.75	
34	336.25	-8.75	
34	336.25	-8.75	
34	336.25	-8.75	
35	0	0	
35	0	0	
35	0	0	
35	0	0	
35	0	0	
35	0	0	
35	0	0	
35	0	0	
35	0	0	
35	0	0	
35	0	0	
35	0	0	
35	0	0	
35	0	0	
35	0	0	
35	0	0	
35	0	0	
35	0	0	
35	0	0	
35	0	0	
35	25	-3.75	
35	50	-10	
35	63.75	-13.75	
35	81.25	-17.5	
35	103.75	-21.25	
35	150	-30	
35	196.25	-36.25	
35	220	-36.25	
35	243.75	-37.5	
35	267.5	-37.5	
35	338.75	-30	
35	338.75	-30	
35	338.75	-30	
35	338.75	-30	
35	338.75	-30	
35	338.75	-30	
35	338.75	-30	
35	338.75	-30	
35	338.75	-30	
35	338.75	-30	
35	338.75	-30	
35	338.75	-30	
35	338.75	-30	
35	338.75	-30	
35	338.75	-30	
35	338.75	-30	
35	338.75	-30	
35	338.75	-30	
35	338.75	-30	
35	338.75	-30	
35	338.75	-30	
35	338.75	-30	
35	338.75	-30	
35	338.75	-30	
35	338.75	-30	
35	338.75	-30	
35	338.75	-30	
35	338.75	-30	
35	338.75	-30	
35	338.75	-30	
35	338.75	-30	
35	338.75	-30	
35	338.75	-30	
35	338.75	-30	
35	338.75	-30	
35	338.75	-30	
35	338.75	-30	
35	338.75	-30	
35	338.75	-30	
35	338.75	-30	
35	338.75	-30	
35	338.75	-30	
35	338.75	-30	
35	338.75	-30	
36	0	0	
36	0	0	
36	0	0	
36	0	0	
36	0	0	
36	0	0	
36	0	0	
36	0	-2.5	
36	0	-2.5	
36	1.25	-2.5	
36	1.25	-2.5	
36	1.25	-2.5	
36	1.25	-2.5	
36	1.25	-2.5	
36	1.25	-2.5	
36	1.25	-2.5	
36	1.25	-2.5	
36	3.75	-2.5	
36	6.25	0	
36	11.25	1.25	
36	35	1.25	
36	61.25	3.75	
36	76.25	3.75	
36	93.75	3.75	
36	133.75	3.75	
36	177.5	1.25	
36	198.75	1.25	
36	240	0	
36	260	0	
36	278.75	0	
36	326.25	3.75	
36	326.25	3.75	
36	326.25	3.75	
36	326.25	3.75	
36	326.25	3.75	
36	326.25	3.75	
36	326.25	3.75	
36	326.25	3.75	
36	326.25	3.75	
36	326.25	3.75	
36	326.25	3.75	
36	326.25	3.75	
36	326.25	3.75	
36	326.25	3.75	
36	326.25	3.75	
36	326.25	3.75	
36	326.25	3.75	
36	326.25	3.75	
36	326.25	3.75	
36	326.25	3.75	
36	326.25	3.75	
36	326.25	3.75	
36	326.25	3.75	
36	326.25	3.75	
36	326.25	3.75	
36	326.25	3.75	
36	326.25	3.75	
36	326.25	3.75	
36	326.25	3.75	
36	326.25	3.75	
36	326.25	3.75	
36	326.25	3.75	
36	326.25	3.75	
36	326.25	3.75	
36	326.25	3.75	
36	326.25	3.75	
36	326.25	3.75	
36	326.25	3.75	
36	326.25	3.75	
36	326.25	3.75	
36	326.25	3.75	
36	326.25	3.75	
36	326.25	3.75	
36	326.25	3.75	
37	0	0	
37	0	0	
37	0	0	
37	0	0	
37	0	0	
37	0	0	
37	0	0	
37	0	0	
37	0	0	
37	0	0	
37	0	0	
37	0	0	
37	0	0	
37	0	0	
37	0	0	
37	0	0	
37	0	0	
37	1.25	0	
37	2.5	0	
37	5	0	
37	18.75	0	
37	27.5	0	
37	37.5	0	
37	62.5	-2.5	
37	77.5	-2.5	
37	131.25	-10	
37	150	-10	
37	188.75	-13.75	
37	208.75	-13.75	
37	227.5	-15	
37	281.25	-11.25	
37	297.5	-10	
37	312.5	-6.25	
37	337.5	0	
37	347.5	1.25	
37	347.5	1.25	
37	347.5	1.25	
37	347.5	1.25	
37	347.5	1.25	
37	347.5	1.25	
37	347.5	1.25	
37	347.5	1.25	
37	347.5	1.25	
37	347.5	1.25	
37	347.5	1.25	
37	347.5	1.25	
37	347.5	1.25	
37	347.5	1.25	
37	347.5	1.25	
37	347.5	1.25	
37	347.5	1.25	
37	347.5	1.25	
37	347.5	1.25	
37	347.5	1.25	
37	347.5	1.25	
37	347.5	1.25	
37	347.5	1.25	
37	347.5	1.25	
37	347.5	1.25	
37	347.5	1.25	
37	347.5	1.25	
37	347.5	1.25	
37	347.5	1.25	
37	347.5	1.25	
37	347.5	1.25	
37	347.5	1.25	
37	347.5	1.25	
37	347.5	1.25	
37	347.5	1.25	
37	347.5	1.25	
37	347.5	1.25	
37	347.5	1.25	
37	347.5	1.25	
37	347.5	1.25	
38	0	0	
38	0	0	
38	0	0	
38	0	0	
38	0	0	
38	0	0	
38	0	0	
38	0	0	
38	0	0	
38	0	0	
38	0	0	
38	0	0	
38	0	0	
38	0	0	
38	0	0	
38	0	0	
38	0	0	
38	1.25	0	
38	5	0	
38	8.75	0	
38	18.75	2.5	
38	36.25	2.5	
38	47.5	2.5	
38	60	2.5	
38	88.75	2.5	
38	123.75	2.5	
38	142.5	2.5	
38	180	2.5	
38	218.75	3.75	
38	236.25	3.75	
38	273.75	10	
38	291.25	13.75	
38	306.25	15	
38	321.25	18.75	
38	346.25	22.5	
38	346.25	22.5	
38	346.25	22.5	
38	346.25	22.5	
38	346.25	22.5	
38	346.25	22.5	
38	346.25	22.5	
38	346.25	22.5	
38	346.25	22.5	
38	346.25	22.5	
38	346.25	22.5	
38	346.25	22.5	
38	346.25	22.5	
38	346.25	22.5	
38	346.25	22.5	
38	346.25	22.5	
38	346.25	22.5	
38	346.25	22.5	
38	346.25	22.5	
38	346.25	22.5	
38	346.25	22.5	
38	346.25	22.5	
38	346.25	22.5	
38	346.25	22.5	
38	346.25	22.5	
38	346.25	22.5	
38	346.25	22.5	
38	346.25	22.5	
38	346.25	22.5	
38	346.25	22.5	
38	346.25	22.5	
38	346.25	22.5	
38	346.25	22.5	
38	346.25	22.5	
38	346.25	22.5	
38	346.25	22.5	
38	346.25	22.5	
38	346.25	22.5	
38	346.25	22.5	
38	346.25	22.5	
39	0	0	
39	0	0	
39	0	0	
39	0	0	
39	0	0	
39	0	0	
39	0	0	
39	0	0	
39	0	0	
39	0	0	
39	0	0	
39	0	0	
39	0	0	
39	0	0	
39	0	0	
39	0	0	
39	0	0	
39	0	0	
39	8.75	-1.25	
39	22.5	-3.75	
39	57.5	-5	
39	57.5	-5	
39	77.5	-5	
39	120	-3.75	
39	141.25	-3.75	
39	183.75	0	
39	225	3.75	
39	243.75	3.75	
39	261.25	7.5	
39	293.75	11.25	
39	328.75	15	
39	337.5	17.5	
39	345	18.75	
39	345	18.75	
39	345	18.75	
39	345	18.75	
39	345	18.75	
39	345	18.75	
39	345	18.75	
39	345	18.75	
39	345	18.75	
39	345	18.75	
39	345	18.75	
39	345	18.75	
39	345	18.75	
39	345	18.75	
39	345	18.75	
39	345	18.75	
39	345	18.75	
39	345	18.75	
39	345	18.75	
39	345	18.75	
39	345	18.75	
39	345	18.75	
39	345	18.75	
39	345	18.75	
39	345	18.75	
39	345	18.75	
39	345	18.75	
39	345	18.75	
39	345	18.75	
39	345	18.75	
39	345	18.75	
39	345	18.75	
39	345	18.75	
39	345	18.75	
39	345	18.75	
39	345	18.75	
39	345	18.75	
39	345	18.75	
39	345	18.75	
39	345	18.75	
39	345	18.75	
39	345	18.75	
40	0	0	
40	0	0	
40	0	0	
40	0	0	
40	0	0	
40	0	0	
40	0	0	
40	0	0	
40	0	0	
40	0	0	
40	-1.25	0	
40	-1.25	0	
40	-1.25	-2.5	
40	-1.25	-2.5	
40	-1.25	-2.5	
40	-1.25	-2.5	
40	-1.25	-2.5	
40	-1.25	-2.5	
40	-1.25	-3.75	
40	0	-3.75	
40	10	-6.25	
40	16.25	-6.25	
40	33.75	-6.25	
40	43.75	-6.25	
40	71.25	-6.25	
40	103.75	-2.5	
40	141.25	-2.5	
40	160	-2.5	
40	178.75	0	
40	197.5	0	
40	250	5	
40	266.25	8.75	
40	281.25	12.5	
40	306.25	20	
40	325	23.75	
40	336.25	27.5	
40	343.75	31.25	
40	343.75	31.25	
40	347.5	31.25	
40	347.5	31.25	
40	347.5	31.25	
40	347.5	31.25	
40	347.5	31.25	
40	347.5	31.25	
40	347.5	31.25	
40	347.5	31.25	
40	347.5	31.25	
40	347.5	31.25	
40	347.5	31.25	
40	347.5	31.25	
40	347.5	31.25	
40	347.5	31.25	
40	347.5	31.25	
40	347.5	31.25	
40	347.5	31.25	
40	347.5	31.25	
40	347.5	31.25	
40	347.5	31.25	
40	347.5	31.25	
40	347.5	31.25	
40	347.5	31.25	
40	347.5	31.25	
40	347.5	31.25	
40	347.5	31.25	
40	347.5	31.25	
40	347.5	31.25	
40	347.5	31.25	
40	347.5	31.25	
40	347.5	31.25	
40	347.5	31.25	
40	347.5	31.25	
40	347.5	31.25	
40	347.5	31.25	
40	347.5	31.25	
41	0	0	
41	0	0	
41	0	0	
41	0	0	
41	-1.25	1.25	
41	-1.25	1.25	
41	-1.25	1.25	
41	-1.25	1.25	
41	-1.25	1.25	
41	-1.25	1.25	
41	-2.5	1.25	
41	-2.5	1.25	
41	-2.5	1.25	
41	-2.5	1.25	
41	-2.5	1.25	
41	-2.5	1.25	
41	-2.5	1.25	
41	-2.5	1.25	
41	-2.5	1.25	
41	-2.5	1.25	
41	-2.5	1.25	
41	-2.5	1.25	
41	-1.25	1.25	
41	1.25	0	
41	7.5	-2.5	
41	20	-2.5	
41	41.25	-3.75	
41	53.75	-6.25	
41	83.75	-6.25	
41	101.25	-6.25	
41	136.25	-6.25	
41	172.5	-7.5	
41	188.75	-6.25	
41	206.25	-6.25	
41	237.5	-2.5	
41	263.75	3.75	
41	282.5	8.75	
41	291.25	11.25	
41	303.75	12.5	
41	308.75	15	
41	316.25	15	
41	321.25	12.5	
41	322.5	11.25	
41	323.75	8.75	
41	325	7.5	
41	327.5	3.75	
41	328.75	1.25	
41	330	1.25	
41	332.5	1.25	
41	333.75	1.25	
41	337.5	0	
41	340	0	
41	342.5	-2.5	
41	343.75	-2.5	
41	345	0	
41	348.75	0	
41	348.75	0	
41	348.75	1.25	
41	348.75	1.25	
41	348.75	1.25	
41	348.75	1.25	
41	348.75	1.25	
41	348.75	1.25	
41	348.75	1.25	
41	348.75	1.25	
41	348.75	1.25	
41	348.75	1.25	
41	348.75	1.25	
41	348.75	1.25	
41	348.75	1.25	
41	348.75	1.25	
41	348.75	1.25	
41	348.75	1.25	
41	348.75	1.25	
42	0	0	
42	0	0	
42	0	0	
42	0	0	
42	0	0	
42	0	0	
42	0	0	
42	0	0	
42	0	0	
42	0	0	
42	0	0	
42	0	0	
42	0	0	
42	0	0	
42	0	0	
42	0	0	
42	0	0	
42	0	0	
42	0	0	
42	0	0	
42	1.25	0	
42	5	0	
42	8.75	-2.5	
42	15	-2.5	
42	30	-3.75	
42	52.5	-6.25	
42	66.25	-7.5	
42	97.5	-10	
42	113.75	-13.75	
42	148.75	-17.5	
42	185	-18.75	
42	218.75	-17.5	
42	235	-17.5	
42	248.75	-17.5	
42	275	-15	
42	295	-13.75	
42	302.5	-13.75	
42	315	-13.75	
42	321.25	-15	
42	328.75	-17.5	
42	335	-21.25	
42	338.75	-25	
42	340	-25	
42	341.25	-26.25	
42	345	-28.75	
42	348.75	-28.75	
42	348.75	-28.75	
42	348.75	-28.75	
42	348.75	-28.75	
42	348.75	-28.75	
42	348.75	-28.75	
42	348.75	-28.75	
42	348.75	-28.75	
42	348.75	-28.75	
42	348.75	-28.75	
42	348.75	-28.75	
42	348.75	-28.75	
42	348.75	-28.75	
42	348.75	-28.75	
42	348.75	-28.75	
42	348.75	-28.75	
42	348.75	-28.75	
42	348.75	-28.75	
42	348.75	-28.75	
42	348.75	-28.75	
42	348.75	-28.75	
42	348.75	-28.75	
42	348.75	-28.75	
42	348.75	-28.75	
42	348.75	-28.75	
42	348.75	-28.75	
42	348.75	-28.75	
42	348.75	-28.75	
42	348.75	-28.75	
43	0	0	
43	0	0	
43	0	0	
43	0	0	
43	0	0	
43	0	0	
43	0	0	
43	0	0	
43	0	0	
43	0	0	
43	0	0	
43	0	0	
43	0	0	
43	0	0	
43	0	0	
43	-3.75	-5	
43	-3.75	-5	
43	-3.75	-5	
43	-3.75	-5	
43	-3.75	-5	
43	-3.75	-5	
43	-3.75	-5	
43	-3.75	-5	
43	-3.75	-5	
43	-3.75	-5	
43	-3.75	-5	
43	-3.75	-5	
43	-3.75	-5	
43	-3.75	-5	
43	-3.75	-5	
43	-3.75	-5	
43	-3.75	-5	
43	-3.75	-5	
43	-3.75	-5	
43	-3.75	-5	
43	-3.75	-5	
43	-3.75	-5	
43	-3.75	-5	
43	-3.75	-5	
43	-3.75	-5	
43	-3.75	-5	
43	-3.75	-5	
43	-3.75	-5	
43	-3.75	-5	
43	-3.75	-5	
43	-3.75	-5	
43	-3.75	-5	
43	-3.75	-5	
43	-3.75	-5	
43	-3.75	-5	
43	-11.25	1.25	
43	-11.25	1.25	
43	-11.25	1.25	
43	-11.25	1.25	
43	-11.25	1.25	
43	17.5	5	
43	23.75	7.5	
43	38.75	8.75	
43	48.75	8.75	
43	60	8.75	
43	100	12.5	
43	120	12.5	
43	138.75	12.5	
43	156.25	12.5	
43	191.25	16.25	
43	223.75	20	
43	238.75	22.5	
43	263.75	23.75	
43	275	26.25	
43	283.75	26.25	
43	306.25	27.5	
43	316.25	23.75	
43	320	22.5	
43	325	20	
44	0	0	
44	0	0	
44	0	0	
44	0	0	
44	0	0	
44	0	0	
44	0	0	
44	0	0	
44	0	0	
44	0	0	
44	0	0	
44	0	0	
44	0	0	
44	0	0	
44	0	0	
44	0	0	
44	0	0	
44	0	0	
44	1.25	0	
44	2.5	0	
44	10	0	
44	13.75	0	
44	20	0	
44	35	0	
44	43.75	0	
44	81.25	-3.75	
44	96.25	-3.75	
44	126.25	-3.75	
44	142.5	-3.75	
44	158.75	-1.25	
44	208.75	10	
44	226.25	15	
44	241.25	18.75	
44	270	30	
44	281.25	33.75	
44	306.25	41.25	
44	311.25	41.25	
44	318.75	41.25	
44	321.25	40	
44	322.5	37.5	
44	325	33.75	
44	325	32.5	
44	325	30	
44	325	26.25	
44	326.25	26.25	
44	327.5	25	
44	330	25	
44	333.75	22.5	
44	335	22.5	
44	336.25	25	
44	341.25	22.5	
44	342.5	22.5	
44	343.75	22.5	
44	345	18.75	
44	347.5	17.5	
44	348.75	15	
44	348.75	15	
44	348.75	15	
44	348.75	15	
44	348.75	15	
44	348.75	15	
44	348.75	15	
44	348.75	15	
44	348.75	15	
44	348.75	15	
44	348.75	15	
44	348.75	15	
44	348.75	15	
44	348.75	15	
44	348.75	15	
44	348.75	15	
44	348.75	15	
44	348.75	15	
44	348.75	15	
45	0	0	
45	0	0	
45	0	0	
45	0	0	
45	0	0	
45	0	0	
45	0	0	
45	0	0	
45	0	0	
45	0	0	
45	0	0	
45	0	0	
45	0	0	
45	0	0	
45	0	0	
45	0	0	
45	0	0	
45	0	0	
45	0	0	
45	0	0	
45	0	0	
45	0	0	
45	0	0	
45	0	0	
45	0	0	
45	1.25	0	
45	3.75	-1.25	
45	6.25	-1.25	
45	11.25	-1.25	
45	20	-3.75	
45	52.5	-7.5	
45	67.5	-7.5	
45	102.5	-11.25	
45	122.5	-12.5	
45	143.75	-12.5	
45	205	-11.25	
45	225	-11.25	
45	225	-11.25	
45	267.5	-7.5	
45	298.75	-3.75	
45	323.75	0	
45	332.5	3.75	
45	347.5	6.25	
45	347.5	6.25	
45	347.5	6.25	
45	347.5	6.25	
45	347.5	6.25	
45	347.5	6.25	
45	347.5	6.25	
45	347.5	6.25	
45	347.5	6.25	
45	347.5	6.25	
45	347.5	6.25	
45	347.5	6.25	
45	347.5	6.25	
45	347.5	6.25	
45	347.5	6.25	
45	347.5	6.25	
45	347.5	6.25	
45	347.5	6.25	
45	347.5	6.25	
45	347.5	6.25	
45	347.5	6.25	
45	347.5	6.25	
45	347.5	6.25	
45	347.5	6.25	
45	347.5	6.25	
45	347.5	6.25	
45	347.5	6.25	
45	347.5	6.25	
45	347.5	6.25	
45	347.5	6.25	
45	347.5	6.25	
45	347.5	6.25	
46	0	0	
46	0	0	
46	0	0	
46	0	0	
46	0	0	
46	0	0	
46	0	0	
46	0	0	
46	0	0	
46	0	0	
46	0	0	
46	0	0	
46	0	0	
46	0	0	
46	0	0	
46	0	0	
46	0	0	
46	0	0	
46	0	0	
46	0	0	
46	0	0	
46	0	0	
46	2.5	0	
46	8.75	0	
46	13.75	0	
46	30	-5	
46	53.75	-11.25	
46	68.75	-12.5	
46	86.25	-15	
46	123.75	-16.25	
46	185	-15	
46	205	-12.5	
46	223.75	-11.25	
46	258.75	-7.5	
46	273.75	-3.75	
46	300	3.75	
46	320	7.5	
46	327.5	10	
46	333.75	11.25	
46	342.5	13.75	
46	346.25	13.75	
46	346.25	13.75	
46	346.25	13.75	
46	346.25	13.75	
46	346.25	13.75	
46	346.25	13.75	
46	346.25	13.75	
46	346.25	13.75	
46	346.25	13.75	
46	346.25	13.75	
46	346.25	13.75	
46	346.25	13.75	
46	346.25	13.75	
46	346.25	13.75	
46	346.25	13.75	
46	346.25	13.75	
46	346.25	13.75	
46	346.25	13.75	
46	346.25	13.75	
46	346.25	13.75	
46	346.25	13.75	
46	346.25	13.75	
46	346.25	13.75	
46	346.25	13.75	
46	346.25	13.75	
46	346.25	13.75	
46	346.25	13.75	
46	346.25	13.75	
46	346.25	13.75	
46	346.25	13.75	
46	346.25	13.75	
46	346.25	13.75	
46	346.25	13.75	
46	346.25	13.75	
47	0	0	
47	0	0	
47	0	0	
47	0	0	
47	0	0	
47	0	0	
47	0	0	
47	0	0	
47	0	0	
47	0	0	
47	0	0	
47	0	0	
47	0	0	
47	0	0	
47	1.25	0	
47	1.25	0	
47	1.25	0	
47	1.25	0	
47	1.25	0	
47	1.25	0	
47	1.25	0	
47	1.25	0	
47	1.25	0	
47	1.25	-1.25	
47	3.75	0	
47	12.5	0	
47	18.75	0	
47	37.5	0	
47	51.25	0	
47	51.25	0	
47	116.25	0	
47	141.25	0	
47	165	0	
47	212.5	0	
47	236.25	0	
47	300	0	
47	318.75	3.75	
47	318.75	3.75	
47	318.75	3.75	
47	318.75	3.75	
47	318.75	3.75	
47	318.75	3.75	
47	318.75	3.75	
47	318.75	3.75	
47	318.75	3.75	
47	318.75	3.75	
47	318.75	3.75	
47	318.75	3.75	
47	318.75	3.75	
47	318.75	3.75	
47	318.75	3.75	
47	318.75	3.75	
47	318.75	3.75	
47	318.75	3.75	
47	318.75	3.75	
47	318.75	3.75	
47	318.75	3.75	
47	318.75	3.75	
47	318.75	3.75	
47	318.75	3.75	
47	318.75	3.75	
47	318.75	3.75	
47	318.75	3.75	
47	318.75	3.75	
47	318.75	3.75	
47	318.75	3.75	
47	318.75	3.75	
47	318.75	3.75	
47	318.75	3.75	
47	318.75	3.75	
47	318.75	3.75	
47	318.75	3.75	
47	318.75	3.75	
47	318.75	3.75	
48	0	0	
48	0	0	
48	0	0	
48	-1.25	0	
48	-1.25	0	
48	-1.25	0	
48	-1.25	0	
48	-1.25	0	
48	-1.25	0	
48	-1.25	0	
48	-1.25	0	
48	-1.25	0	
48	-1.25	1.25	
48	-1.25	1.25	
48	-1.25	1.25	
48	-1.25	1.25	
48	-1.25	1.25	
48	-1.25	1.25	
48	-1.25	1.25	
48	-1.25	1.25	
48	1.25	1.25	
48	5	1.25	
48	10	1.25	
48	15	1.25	
48	43.75	1.25	
48	57.5	1.25	
48	93.75	1.25	
48	113.75	1.25	
48	156.25	8.75	
48	206.25	15	
48	230	18.75	
48	275	23.75	
48	296.25	27.5	
48	315	33.75	
48	315	33.75	
48	315	33.75	
48	315	33.75	
48	315	33.75	
48	315	33.75	
48	315	33.75	
48	315	33.75	
48	315	33.75	
48	315	33.75	
48	315	33.75	
48	315	33.75	
48	315	33.75	
48	315	33.75	
48	315	33.75	
48	315	33.75	
48	315	33.75	
48	315	33.75	
48	315	33.75	
48	315	33.75	
48	315	33.75	
48	315	33.75	
48	315	33.75	
48	315	33.75	
48	315	33.75	
48	315	33.75	
48	315	33.75	
48	315	33.75	
48	315	33.75	
48	315	33.75	
48	315	33.75	
48	315	33.75	
48	315	33.75	
48	315	33.75	
48	315	33.75	
48	315	33.75	
48	315	33.75	
48	315	33.75	
48	315	33.75	
48	315	33.75	
48	315	33.75	
49	0	0	
49	3.75	17.5	
49	3.75	18.75	
49	5	22.5	
49	8.75	22.5	
49	10	21.25	
49	11.25	18.75	
49	12.5	15	
49	12.5	11.25	
49	13.75	10	
49	15	-1.25	
49	16.25	-3.75	
49	16.25	-5	
49	17.5	-7.5	
49	16.25	-8.75	
49	16.25	-11.25	
49	16.25	-11.25	
49	20	-30	
49	23.75	-41.25	
49	25	-48.75	
49	21.25	-37.5	
49	21.25	-26.25	
49	23.75	-22.5	
49	27.5	-16.25	
49	42.5	-7.5	
49	61.25	0	
49	75	2.5	
49	105	7.5	
49	121.25	10	
49	142.5	11.25	
49	210	17.5	
49	233.75	17.5	
49	257.5	17.5	
49	301.25	15	
49	318.75	13.75	
49	347.5	11.25	
49	347.5	11.25	
49	347.5	11.25	
49	347.5	11.25	
49	347.5	11.25	
49	347.5	11.25	
49	347.5	11.25	
49	347.5	11.25	
49	347.5	11.25	
49	347.5	11.25	
49	347.5	11.25	
49	347.5	11.25	
49	347.5	11.25	
49	347.5	11.25	
49	347.5	11.25	
49	347.5	11.25	
49	347.5	11.25	
49	347.5	11.25	
49	347.5	11.25	
49	347.5	11.25	
49	347.5	11.25	
49	347.5	11.25	
49	347.5	11.25	
49	347.5	11.25	
49	347.5	11.25	
49	347.5	11.25	
49	347.5	11.25	
49	347.5	11.25	
49	347.5	11.25	
49	347.5	11.25	
49	347.5	11.25	
49	347.5	11.25	
49	347.5	11.25	
49	347.5	11.25	
49	347.5	11.25	
49	347.5	11.25	
49	347.5	11.25	
49	347.5	11.25	
49	347.5	11.25	
50	0	0	
50	0	0	
50	0	0	
50	0	-1.25	
50	0	-7.5	
50	0	-11.25	
50	0	-15	
50	0	-15	
50	0	-18.75	
50	0	-18.75	
50	0	-20	
50	0	-22.5	
50	0	-22.5	
50	0	-22.5	
50	-1.25	-20	
50	-1.25	-20	
50	-1.25	-20	
50	-1.25	-20	
50	-1.25	-20	
50	-1.25	-20	
50	5	-18.75	
50	8.75	-18.75	
50	20	-20	
50	27.5	-22.5	
50	45	-23.75	
50	72.5	-26.25	
50	91.25	-26.25	
50	135	-26.25	
50	161.25	-26.25	
50	187.5	-23.75	
50	267.5	-22.5	
50	290	-20	
50	330	-18.75	
50	345	-18.75	
50	345	-18.75	
50	345	-18.75	
50	345	-18.75	
50	345	-18.75	
50	345	-18.75	
50	345	-18.75	
50	345	-18.75	
50	345	-18.75	
50	345	-18.75	
50	345	-18.75	
50	345	-18.75	
50	345	-18.75	
50	345	-18.75	
50	345	-18.75	
50	345	-18.75	
50	345	-18.75	
50	345	-18.75	
50	345	-18.75	
50	345	-18.75	
50	345	-18.75	
50	345	-18.75	
50	345	-18.75	
50	345	-18.75	
50	345	-18.75	
50	345	-18.75	
50	345	-18.75	
50	345	-18.75	
50	345	-18.75	
50	345	-18.75	
50	345	-18.75	
50	345	-18.75	
50	345	-18.75	
50	345	-18.75	
50	345	-18.75	
50	345	-18.75	
50	345	-18.75	
50	345	-18.75	
50	345	-18.75	
50	345	-18.75	
50	345	-18.75	
51	0	0	
51	-1.25	-1.25	
51	-1.25	-3.75	
51	-1.25	-7.5	
51	-2.5	-7.5	
51	-2.5	-11.25	
51	-3.75	-12.5	
51	-3.75	-15	
51	-3.75	-15	
51	-3.75	-15	
51	-3.75	-18.75	
51	-3.75	-18.75	
51	-5	-18.75	
51	-5	-18.75	
51	-5	-18.75	
51	-5	-18.75	
51	-5	-18.75	
51	-3.75	-18.75	
51	-2.5	-18.75	
51	2.5	-18.75	
51	28.75	-15	
51	43.75	-12.5	
51	61.25	-12.5	
51	105	-16.25	
51	128.75	-18.75	
51	212.5	-30	
51	241.25	-31.25	
51	268.75	-33.75	
51	296.25	-35	
51	342.5	-37.5	
51	342.5	-37.5	
51	342.5	-37.5	
51	342.5	-37.5	
51	342.5	-37.5	
51	342.5	-37.5	
51	342.5	-37.5	
51	342.5	-37.5	
51	342.5	-37.5	
51	342.5	-37.5	
51	342.5	-37.5	
51	342.5	-37.5	
51	342.5	-37.5	
51	342.5	-37.5	
51	342.5	-37.5	
51	342.5	-37.5	
51	342.5	-37.5	
51	342.5	-37.5	
51	342.5	-37.5	
51	342.5	-37.5	
51	342.5	-37.5	
51	342.5	-37.5	
51	342.5	-37.5	
51	342.5	-37.5	
51	342.5	-37.5	
51	342.5	-37.5	
51	342.5	-37.5	
51	342.5	-37.5	
51	342.5	-37.5	
51	342.5	-37.5	
51	342.5	-37.5	
51	342.5	-37.5	
51	342.5	-37.5	
51	342.5	-37.5	
51	342.5	-37.5	
51	342.5	-37.5	
51	342.5	-37.5	
51	342.5	-37.5	
51	342.5	-37.5	
51	342.5	-37.5	
51	342.5	-37.5	
51	342.5	-37.5	
51	342.5	-37.5	
51	342.5	-37.5	
51	342.5	-37.5	
52	0	0	
52	0	0	
52	0	0	
52	0	0	
52	0	-1.25	
52	0	-1.25	
52	0	-1.25	
52	0	-1.25	
52	1.25	-1.25	
52	1.25	-1.25	
52	1.25	-1.25	
52	1.25	-1.25	
52	1.25	-1.25	
52	1.25	-1.25	
52	1.25	-1.25	
52	1.25	-1.25	
52	1.25	-1.25	
52	1.25	0	
52	3.75	-1.25	
52	15	-1.25	
52	21.25	-3.75	
52	28.75	-3.75	
52	47.5	-5	
52	60	-7.5	
52	88.75	-11.25	
52	125	-15	
52	145	-15	
52	145	-15	
52	198.75	-18.75	
52	253.75	-18.75	
52	281.25	-16.25	
52	328.75	-8.75	
52	348.75	-3.75	
52	348.75	-3.75	
52	348.75	-3.75	
52	348.75	-3.75	
52	348.75	-3.75	
52	348.75	-3.75	
52	348.75	-3.75	
52	348.75	-3.75	
52	348.75	-3.75	
52	348.75	-3.75	
52	348.75	-3.75	
52	348.75	-3.75	
52	348.75	-3.75	
52	348.75	-3.75	
52	348.75	-3.75	
52	348.75	-3.75	
52	348.75	-3.75	
52	348.75	-3.75	
52	348.75	-3.75	
52	348.75	-3.75	
52	348.75	-3.75	
52	348.75	-3.75	
52	348.75	-3.75	
52	348.75	-3.75	
52	348.75	-3.75	
52	348.75	-3.75	
52	348.75	-3.75	
52	348.75	-3.75	
52	348.75	-3.75	
52	348.75	-3.75	
52	348.75	-3.75	
52	348.75	-3.75	
52	348.75	-3.75	
52	348.75	-3.75	
52	348.75	-3.75	
52	348.75	-3.75	
52	348.75	-3.75	
52	348.75	-3.75	
52	348.75	-3.75	
52	348.75	-3.75	
52	348.75	-3.75	
52	348.75	-3.75	
53	0	0	
53	0	0	
53	0	0	
53	0	0	
53	0	0	
53	0	0	
53	0	0	
53	0	0	
53	0	0	
53	0	0	
53	0	0	
53	0	0	
53	0	0	
53	0	0	
53	0	0	
53	0	0	
53	0	0	
53	0	0	
53	0	0	
53	0	0	
53	0	0	
53	1.25	-1.25	
53	6.25	-3.75	
53	10	-5	
53	16.25	-7.5	
53	35	-16.25	
53	67.5	-26.25	
53	87.5	-30	
53	87.5	-30	
53	87.5	-30	
53	87.5	-30	
53	87.5	-30	
53	87.5	-30	
53	87.5	-30	
53	341.25	-35	
53	347.5	-35	
53	347.5	-35	
53	347.5	-35	
53	347.5	-35	
53	347.5	-35	
53	347.5	-35	
53	347.5	-35	
53	347.5	-35	
53	347.5	-35	
53	347.5	-35	
53	347.5	-35	
53	347.5	-35	
53	347.5	-35	
53	347.5	-35	
53	347.5	-35	
53	347.5	-35	
53	347.5	-35	
53	347.5	-35	
53	347.5	-35	
53	347.5	-35	
53	347.5	-35	
53	347.5	-35	
53	347.5	-35	
53	347.5	-35	
53	347.5	-35	
53	347.5	-35	
53	347.5	-35	
53	347.5	-35	
53	347.5	-35	
53	347.5	-35	
53	347.5	-35	
53	347.5	-35	
53	347.5	-35	
53	347.5	-35	
53	347.5	-35	
53	347.5	-35	
53	347.5	-35	
53	347.5	-35	
53	347.5	-35	
54	0	0	
54	13.75	0	
54	40	3.75	
54	52.5	3.75	
54	62.5	3.75	
54	78.75	0	
54	78.75	-3.75	
54	76.25	-5	
54	73.75	-7.5	
54	68.75	-7.5	
54	55	-11.25	
54	48.75	-11.25	
54	36.25	-11.25	
54	30	-11.25	
54	25	-11.25	
54	8.75	-7.5	
54	-2.5	-3.75	
54	-7.5	0	
54	-11.25	0	
54	-16.25	0	
54	-22.5	2.5	
54	-22.5	0	
54	-15	-1.25	
54	-8.75	-3.75	
54	16.25	-7.5	
54	53.75	-7.5	
54	100	-8.75	
54	123.75	-8.75	
54	150	-11.25	
54	175	-11.25	
54	243.75	-11.25	
54	263.75	-8.75	
54	293.75	-7.5	
54	303.75	-5	
54	317.5	-3.75	
54	325	-3.75	
54	328.75	-3.75	
54	330	-3.75	
54	331.25	-3.75	
54	332.5	-3.75	
54	333.75	-3.75	
54	333.75	-3.75	
54	333.75	-3.75	
54	333.75	-3.75	
54	332.5	-3.75	
54	332.5	-3.75	
54	332.5	-3.75	
54	332.5	-3.75	
54	332.5	-3.75	
54	307.5	-7.5	
54	300	-7.5	
54	297.5	-8.75	
54	290	-11.25	
54	283.75	-12.5	
54	281.25	-15	
54	278.75	-15	
54	276.25	-15	
54	275	-15	
54	273.75	-15	
54	270	-12.5	
54	267.5	-11.25	
54	266.25	-11.25	
54	263.75	-11.25	
54	263.75	-11.25	
54	263.75	-11.25	
54	263.75	-11.25	
54	263.75	-12.5	
54	263.75	-12.5	
54	263.75	-12.5	
54	263.75	-15	
54	263.75	-15	
54	263.75	-15	
54	263.75	-15	
54	263.75	-15	
55	0	0	
55	0	0	
55	0	0	
55	0	0	
55	11.25	12.5	
55	11.25	12.5	
55	11.25	12.5	
55	11.25	12.5	
55	11.25	12.5	
55	11.25	12.5	
55	11.25	12.5	
55	11.25	12.5	
55	11.25	12.5	
55	11.25	12.5	
55	11.25	12.5	
55	11.25	12.5	
55	11.25	12.5	
55	11.25	12.5	
55	11.25	12.5	
55	11.25	12.5	
55	11.25	12.5	
55	28.75	7.5	
55	37.5	6.25	
55	48.75	3.75	
55	61.25	0	
55	93.75	-7.5	
55	116.25	-8.75	
55	162.5	-15	
55	208.75	-16.25	
55	230	-15	
55	271.25	-15	
55	307.5	-12.5	
55	322.5	-11.25	
55	337.5	-11.25	
55	337.5	-11.25	
55	337.5	-11.25	
55	337.5	-11.25	
55	337.5	-11.25	
55	337.5	-11.25	
55	337.5	-11.25	
55	337.5	-11.25	
55	337.5	-11.25	
55	337.5	-11.25	
55	337.5	-11.25	
55	337.5	-11.25	
55	337.5	-11.25	
55	337.5	-11.25	
55	337.5	-11.25	
55	337.5	-11.25	
55	337.5	-11.25	
55	337.5	-11.25	
55	337.5	-11.25	
55	337.5	-11.25	
55	337.5	-11.25	
55	337.5	-11.25	
55	337.5	-11.25	
55	337.5	-11.25	
55	337.5	-11.25	
55	337.5	-11.25	
55	337.5	-11.25	
55	337.5	-11.25	
55	337.5	-11.25	
55	337.5	-11.25	
55	337.5	-11.25	
55	337.5	-11.25	
55	337.5	-11.25	
55	337.5	-11.25	
55	337.5	-11.25	
55	337.5	-11.25	
55	337.5	-11.25	
55	337.5	-11.25	
55	337.5	-11.25	
55	337.5	-11.25	
55	337.5	-11.25	
56	0	0	
56	0	0	
56	0	0	
56	0	0	
56	0	0	
56	0	0	
56	0	0	
56	0	0	
56	0	0	
56	0	0	
56	0	0	
56	0	0	
56	0	0	
56	0	0	
56	0	0	
56	0	0	
56	0	0	
56	0	0	
56	2.5	-2.5	
56	5	-2.5	
56	23.75	-6.25	
56	35	-7.5	
56	61.25	-10	
56	76.25	-11.25	
56	93.75	-13.75	
56	146.25	-17.5	
56	165	-18.75	
56	182.5	-18.75	
56	216.25	-21.25	
56	231.25	-18.75	
56	271.25	-15	
56	282.5	-13.75	
56	301.25	-11.25	
56	308.75	-11.25	
56	315	-11.25	
56	326.25	-10	
56	328.75	-11.25	
56	330	-11.25	
56	332.5	-10	
56	332.5	-10	
56	333.75	-10	
56	333.75	-10	
56	333.75	-10	
56	333.75	-10	
56	335	-10	
56	335	-10	
56	335	-11.25	
56	335	-11.25	
56	335	-11.25	
56	335	-11.25	
56	335	-11.25	
56	335	-11.25	
56	335	-11.25	
56	335	-11.25	
56	335	-11.25	
56	335	-11.25	
56	335	-11.25	
56	335	-11.25	
56	335	-11.25	
56	335	-11.25	
56	335	-11.25	
56	335	-11.25	
56	335	-11.25	
56	335	-11.25	
56	336.25	-11.25	
56	336.25	-11.25	
56	336.25	-11.25	
56	336.25	-11.25	
56	336.25	-11.25	
56	336.25	-11.25	
56	336.25	-11.25	
56	336.25	-11.25	
56	336.25	-11.25	
56	336.25	-11.25	
57	0	0	
57	0	0	
57	0	0	
57	0	0	
57	0	0	
57	0	2.5	
57	0	0	
57	0	0	
57	0	0	
57	0	0	
57	0	0	
57	0	0	
57	0	0	
57	0	0	
57	0	0	
57	0	0	
57	0	0	
57	0	0	
57	0	0	
57	0	0	
57	0	0	
57	0	0	
57	0	0	
57	0	0	
57	0	0	
57	5	0	
57	8.75	0	
57	22.5	0	
57	33.75	-1.25	
57	45	-3.75	
57	92.5	-7.5	
57	110	-8.75	
57	128.75	-11.25	
57	150	-12.5	
57	175	-15	
57	227.5	-15	
57	268.75	-15	
57	286.25	-12.5	
57	301.25	-11.25	
57	313.75	-11.25	
57	337.5	-8.75	
57	342.5	-8.75	
57	347.5	-8.75	
57	347.5	-8.75	
57	347.5	-8.75	
57	347.5	-8.75	
57	347.5	-8.75	
57	347.5	-8.75	
57	347.5	-8.75	
57	347.5	-8.75	
57	347.5	-8.75	
57	347.5	-8.75	
57	347.5	-8.75	
57	347.5	-8.75	
57	347.5	-8.75	
57	347.5	-8.75	
57	347.5	-8.75	
57	347.5	-8.75	
57	347.5	-8.75	
57	347.5	-8.75	
57	347.5	-8.75	
57	347.5	-8.75	
57	347.5	-8.75	
57	347.5	-8.75	
57	347.5	-8.75	
57	347.5	-8.75	
57	347.5	-8.75	
57	347.5	-8.75	
57	347.5	-8.75	
57	347.5	-8.75	
57	347.5	-8.75	
57	347.5	-8.75	
57	347.5	-8.75	
57	347.5	-8.75	
58	0	0	
58	0	0	
58	0	0	
58	0	0	
58	0	0	
58	0	0	
58	0	0	
58	0	0	
58	-1.25	0	
58	-1.25	0	
58	-1.25	0	
58	-1.25	0	
58	-1.25	0	
58	-1.25	0	
58	-1.25	0	
58	-1.25	0	
58	-1.25	0	
58	-1.25	0	
58	2.5	0	
58	7.5	0	
58	21.25	2.5	
58	43.75	3.75	
58	57.5	7.5	
58	73.75	7.5	
58	110	13.75	
58	170	17.5	
58	191.25	18.75	
58	210	22.5	
58	247.5	30	
58	265	33.75	
58	295	37.5	
58	318.75	41.25	
58	327.5	45	
58	333.75	45	
58	345	47.5	
58	345	47.5	
58	345	47.5	
58	345	47.5	
58	345	47.5	
58	345	47.5	
58	345	47.5	
58	345	47.5	
58	345	47.5	
58	345	47.5	
58	345	47.5	
58	345	47.5	
58	345	47.5	
58	345	47.5	
58	345	47.5	
58	345	47.5	
58	345	47.5	
58	345	47.5	
58	345	47.5	
58	345	47.5	
58	345	47.5	
58	345	47.5	
58	345	47.5	
58	345	47.5	
58	345	47.5	
58	345	47.5	
58	345	47.5	
58	345	47.5	
58	345	47.5	
58	345	47.5	
58	345	47.5	
58	345	47.5	
58	345	47.5	
58	345	47.5	
58	345	47.5	
58	345	47.5	
58	345	47.5	
58	345	47.5	
58	345	47.5	
58	345	47.5	
59	0	0	
59	0	0	
59	0	0	
59	0	0	
59	0	0	
59	0	0	
59	0	0	
59	0	0	
59	0	0	
59	0	0	
59	0	0	
59	0	0	
59	0	0	
59	0	0	
59	0	0	
59	0	0	
59	0	0	
59	0	0	
59	0	0	
59	0	0	
59	0	0	
59	2.5	0	
59	3.75	-1.25	
59	12.5	-3.75	
59	20	-7.5	
59	38.75	-12.5	
59	67.5	-18.75	
59	85	-22.5	
59	102.5	-26.25	
59	140	-30	
59	198.75	-33.75	
59	217.5	-33.75	
59	235	-33.75	
59	251.25	-33.75	
59	282.5	-31.25	
59	308.75	-30	
59	321.25	-30	
59	342.5	-30	
59	342.5	-30	
59	342.5	-30	
59	342.5	-30	
59	342.5	-30	
59	342.5	-30	
59	342.5	-30	
59	342.5	-30	
59	342.5	-30	
59	342.5	-30	
59	342.5	-30	
59	342.5	-30	
59	342.5	-30	
59	342.5	-30	
59	342.5	-30	
59	342.5	-30	
59	342.5	-30	
59	342.5	-30	
59	342.5	-30	
59	342.5	-30	
59	342.5	-30	
59	342.5	-30	
59	342.5	-30	
59	342.5	-30	
59	342.5	-30	
59	342.5	-30	
59	342.5	-30	
59	342.5	-30	
59	342.5	-30	
59	342.5	-30	
59	342.5	-30	
59	342.5	-30	
59	342.5	-30	
59	342.5	-30	
59	342.5	-30	
59	342.5	-30	
59	342.5	-30	
60	0	0	
60	0	0	
60	0	0	
60	0	0	
60	0	0	
60	0	0	
60	0	0	
60	0	0	
60	0	0	
60	0	0	
60	0	0	
60	0	0	
60	0	0	
60	0	0	
60	0	0	
60	0	0	
60	0	0	
60	0	0	
60	0	0	
60	0	0	
60	0	2.5	
60	0	2.5	
60	0	0	
60	0	0	
60	0	0	
60	0	0	
60	0	2.5	
60	0	2.5	
60	0	0	
60	0	2.5	
60	0	0	
60	0	0	
60	1.25	2.5	
60	2.5	3.75	
60	5	3.75	
60	22.5	3.75	
60	31.25	3.75	
60	41.25	3.75	
60	65	6.25	
60	78.75	6.25	
60	92.5	6.25	
60	131.25	6.25	
60	166.25	7.5	
60	182.5	7.5	
60	197.5	7.5	
60	237.5	13.75	
60	250	15	
60	260	17.5	
60	270	18.75	
60	280	18.75	
60	302.5	21.25	
60	311.25	21.25	
60	315	21.25	
60	320	18.75	
60	327.5	15	
60	337.5	11.25	
60	345	7.5	
60	348.75	7.5	
60	348.75	7.5	
60	348.75	7.5	
60	348.75	7.5	
60	348.75	7.5	
60	348.75	7.5	
60	348.75	7.5	
60	348.75	7.5	
60	348.75	7.5	
60	348.75	7.5	
60	348.75	7.5	
60	348.75	7.5	
60	348.75	7.5	
60	348.75	7.5	
60	348.75	7.5	
60	348.75	7.5	
60	348.75	7.5	
61	0	0	
61	0	0	
61	0	-2.5	
61	0	-2.5	
61	0	-2.5	
61	0	-2.5	
61	0	-2.5	
61	0	-2.5	
61	0	-2.5	
61	0	-2.5	
61	0	-2.5	
61	0	-2.5	
61	0	-2.5	
61	0	-2.5	
61	0	-2.5	
61	0	-3.75	
61	0	-3.75	
61	0	-3.75	
61	0	-3.75	
61	0	-3.75	
61	-1.25	-3.75	
61	-1.25	-3.75	
61	-1.25	-3.75	
61	-1.25	-3.75	
61	-1.25	-3.75	
61	-1.25	-3.75	
61	-1.25	-3.75	
61	-1.25	-3.75	
61	-1.25	-3.75	
61	-1.25	-3.75	
61	-1.25	-3.75	
61	-1.25	-3.75	
61	-1.25	-3.75	
61	-1.25	-3.75	
61	-1.25	-3.75	
61	-1.25	-3.75	
61	-1.25	-3.75	
61	-1.25	-3.75	
61	-1.25	-3.75	
61	-1.25	-3.75	
61	-1.25	-3.75	
61	-1.25	-3.75	
61	-1.25	-3.75	
61	-1.25	-3.75	
61	-1.25	-3.75	
61	-1.25	-6.25	
61	-1.25	-6.25	
61	-1.25	-3.75	
61	-1.25	-3.75	
61	-1.25	-6.25	
61	-1.25	-3.75	
61	-1.25	-6.25	
61	-1.25	-6.25	
61	-1.25	-6.25	
61	-1.25	-6.25	
61	0	-6.25	
61	1.25	-6.25	
61	5	-3.75	
61	10	-2.5	
61	27.5	-6.25	
61	58.75	-7.5	
61	77.5	-10	
61	100	-10	
61	122.5	-7.5	
61	168.75	-6.25	
61	231.25	-2.5	
61	248.75	-2.5	
61	262.5	1.25	
61	286.25	5	
61	295	7.5	
61	312.5	8.75	
61	325	11.25	
61	331.25	12.5	
61	336.25	12.5	
62	0	0	
62	0	0	
62	0	0	
62	0	0	
62	0	0	
62	0	0	
62	0	0	
62	0	0	
62	0	0	
62	0	0	
62	0	0	
62	0	0	
62	0	0	
62	0	0	
62	0	0	
62	0	0	
62	0	0	
62	0	0	
62	0	0	
62	0	2.5	
62	1.25	3.75	
62	1.25	3.75	
62	5	6.25	
62	8.75	7.5	
62	12.5	10	
62	35	15	
62	46.25	17.5	
62	73.75	18.75	
62	90	18.75	
62	108.75	18.75	
62	161.25	18.75	
62	185	18.75	
62	211.25	18.75	
62	235	18.75	
62	277.5	21.25	
62	311.25	22.5	
62	325	22.5	
62	345	25	
62	345	25	
62	345	25	
62	345	25	
62	345	25	
62	345	25	
62	345	25	
62	345	25	
62	345	25	
62	345	25	
62	345	25	
62	345	25	
62	345	25	
62	345	25	
62	345	25	
62	345	25	
62	345	25	
62	345	25	
62	345	25	
62	345	25	
62	345	25	
62	345	25	
62	345	25	
62	345	25	
62	345	25	
62	345	25	
62	345	25	
62	345	25	
62	345	25	
62	345	25	
62	345	25	
62	345	25	
62	345	25	
62	345	25	
62	345	25	
62	345	25	
62	345	25	
63	0	0	
63	0	0	
63	0	0	
63	0	0	
63	0	0	
63	0	0	
63	0	0	
63	0	0	
63	0	2.5	
63	0	2.5	
63	0	2.5	
63	0	2.5	
63	0	3.75	
63	0	2.5	
63	0	2.5	
63	0	2.5	
63	0	2.5	
63	0	3.75	
63	0	2.5	
63	0	2.5	
63	0	2.5	
63	2.5	2.5	
63	8.75	2.5	
63	17.5	3.75	
63	27.5	6.25	
63	76.25	13.75	
63	96.25	15	
63	117.5	15	
63	161.25	18.75	
63	183.75	22.5	
63	248.75	36.25	
63	267.5	41.25	
63	301.25	48.75	
63	315	52.5	
63	327.5	56.25	
63	338.75	56.25	
63	338.75	56.25	
63	338.75	56.25	
63	338.75	56.25	
63	338.75	56.25	
63	338.75	56.25	
63	338.75	56.25	
63	338.75	56.25	
63	338.75	56.25	
63	338.75	56.25	
63	338.75	56.25	
63	338.75	56.25	
63	338.75	56.25	
63	338.75	56.25	
63	338.75	56.25	
63	338.75	56.25	
63	338.75	56.25	
63	338.75	56.25	
63	338.75	56.25	
63	338.75	56.25	
63	338.75	56.25	
63	338.75	56.25	
63	338.75	56.25	
63	338.75	56.25	
63	338.75	56.25	
63	338.75	56.25	
63	338.75	56.25	
63	338.75	56.25	
63	338.75	56.25	
63	338.75	56.25	
63	338.75	56.25	
63	338.75	56.25	
63	338.75	56.25	
63	338.75	56.25	
63	338.75	56.25	
63	338.75	56.25	
63	338.75	56.25	
63	338.75	56.25	
63	338.75	56.25	
64	0	0	
64	0	0	
64	0	0	
64	0	0	
64	0	0	
64	0	0	
64	0	0	
64	0	0	
64	0	0	
64	0	0	
64	0	0	
64	0	0	
64	0	0	
64	0	0	
64	0	1.25	
64	0	0	
64	0	0	
64	0	1.25	
64	0	1.25	
64	0	1.25	
64	0	1.25	
64	0	0	
64	0	1.25	
64	0	0	
64	0	0	
64	1.25	1.25	
64	1.25	1.25	
64	1.25	1.25	
64	1.25	1.25	
64	1.25	1.25	
64	1.25	1.25	
64	1.25	1.25	
64	1.25	1.25	
64	1.25	1.25	
64	1.25	1.25	
64	1.25	1.25	
64	1.25	1.25	
64	1.25	1.25	
64	1.25	1.25	
64	1.25	1.25	
64	1.25	1.25	
64	1.25	1.25	
64	1.25	1.25	
64	1.25	0	
64	1.25	0	
64	1.25	0	
64	0	1.25	
64	0	0	
64	-1.25	1.25	
64	-2.5	0	
64	-10	-2.5	
64	-12.5	-2.5	
64	-23.75	1.25	
64	-37.5	1.25	
64	-41.25	0	
64	-51.25	-6.25	
64	-52.5	-6.25	
64	-52.5	-7.5	
64	-51.25	-10	
64	-47.5	-10	
64	-35	-6.25	
64	-26.25	-6.25	
64	-6.25	1.25	
64	15	11.25	
64	25	16.25	
64	40	20	
64	51.25	23.75	
64	55	26.25	
64	57.5	26.25	
64	61.25	26.25	
64	65	23.75	
64	66.25	23.75	
64	67.5	23.75	
64	68.75	23.75	
65	0	0	
65	1.25	0	
65	1.25	0	
65	1.25	0	
65	1.25	0	
65	1.25	2.5	
65	1.25	2.5	
65	1.25	2.5	
65	1.25	2.5	
65	1.25	3.75	
65	1.25	3.75	
65	1.25	3.75	
65	1.25	3.75	
65	1.25	3.75	
65	1.25	3.75	
65	0	3.75	
65	0	3.75	
65	0	3.75	
65	0	3.75	
65	0	3.75	
65	5	2.5	
65	17.5	0	
65	26.25	0	
65	36.25	3.75	
65	62.5	7.5	
65	88.75	11.25	
65	113.75	7.5	
65	127.5	3.75	
65	153.75	-3.75	
65	168.75	-7.5	
65	198.75	-11.25	
65	232.5	-11.25	
65	251.25	-8.75	
65	267.5	-7.5	
65	296.25	-5	
65	315	-3.75	
65	327.5	-3.75	
65	332.5	-3.75	
65	337.5	-1.25	
65	340	0	
65	342.5	0	
65	345	2.5	
65	345	2.5	
65	347.5	2.5	
65	347.5	2.5	
65	347.5	2.5	
65	347.5	2.5	
65	347.5	2.5	
65	348.75	2.5	
65	348.75	2.5	
65	348.75	2.5	
65	348.75	2.5	
65	348.75	2.5	
65	348.75	2.5	
65	348.75	2.5	
65	348.75	2.5	
65	348.75	2.5	
65	348.75	2.5	
65	348.75	2.5	
65	348.75	2.5	
65	348.75	2.5	
65	348.75	2.5	
65	348.75	2.5	
65	348.75	2.5	
65	348.75	2.5	
65	348.75	2.5	
65	348.75	2.5	
65	348.75	2.5	
65	348.75	2.5	
65	348.75	2.5	
65	348.75	2.5	
65	348.75	2.5	
65	348.75	2.5	
65	348.75	2.5	
66	0	0	
66	0	0	
66	0	0	
66	0	0	
66	0	0	
66	0	0	
66	0	0	
66	0	0	
66	0	0	
66	0	2.5	
66	0	0	
66	0	0	
66	0	0	
66	0	0	
66	0	0	
66	0	0	
66	1.25	0	
66	3.75	0	
66	7.5	0	
66	12.5	0	
66	55	-5	
66	70	-7.5	
66	86.25	-8.75	
66	105	-11.25	
66	145	-15	
66	185	-16.25	
66	226.25	-15	
66	245	-15	
66	263.75	-15	
66	296.25	-12.5	
66	332.5	-8.75	
66	342.5	-7.5	
66	342.5	-7.5	
66	342.5	-7.5	
66	342.5	-7.5	
66	342.5	-7.5	
66	342.5	-7.5	
66	342.5	-7.5	
66	342.5	-7.5	
66	342.5	-7.5	
66	342.5	-7.5	
66	342.5	-7.5	
66	342.5	-7.5	
66	342.5	-7.5	
66	342.5	-7.5	
66	342.5	-7.5	
66	342.5	-7.5	
66	342.5	-7.5	
66	342.5	-7.5	
66	342.5	-7.5	
66	342.5	-7.5	
66	342.5	-7.5	
66	342.5	-7.5	
66	342.5	-7.5	
66	342.5	-7.5	
66	342.5	-7.5	
66	342.5	-7.5	
66	342.5	-7.5	
66	342.5	-7.5	
66	342.5	-7.5	
66	342.5	-7.5	
66	342.5	-7.5	
66	342.5	-7.5	
66	342.5	-7.5	
66	342.5	-7.5	
66	342.5	-7.5	
66	342.5	-7.5	
66	342.5	-7.5	
66	342.5	-7.5	
66	342.5	-7.5	
66	342.5	-7.5	
66	342.5	-7.5	
66	342.5	-7.5	
66	342.5	-7.5	
67	0	0	
67	0	0	
67	0	0	
67	0	0	
67	0	0	
67	0	0	
67	0	0	
67	0	0	
67	0	0	
67	0	0	
67	0	0	
67	0	0	
67	0	0	
67	0	0	
67	0	0	
67	0	0	
67	0	0	
67	0	0	
67	0	0	
67	0	0	
67	1.25	0	
67	1.25	0	
67	1.25	0	
67	1.25	0	
67	1.25	0	
67	1.25	0	
67	1.25	0	
67	1.25	0	
67	1.25	0	
67	1.25	0	
67	1.25	0	
67	1.25	0	
67	1.25	0	
67	1.25	0	
67	1.25	0	
67	1.25	0	
67	1.25	0	
67	1.25	0	
67	1.25	0	
67	1.25	0	
67	1.25	0	
67	1.25	0	
67	1.25	0	
67	1.25	0	
67	0	0	
67	0	-1.25	
67	0	-1.25	
67	0	-1.25	
67	0	-1.25	
67	0	-1.25	
67	0	-3.75	
67	0	-3.75	
67	0	-3.75	
67	0	-3.75	
67	0	-3.75	
67	0	-3.75	
67	0	-3.75	
67	0	-3.75	
67	0	-3.75	
67	0	-3.75	
67	0	-3.75	
67	0	-1.25	
67	0	-1.25	
67	0	-1.25	
67	0	-1.25	
67	0	0	
67	0	0	
67	0	0	
67	0	0	
67	0	0	
67	0	0	
67	0	0	
67	0	0	
67	0	0	
68	0	0	
68	0	0	
68	0	0	
68	0	0	
68	0	0	
68	0	0	
68	0	0	
68	0	-2.5	
68	0	-2.5	
68	0	1.25	
68	-1.25	-2.5	
68	-1.25	0	
68	-1.25	0	
68	-1.25	0	
68	-1.25	0	
68	-1.25	0	
68	-1.25	0	
68	-1.25	0	
68	0	0	
68	3.75	-2.5	
68	10	-2.5	
68	32.5	-6.25	
68	47.5	-10	
68	63.75	-13.75	
68	105	-21.25	
68	178.75	-26.25	
68	203.75	-25	
68	227.5	-22.5	
68	271.25	-17.5	
68	288.75	-13.75	
68	317.5	-11.25	
68	337.5	-10	
68	346.25	-6.25	
68	346.25	-6.25	
68	346.25	-6.25	
68	346.25	-6.25	
68	346.25	-6.25	
68	346.25	-6.25	
68	346.25	-6.25	
68	346.25	-6.25	
68	346.25	-6.25	
68	346.25	-6.25	
68	346.25	-6.25	
68	346.25	-6.25	
68	346.25	-6.25	
68	346.25	-6.25	
68	346.25	-6.25	
68	346.25	-6.25	
68	346.25	-6.25	
68	346.25	-6.25	
68	346.25	-6.25	
68	346.25	-6.25	
68	346.25	-6.25	
68	346.25	-6.25	
68	346.25	-6.25	
68	346.25	-6.25	
68	346.25	-6.25	
68	346.25	-6.25	
68	346.25	-6.25	
68	346.25	-6.25	
68	346.25	-6.25	
68	346.25	-6.25	
68	346.25	-6.25	
68	346.25	-6.25	
68	346.25	-6.25	
68	346.25	-6.25	
68	346.25	-6.25	
68	346.25	-6.25	
68	346.25	-6.25	
68	346.25	-6.25	
68	346.25	-6.25	
68	346.25	-6.25	
68	346.25	-6.25	
68	346.25	-6.25	
69	0	0	
69	0	0	
69	0	0	
69	0	0	
69	0	0	
69	0	0	
69	0	0	
69	0	0	
69	0	0	
69	2.5	1.25	
69	-1.25	0	
69	-1.25	0	
69	-1.25	0	
69	-1.25	0	
69	-1.25	0	
69	-1.25	0	
69	-1.25	0	
69	-1.25	0	
69	1.25	0	
69	12.5	0	
69	45	-3.75	
69	60	-6.25	
69	77.5	-6.25	
69	117.5	-6.25	
69	140	-6.25	
69	187.5	-2.5	
69	237.5	3.75	
69	262.5	7.5	
69	308.75	15	
69	330	18.75	
69	348.75	22.5	
69	348.75	22.5	
69	348.75	22.5	
69	348.75	22.5	
69	348.75	22.5	
69	348.75	22.5	
69	348.75	22.5	
69	348.75	22.5	
69	348.75	22.5	
69	348.75	22.5	
69	348.75	22.5	
69	348.75	22.5	
69	348.75	22.5	
69	348.75	22.5	
69	348.75	22.5	
69	348.75	22.5	
69	348.75	22.5	
69	348.75	22.5	
69	348.75	22.5	
69	348.75	22.5	
69	348.75	22.5	
69	348.75	22.5	
69	348.75	22.5	
69	348.75	22.5	
69	348.75	22.5	
69	348.75	22.5	
69	348.75	22.5	
69	348.75	22.5	
69	348.75	22.5	
69	348.75	22.5	
69	348.75	22.5	
69	348.75	22.5	
69	348.75	22.5	
69	348.75	22.5	
69	348.75	22.5	
69	348.75	22.5	
69	348.75	22.5	
69	348.75	22.5	
69	348.75	22.5	
69	348.75	22.5	
69	348.75	22.5	
69	348.75	22.5	
69	348.75	22.5	
69	348.75	22.5	
70	0	0	
70	0	0	
70	0	0	
70	0	-1.25	
70	0	-1.25	
70	0	-1.25	
70	0	-1.25	
70	0	-1.25	
70	0	-1.25	
70	0	-1.25	
70	0	-1.25	
70	0	-1.25	
70	0	-1.25	
70	0	-1.25	
70	0	-1.25	
70	0	-1.25	
70	0	-1.25	
70	0	-1.25	
70	0	-1.25	
70	0	-1.25	
70	5	0	
70	10	0	
70	22.5	-1.25	
70	32.5	-1.25	
70	42.5	-3.75	
70	85	-12.5	
70	101.25	-16.25	
70	118.75	-20	
70	156.25	-26.25	
70	173.75	-30	
70	221.25	-33.75	
70	235	-33.75	
70	256.25	-33.75	
70	265	-31.25	
70	271.25	-31.25	
70	288.75	-27.5	
70	292.5	-26.25	
70	297.5	-26.25	
70	302.5	-22.5	
70	305	-22.5	
70	308.75	-22.5	
70	308.75	-22.5	
70	310	-22.5	
70	311.25	-22.5	
70	311.25	-22.5	
70	311.25	-22.5	
70	311.25	-22.5	
70	312.5	-22.5	
70	313.75	-22.5	
70	315	-22.5	
70	318.75	-22.5	
70	318.75	-22.5	
70	320	-20	
70	321.25	-20	
70	321.25	-20	
70	322.5	-20	
70	322.5	-20	
70	322.5	-20	
70	322.5	-20	
70	323.75	-20	
70	325	-18.75	
70	326.25	-18.75	
70	326.25	-20	
70	326.25	-18.75	
70	326.25	-18.75	
70	326.25	-18.75	
70	326.25	-18.75	
70	326.25	-18.75	
70	327.5	-18.75	
70	327.5	-18.75	
70	327.5	-18.75	
70	327.5	-18.75	
70	328.75	-18.75	
70	328.75	-18.75	
71	0	0	
71	0	0	
71	0	0	
71	0	0	
71	0	0	
71	0	0	
71	0	0	
71	0	0	
71	0	0	
71	0	0	
71	0	0	
71	0	0	
71	0	0	
71	0	0	
71	0	0	
71	0	0	
71	0	0	
71	15	-2.5	
71	17.5	-2.5	
71	22.5	-2.5	
71	38.75	-2.5	
71	50	-2.5	
71	77.5	-2.5	
71	92.5	0	
71	126.25	1.25	
71	162.5	5	
71	196.25	8.75	
71	213.75	11.25	
71	230	12.5	
71	260	15	
71	286.25	16.25	
71	296.25	18.75	
71	313.75	20	
71	321.25	20	
71	332.5	20	
71	338.75	20	
71	341.25	20	
71	342.5	20	
71	342.5	18.75	
71	342.5	16.25	
71	342.5	15	
71	342.5	15	
71	342.5	15	
71	342.5	12.5	
71	342.5	12.5	
71	342.5	12.5	
71	342.5	12.5	
71	342.5	12.5	
71	342.5	12.5	
71	342.5	12.5	
71	343.75	12.5	
71	343.75	12.5	
71	343.75	12.5	
71	343.75	12.5	
71	343.75	12.5	
71	343.75	12.5	
71	343.75	12.5	
71	343.75	12.5	
71	345	12.5	
71	345	12.5	
71	345	12.5	
71	345	12.5	
71	345	12.5	
71	345	12.5	
71	346.25	12.5	
71	346.25	12.5	
71	346.25	12.5	
71	346.25	12.5	
71	346.25	12.5	
71	346.25	12.5	
71	346.25	15	
71	346.25	15	
71	347.5	16.25	
71	348.75	16.25	
72	0	0	
72	0	0	
72	0	0	
72	0	0	
72	0	0	
72	0	-2.5	
72	0	-2.5	
72	0	-2.5	
72	0	0	
72	0	0	
72	0	-2.5	
72	0	0	
72	0	0	
72	0	-2.5	
72	0	-2.5	
72	0	-2.5	
72	0	-2.5	
72	0	-2.5	
72	0	-2.5	
72	0	-2.5	
72	1.25	0	
72	2.5	1.25	
72	3.75	1.25	
72	6.25	1.25	
72	10	3.75	
72	18.75	7.5	
72	31.25	11.25	
72	38.75	12.5	
72	58.75	16.25	
72	70	16.25	
72	106.25	16.25	
72	120	15	
72	133.75	12.5	
72	148.75	11.25	
72	180	7.5	
72	213.75	5	
72	248.75	5	
72	263.75	7.5	
72	277.5	7.5	
72	300	8.75	
72	316.25	8.75	
72	322.5	7.5	
72	332.5	5	
72	337.5	5	
72	341.25	3.75	
72	348.75	1.25	
72	348.75	1.25	
72	348.75	1.25	
72	348.75	1.25	
72	348.75	1.25	
72	348.75	1.25	
72	348.75	1.25	
72	348.75	1.25	
72	348.75	1.25	
72	348.75	1.25	
72	348.75	1.25	
72	348.75	1.25	
72	348.75	1.25	
72	348.75	1.25	
72	348.75	1.25	
72	348.75	1.25	
72	348.75	1.25	
72	348.75	1.25	
72	348.75	1.25	
72	348.75	1.25	
72	348.75	1.25	
72	348.75	1.25	
72	348.75	1.25	
72	348.75	1.25	
72	348.75	1.25	
72	348.75	1.25	
72	348.75	1.25	
72	348.75	1.25	
72	348.75	1.25	
73	0	0	
73	0	2.5	
73	0	2.5	
73	0	2.5	
73	1.25	3.75	
73	1.25	3.75	
73	1.25	3.75	
73	1.25	3.75	
73	1.25	3.75	
73	1.25	3.75	
73	1.25	3.75	
73	1.25	3.75	
73	1.25	3.75	
73	1.25	3.75	
73	1.25	3.75	
73	1.25	3.75	
73	1.25	3.75	
73	1.25	3.75	
73	1.25	3.75	
73	1.25	3.75	
73	1.25	3.75	
73	1.25	3.75	
73	1.25	3.75	
73	1.25	3.75	
73	2.5	3.75	
73	2.5	6.25	
73	2.5	7.5	
73	7.5	11.25	
73	12.5	11.25	
73	21.25	15	
73	65	22.5	
73	107.5	26.25	
73	131.25	26.25	
73	157.5	26.25	
73	182.5	26.25	
73	265	22.5	
73	290	22.5	
73	313.75	22.5	
73	313.75	22.5	
73	313.75	22.5	
73	313.75	22.5	
73	313.75	22.5	
73	313.75	22.5	
73	313.75	22.5	
73	313.75	22.5	
73	313.75	22.5	
73	313.75	22.5	
73	313.75	22.5	
73	313.75	22.5	
73	313.75	22.5	
73	313.75	22.5	
73	313.75	22.5	
73	313.75	22.5	
73	313.75	22.5	
73	313.75	22.5	
73	313.75	22.5	
73	313.75	22.5	
73	313.75	22.5	
73	313.75	22.5	
73	313.75	22.5	
73	313.75	22.5	
73	313.75	22.5	
73	313.75	22.5	
73	313.75	22.5	
73	313.75	22.5	
73	313.75	22.5	
73	313.75	22.5	
73	313.75	22.5	
73	313.75	22.5	
73	313.75	22.5	
73	313.75	22.5	
73	313.75	22.5	
73	313.75	22.5	
73	313.75	22.5	
74	0	0	
74	0	0	
74	0	0	
74	0	0	
74	0	0	
74	0	0	
74	0	0	
74	0	0	
74	0	0	
74	0	0	
74	0	0	
74	0	0	
74	0	0	
74	0	0	
74	0	0	
74	0	0	
74	0	-1.25	
74	0	-1.25	
74	0	-1.25	
74	0	-1.25	
74	0	-1.25	
74	0	-1.25	
74	0	-1.25	
74	0	-1.25	
74	0	-1.25	
74	0	-1.25	
74	0	-1.25	
74	0	-1.25	
74	0	-1.25	
74	0	-1.25	
74	0	-1.25	
74	0	-1.25	
74	0	-1.25	
74	1.25	-1.25	
74	7.5	0	
74	22.5	0	
74	47.5	0	
74	65	0	
74	83.75	2.5	
74	103.75	3.75	
74	176.25	11.25	
74	202.5	11.25	
74	251.25	17.5	
74	273.75	18.75	
74	317.5	18.75	
74	336.25	22.5	
74	336.25	22.5	
74	336.25	22.5	
74	336.25	22.5	
74	336.25	22.5	
74	336.25	22.5	
74	336.25	22.5	
74	336.25	22.5	
74	336.25	22.5	
74	336.25	22.5	
74	336.25	22.5	
74	336.25	22.5	
74	336.25	22.5	
74	336.25	22.5	
74	336.25	22.5	
74	336.25	22.5	
74	336.25	22.5	
74	336.25	22.5	
74	336.25	22.5	
74	336.25	22.5	
74	336.25	22.5	
74	336.25	22.5	
74	336.25	22.5	
74	336.25	22.5	
74	336.25	22.5	
74	336.25	22.5	
74	336.25	22.5	
74	336.25	22.5	
74	336.25	22.5	
75	0	0	
75	0	0	
75	0	0	
75	0	0	
75	0	0	
75	0	0	
75	0	0	
75	0	0	
75	0	0	
75	0	0	
75	0	0	
75	0	0	
75	0	0	
75	0	0	
75	0	0	
75	0	0	
75	0	0	
75	0	0	
75	0	0	
75	0	0	
75	0	0	
75	0	0	
75	1.25	0	
75	5	2.5	
75	12.5	0	
75	47.5	-3.75	
75	66.25	-5	
75	85	-7.5	
75	130	-15	
75	155	-18.75	
75	206.25	-22.5	
75	252.5	-22.5	
75	275	-23.75	
75	293.75	-23.75	
75	310	-23.75	
75	327.5	-22.5	
75	327.5	-22.5	
75	327.5	-22.5	
75	327.5	-22.5	
75	327.5	-22.5	
75	327.5	-22.5	
75	327.5	-22.5	
75	327.5	-22.5	
75	327.5	-22.5	
75	327.5	-22.5	
75	327.5	-22.5	
75	327.5	-22.5	
75	327.5	-22.5	
75	327.5	-22.5	
75	327.5	-22.5	
75	327.5	-22.5	
75	327.5	-22.5	
75	327.5	-22.5	
75	327.5	-22.5	
75	327.5	-22.5	
75	327.5	-22.5	
75	327.5	-22.5	
75	327.5	-22.5	
75	327.5	-22.5	
75	327.5	-22.5	
75	327.5	-22.5	
75	327.5	-22.5	
75	327.5	-22.5	
75	327.5	-22.5	
75	327.5	-22.5	
75	327.5	-22.5	
75	327.5	-22.5	
75	327.5	-22.5	
75	327.5	-22.5	
75	327.5	-22.5	
75	327.5	-22.5	
75	327.5	-22.5	
75	327.5	-22.5	
75	327.5	-22.5	
76	0	0	
76	0	0	
76	0	1.25	
76	0	1.25	
76	0	1.25	
76	0	1.25	
76	0	1.25	
76	1.25	1.25	
76	1.25	1.25	
76	1.25	1.25	
76	1.25	1.25	
76	1.25	1.25	
76	1.25	1.25	
76	1.25	1.25	
76	1.25	1.25	
76	1.25	1.25	
76	1.25	1.25	
76	1.25	1.25	
76	1.25	1.25	
76	1.25	1.25	
76	1.25	1.25	
76	1.25	1.25	
76	1.25	1.25	
76	1.25	1.25	
76	1.25	1.25	
76	1.25	1.25	
76	1.25	1.25	
76	1.25	1.25	
76	1.25	1.25	
76	1.25	1.25	
76	1.25	1.25	
76	1.25	1.25	
76	3.75	1.25	
76	6.25	1.25	
76	20	3.75	
76	42.5	5	
76	42.5	5	
76	86.25	1.25	
76	135	1.25	
76	160	1.25	
76	232.5	5	
76	255	5	
76	276.25	5	
76	295	5	
76	327.5	5	
76	342.5	7.5	
76	342.5	7.5	
76	342.5	7.5	
76	342.5	7.5	
76	342.5	7.5	
76	342.5	7.5	
76	342.5	7.5	
76	342.5	7.5	
76	342.5	7.5	
76	342.5	7.5	
76	342.5	7.5	
76	342.5	7.5	
76	342.5	7.5	
76	342.5	7.5	
76	342.5	7.5	
76	342.5	7.5	
76	342.5	7.5	
76	342.5	7.5	
76	342.5	7.5	
76	342.5	7.5	
76	342.5	7.5	
76	342.5	7.5	
76	342.5	7.5	
76	342.5	7.5	
76	342.5	7.5	
76	342.5	7.5	
76	342.5	7.5	
76	342.5	7.5	
76	342.5	7.5	
77	0	0	
77	0	0	
77	0	0	
77	0	0	
77	0	0	
77	0	0	
77	0	0	
77	0	0	
77	0	0	
77	0	0	
77	0	0	
77	0	0	
77	0	0	
77	0	0	
77	0	0	
77	0	0	
77	0	0	
77	0	0	
77	0	0	
77	0	0	
77	0	-2.5	
77	0	-2.5	
77	0	-2.5	
77	0	-2.5	
77	0	-2.5	
77	1.25	-2.5	
77	1.25	-2.5	
77	1.25	-2.5	
77	1.25	-2.5	
77	1.25	-2.5	
77	2.5	-2.5	
77	2.5	-2.5	
77	6.25	-6.25	
77	11.25	-7.5	
77	30	-13.75	
77	57.5	-13.75	
77	77.5	-10	
77	98.75	-6.25	
77	145	0	
77	171.25	1.25	
77	217.5	1.25	
77	260	1.25	
77	295	1.25	
77	311.25	0	
77	327.5	-2.5	
77	341.25	-2.5	
77	341.25	-2.5	
77	341.25	-2.5	
77	341.25	-2.5	
77	341.25	-2.5	
77	341.25	-2.5	
77	341.25	-2.5	
77	341.25	-2.5	
77	341.25	-2.5	
77	341.25	-2.5	
77	341.25	-2.5	
77	341.25	-2.5	
77	341.25	-2.5	
77	341.25	-2.5	
77	341.25	-2.5	
77	341.25	-2.5	
77	341.25	-2.5	
77	341.25	-2.5	
77	341.25	-2.5	
77	341.25	-2.5	
77	341.25	-2.5	
77	341.25	-2.5	
77	341.25	-2.5	
77	341.25	-2.5	
77	341.25	-2.5	
77	341.25	-2.5	
77	341.25	-2.5	
77	341.25	-2.5	
77	341.25	-2.5	
78	0	0	
78	0	0	
78	0	0	
78	0	0	
78	0	0	
78	0	0	
78	0	0	
78	0	0	
78	0	0	
78	0	0	
78	0	0	
78	0	0	
78	0	0	
78	0	0	
78	0	0	
78	0	0	
78	0	0	
78	0	0	
78	0	0	
78	0	0	
78	0	0	
78	0	0	
78	0	0	
78	0	0	
78	0	0	
78	0	0	
78	12.5	1.25	
78	26.25	0	
78	35	-2.5	
78	46.25	-2.5	
78	75	-6.25	
78	112.5	-10	
78	131.25	-13.75	
78	152.5	-15	
78	192.5	-21.25	
78	245	-26.25	
78	245	-26.25	
78	262.5	-25	
78	277.5	-25	
78	303.75	-18.75	
78	325	-13.75	
78	342.5	-10	
78	342.5	-10	
78	342.5	-10	
78	342.5	-10	
78	342.5	-10	
78	342.5	-10	
78	342.5	-10	
78	342.5	-10	
78	342.5	-10	
78	342.5	-10	
78	342.5	-10	
78	342.5	-10	
78	342.5	-10	
78	342.5	-10	
78	342.5	-10	
78	342.5	-10	
78	342.5	-10	
78	342.5	-10	
78	342.5	-10	
78	342.5	-10	
78	342.5	-10	
78	342.5	-10	
78	342.5	-10	
78	342.5	-10	
78	342.5	-10	
78	342.5	-10	
78	342.5	-10	
78	342.5	-10	
78	342.5	-10	
78	342.5	-10	
78	342.5	-10	
78	342.5	-10	
78	342.5	-10	
79	0	0	
79	0	0	
79	1.25	-2.5	
79	1.25	-2.5	
79	1.25	-2.5	
79	1.25	-2.5	
79	1.25	-2.5	
79	1.25	-2.5	
79	1.25	-2.5	
79	1.25	-2.5	
79	1.25	-2.5	
79	2.5	-2.5	
79	2.5	-2.5	
79	2.5	-2.5	
79	2.5	-2.5	
79	2.5	-2.5	
79	2.5	-2.5	
79	2.5	-2.5	
79	2.5	-2.5	
79	2.5	-2.5	
79	2.5	-2.5	
79	3.75	-2.5	
79	7.5	0	
79	18.75	1.25	
79	27.5	1.25	
79	48.75	5	
79	71.25	3.75	
79	120	0	
79	145	-2.5	
79	193.75	-6.25	
79	240	-2.5	
79	261.25	0	
79	300	5	
79	317.5	7.5	
79	332.5	8.75	
79	345	12.5	
79	345	12.5	
79	345	12.5	
79	345	12.5	
79	345	12.5	
79	345	12.5	
79	345	12.5	
79	345	12.5	
79	345	12.5	
79	345	12.5	
79	345	12.5	
79	345	12.5	
79	345	12.5	
79	345	12.5	
79	345	12.5	
79	345	12.5	
79	345	12.5	
79	345	12.5	
79	345	12.5	
79	345	12.5	
79	345	12.5	
79	345	12.5	
79	345	12.5	
79	345	12.5	
79	345	12.5	
79	345	12.5	
79	345	12.5	
79	345	12.5	
79	345	12.5	
79	345	12.5	
79	345	12.5	
79	345	12.5	
79	345	12.5	
79	345	12.5	
79	345	12.5	
79	345	12.5	
79	345	12.5	
79	345	12.5	
79	345	12.5	
80	0	0	
80	0	0	
80	0	0	
80	0	0	
80	0	0	
80	0	0	
80	0	0	
80	0	0	
80	0	0	
80	0	2.5	
80	0	0	
80	0	0	
80	0	0	
80	0	2.5	
80	0	0	
80	0	0	
80	0	0	
80	0	0	
80	0	0	
80	0	0	
80	0	0	
80	0	0	
80	0	0	
80	0	0	
80	0	0	
80	0	0	
80	0	0	
80	0	0	
80	0	0	
80	0	0	
80	0	2.5	
80	0	2.5	
80	2.5	0	
80	6.25	0	
80	13.75	0	
80	33.75	0	
80	53.75	2.5	
80	75	3.75	
80	121.25	3.75	
80	147.5	3.75	
80	225	2.5	
80	225	2.5	
80	278.75	3.75	
80	302.5	3.75	
80	323.75	6.25	
80	343.75	7.5	
80	343.75	7.5	
80	343.75	7.5	
80	343.75	7.5	
80	343.75	7.5	
80	343.75	7.5	
80	343.75	7.5	
80	343.75	7.5	
80	343.75	7.5	
80	343.75	7.5	
80	343.75	7.5	
80	343.75	7.5	
80	343.75	7.5	
80	343.75	7.5	
80	343.75	7.5	
80	343.75	7.5	
80	343.75	7.5	
80	343.75	7.5	
80	343.75	7.5	
80	343.75	7.5	
80	343.75	7.5	
80	343.75	7.5	
80	343.75	7.5	
80	343.75	7.5	
80	343.75	7.5	
80	343.75	7.5	
80	343.75	7.5	
80	343.75	7.5	
80	343.75	7.5	
81	0	0	
81	0	0	
81	0	0	
81	0	0	
81	0	0	
81	0	0	
81	0	0	
81	0	0	
81	0	0	
81	0	0	
81	0	0	
81	0	0	
81	0	0	
81	0	0	
81	0	0	
81	0	0	
81	0	0	
81	0	0	
81	0	0	
81	0	0	
81	0	0	
81	0	0	
81	0	0	
81	0	0	
81	0	0	
81	0	0	
81	0	0	
81	0	0	
81	0	0	
81	0	0	
81	0	0	
81	0	0	
81	0	0	
81	5	0	
81	10	0	
81	35	0	
81	47.5	0	
81	61.25	0	
81	78.75	0	
81	118.75	3.75	
81	166.25	3.75	
81	196.25	6.25	
81	226.25	7.5	
81	281.25	13.75	
81	308.75	15	
81	308.75	15	
81	308.75	15	
81	308.75	15	
81	308.75	15	
81	308.75	15	
81	308.75	15	
81	308.75	15	
81	308.75	15	
81	308.75	15	
81	308.75	15	
81	308.75	15	
81	308.75	15	
81	308.75	15	
81	308.75	15	
81	308.75	15	
81	308.75	15	
81	308.75	15	
81	308.75	15	
81	308.75	15	
81	308.75	15	
81	308.75	15	
81	308.75	15	
81	308.75	15	
81	308.75	15	
81	308.75	15	
81	308.75	15	
81	308.75	15	
81	308.75	15	
81	308.75	15	
82	0	0	
82	0	0	
82	0	0	
82	0	0	
82	0	0	
82	0	-1.25	
82	0	-1.25	
82	0	-1.25	
82	0	-1.25	
82	0	-3.75	
82	0	-3.75	
82	0	-3.75	
82	0	-3.75	
82	0	-3.75	
82	0	-3.75	
82	0	-3.75	
82	0	-3.75	
82	0	-3.75	
82	0	-3.75	
82	0	-3.75	
82	0	-3.75	
82	0	-3.75	
82	0	-3.75	
82	0	-3.75	
82	1.25	-1.25	
82	5	0	
82	16.25	0	
82	36.25	3.75	
82	48.75	3.75	
82	48.75	3.75	
82	115	-3.75	
82	138.75	-7.5	
82	161.25	-8.75	
82	183.75	-11.25	
82	227.5	-11.25	
82	271.25	-7.5	
82	291.25	-3.75	
82	326.25	3.75	
82	340	6.25	
82	340	6.25	
82	340	6.25	
82	340	6.25	
82	340	6.25	
82	340	6.25	
82	340	6.25	
82	340	6.25	
82	340	6.25	
82	340	6.25	
82	340	6.25	
82	340	6.25	
82	340	6.25	
82	340	6.25	
82	340	6.25	
82	340	6.25	
82	340	6.25	
82	340	6.25	
82	340	6.25	
82	340	6.25	
82	340	6.25	
82	340	6.25	
82	340	6.25	
82	340	6.25	
82	340	6.25	
82	340	6.25	
82	340	6.25	
82	340	6.25	
82	340	6.25	
82	340	6.25	
82	340	6.25	
82	340	6.25	
82	340	6.25	
82	340	6.25	
82	340	6.25	
82	340	6.25	
83	0	0	
83	0	0	
83	0	0	
83	0	0	
83	0	0	
83	0	0	
83	0	0	
83	0	0	
83	0	0	
83	0	0	
83	0	0	
83	0	0	
83	0	0	
83	0	0	
83	0	0	
83	0	0	
83	0	0	
83	0	0	
83	0	0	
83	0	0	
83	0	0	
83	0	0	
83	0	-2.5	
83	0	0	
83	0	0	
83	0	0	
83	0	0	
83	0	0	
83	0	0	
83	0	0	
83	0	0	
83	0	0	
83	0	0	
83	0	0	
83	0	0	
83	0	0	
83	0	0	
83	1.25	1.25	
83	2.5	1.25	
83	12.5	3.75	
83	43.75	1.25	
83	43.75	1.25	
83	87.5	-6.25	
83	110	-7.5	
83	133.75	-11.25	
83	205	-15	
83	227.5	-17.5	
83	248.75	-15	
83	285	-13.75	
83	301.25	-13.75	
83	336.25	-6.25	
83	346.25	-6.25	
83	346.25	-6.25	
83	346.25	-6.25	
83	346.25	-6.25	
83	346.25	-6.25	
83	346.25	-6.25	
83	346.25	-6.25	
83	346.25	-6.25	
83	346.25	-6.25	
83	346.25	-6.25	
83	346.25	-6.25	
83	346.25	-6.25	
83	346.25	-6.25	
83	346.25	-6.25	
83	346.25	-6.25	
83	346.25	-6.25	
83	346.25	-6.25	
83	346.25	-6.25	
83	346.25	-6.25	
83	346.25	-6.25	
83	346.25	-6.25	
83	346.25	-6.25	
83	346.25	-6.25	
84	0	0	
84	0	0	
84	0	0	
84	0	-2.5	
84	0	-2.5	
84	0	-2.5	
84	0	-2.5	
84	0	-2.5	
84	0	-2.5	
84	0	-2.5	
84	0	-2.5	
84	0	-2.5	
84	0	0	
84	0	0	
84	0	0	
84	0	0	
84	0	0	
84	0	0	
84	0	0	
84	0	0	
84	0	0	
84	0	0	
84	0	0	
84	2.5	1.25	
84	6.25	3.75	
84	18.75	7.5	
84	28.75	8.75	
84	42.5	8.75	
84	42.5	8.75	
84	63.75	7.5	
84	130	-2.5	
84	175	-10	
84	196.25	-13.75	
84	216.25	-18.75	
84	255	-26.25	
84	288.75	-30	
84	318.75	-30	
84	332.5	-32.5	
84	345	-32.5	
84	345	-32.5	
84	345	-32.5	
84	345	-32.5	
84	345	-32.5	
84	345	-32.5	
84	345	-32.5	
84	345	-32.5	
84	345	-32.5	
84	345	-32.5	
84	345	-32.5	
84	345	-32.5	
84	345	-32.5	
84	345	-32.5	
84	345	-32.5	
84	345	-32.5	
84	345	-32.5	
84	345	-32.5	
84	345	-32.5	
84	345	-32.5	
84	345	-32.5	
84	345	-32.5	
84	345	-32.5	
84	345	-32.5	
84	345	-32.5	
84	345	-32.5	
84	345	-32.5	
84	345	-32.5	
84	345	-32.5	
84	345	-32.5	
84	345	-32.5	
84	345	-32.5	
84	345	-32.5	
84	345	-32.5	
84	345	-32.5	
84	345	-32.5	
85	0	0	
85	0	0	
85	0	0	
85	0	0	
85	0	0	
85	0	0	
85	0	0	
85	0	0	
85	0	0	
85	0	0	
85	0	0	
85	0	0	
85	0	0	
85	0	0	
85	0	0	
85	0	0	
85	1.25	0	
85	3.75	0	
85	13.75	3.75	
85	21.25	3.75	
85	57.5	7.5	
85	73.75	7.5	
85	91.25	7.5	
85	112.5	7.5	
85	156.25	7.5	
85	222.5	0	
85	243.75	-3.75	
85	263.75	-5	
85	302.5	-7.5	
85	320	-5	
85	337.5	-3.75	
85	337.5	-3.75	
85	337.5	-3.75	
85	337.5	-3.75	
85	337.5	-3.75	
85	337.5	-3.75	
85	337.5	-3.75	
85	337.5	-3.75	
85	337.5	-3.75	
85	337.5	-3.75	
85	337.5	-3.75	
85	337.5	-3.75	
85	337.5	-3.75	
85	337.5	-3.75	
85	337.5	-3.75	
85	337.5	-3.75	
85	337.5	-3.75	
85	337.5	-3.75	
85	337.5	-3.75	
85	337.5	-3.75	
85	337.5	-3.75	
85	337.5	-3.75	
85	337.5	-3.75	
85	337.5	-3.75	
85	337.5	-3.75	
85	337.5	-3.75	
85	337.5	-3.75	
85	337.5	-3.75	
85	337.5	-3.75	
85	337.5	-3.75	
85	337.5	-3.75	
85	337.5	-3.75	
85	337.5	-3.75	
85	337.5	-3.75	
85	337.5	-3.75	
85	337.5	-3.75	
85	337.5	-3.75	
85	337.5	-3.75	
85	337.5	-3.75	
85	337.5	-3.75	
85	337.5	-3.75	
85	337.5	-3.75	
85	337.5	-3.75	
85	337.5	-3.75	
86	0	0	
86	0	0	
86	0	0	
86	0	0	
86	0	0	
86	0	0	
86	-1.25	0	
86	-1.25	0	
86	-1.25	0	
86	-1.25	0	
86	-1.25	0	
86	-1.25	0	
86	-1.25	-1.25	
86	-1.25	-1.25	
86	-1.25	-1.25	
86	-1.25	-1.25	
86	-1.25	-1.25	
86	-1.25	-1.25	
86	-1.25	-1.25	
86	-1.25	-1.25	
86	-1.25	-1.25	
86	-1.25	-1.25	
86	-1.25	-1.25	
86	-1.25	-1.25	
86	-1.25	-1.25	
86	-1.25	-1.25	
86	-1.25	-1.25	
86	-1.25	-1.25	
86	-1.25	-1.25	
86	0	-1.25	
86	3.75	0	
86	6.25	0	
86	17.5	3.75	
86	26.25	6.25	
86	37.5	7.5	
86	82.5	13.75	
86	102.5	15	
86	150	15	
86	175	15	
86	227.5	17.5	
86	277.5	18.75	
86	301.25	22.5	
86	348.75	25	
86	348.75	25	
86	348.75	25	
86	348.75	25	
86	348.75	25	
86	348.75	25	
86	348.75	25	
86	348.75	25	
86	348.75	25	
86	348.75	25	
86	348.75	25	
86	348.75	25	
86	348.75	25	
86	348.75	25	
86	348.75	25	
86	348.75	25	
86	348.75	25	
86	348.75	25	
86	348.75	25	
86	348.75	25	
86	348.75	25	
86	348.75	25	
86	348.75	25	
86	348.75	25	
86	348.75	25	
86	348.75	25	
86	348.75	25	
86	348.75	25	
86	348.75	25	
86	348.75	25	
86	348.75	25	
86	348.75	25	
87	0	0	
87	0	0	
87	0	0	
87	0	0	
87	0	0	
87	0	0	
87	0	0	
87	0	-1.25	
87	0	-1.25	
87	0	-1.25	
87	0	-1.25	
87	0	-1.25	
87	0	-1.25	
87	0	-1.25	
87	0	-1.25	
87	0	-1.25	
87	0	-3.75	
87	0	-1.25	
87	0	-1.25	
87	0	-1.25	
87	0	-3.75	
87	0	-1.25	
87	0	-1.25	
87	0	-1.25	
87	0	-1.25	
87	0	0	
87	0	0	
87	0	0	
87	2.5	0	
87	5	3.75	
87	26.25	7.5	
87	37.5	10	
87	37.5	10	
87	81.25	13.75	
87	106.25	15	
87	156.25	15	
87	180	15	
87	226.25	11.25	
87	247.5	11.25	
87	268.75	11.25	
87	322.5	11.25	
87	348.75	15	
87	348.75	15	
87	348.75	15	
87	348.75	15	
87	348.75	15	
87	348.75	15	
87	348.75	15	
87	348.75	15	
87	348.75	15	
87	348.75	15	
87	348.75	15	
87	348.75	15	
87	348.75	15	
87	348.75	15	
87	348.75	15	
87	348.75	15	
87	348.75	15	
87	348.75	15	
87	348.75	15	
87	348.75	15	
87	348.75	15	
87	348.75	15	
87	348.75	15	
87	348.75	15	
87	348.75	15	
87	348.75	15	
87	348.75	15	
87	348.75	15	
87	348.75	15	
87	348.75	15	
87	348.75	15	
87	348.75	15	
87	348.75	15	
88	0	0	
88	0	0	
88	0	0	
88	0	0	
88	0	0	
88	0	0	
88	0	0	
88	0	0	
88	0	0	
88	0	0	
88	0	0	
88	0	0	
88	0	0	
88	0	0	
88	0	0	
88	0	0	
88	0	-2.5	
88	0	-2.5	
88	0	-2.5	
88	0	-2.5	
88	2.5	0	
88	6.25	1.25	
88	12.5	3.75	
88	30	5	
88	42.5	8.75	
88	91.25	12.5	
88	111.25	12.5	
88	153.75	12.5	
88	176.25	12.5	
88	197.5	12.5	
88	241.25	16.25	
88	281.25	20	
88	300	22.5	
88	333.75	27.5	
88	348.75	27.5	
88	348.75	27.5	
88	348.75	27.5	
88	348.75	27.5	
88	348.75	27.5	
88	348.75	27.5	
88	348.75	27.5	
88	348.75	27.5	
88	348.75	27.5	
88	348.75	27.5	
88	348.75	27.5	
88	348.75	27.5	
88	348.75	27.5	
88	348.75	27.5	
88	348.75	27.5	
88	348.75	27.5	
88	348.75	27.5	
88	348.75	27.5	
88	348.75	27.5	
88	348.75	27.5	
88	348.75	27.5	
88	348.75	27.5	
88	348.75	27.5	
88	348.75	27.5	
88	348.75	27.5	
88	348.75	27.5	
88	348.75	27.5	
88	348.75	27.5	
88	348.75	27.5	
88	348.75	27.5	
88	348.75	27.5	
88	348.75	27.5	
88	348.75	27.5	
88	348.75	27.5	
88	348.75	27.5	
88	348.75	27.5	
88	348.75	27.5	
88	348.75	27.5	
88	348.75	27.5	
88	348.75	27.5	
89	0	0	
89	0	0	
89	0	0	
89	0	-1.25	
89	0	-1.25	
89	0	-1.25	
89	0	-1.25	
89	0	-1.25	
89	0	-1.25	
89	0	-1.25	
89	0	-1.25	
89	0	-1.25	
89	0	-1.25	
89	0	0	
89	0	-1.25	
89	0	-1.25	
89	0	-1.25	
89	0	-3.75	
89	0	-3.75	
89	0	-3.75	
89	0	-3.75	
89	0	-3.75	
89	0	-3.75	
89	0	-3.75	
89	0	-3.75	
89	0	-3.75	
89	0	-3.75	
89	0	-3.75	
89	0	-3.75	
89	1.25	-3.75	
89	7.5	0	
89	17.5	3.75	
89	42.5	15	
89	57.5	21.25	
89	75	25	
89	132.5	25	
89	152.5	22.5	
89	171.25	21.25	
89	190	18.75	
89	223.75	15	
89	270	11.25	
89	282.5	11.25	
89	295	11.25	
89	316.25	15	
89	326.25	13.75	
89	333.75	13.75	
89	348.75	10	
89	348.75	10	
89	348.75	10	
89	348.75	10	
89	348.75	10	
89	348.75	10	
89	348.75	10	
89	348.75	10	
89	348.75	10	
89	348.75	10	
89	348.75	10	
89	348.75	10	
89	348.75	10	
89	348.75	10	
89	348.75	10	
89	348.75	10	
89	348.75	10	
89	348.75	10	
89	348.75	10	
89	348.75	10	
89	348.75	10	
89	348.75	10	
89	348.75	10	
89	348.75	10	
89	348.75	10	
89	348.75	10	
89	348.75	10	
89	348.75	10	
90	0	0	
90	0	1.25	
90	0	0	
90	0	0	
90	0	1.25	
90	-1.25	1.25	
90	-1.25	1.25	
90	-1.25	1.25	
90	-1.25	1.25	
90	-1.25	1.25	
90	-1.25	1.25	
90	-1.25	1.25	
90	-1.25	1.25	
90	-1.25	1.25	
90	-1.25	1.25	
90	-1.25	1.25	
90	-1.25	1.25	
90	-1.25	1.25	
90	-1.25	1.25	
90	-1.25	1.25	
90	-1.25	1.25	
90	-1.25	1.25	
90	-1.25	1.25	
90	-1.25	3.75	
90	-1.25	3.75	
90	-1.25	1.25	
90	-1.25	1.25	
90	-1.25	3.75	
90	0	3.75	
90	5	3.75	
90	13.75	5	
90	21.25	7.5	
90	40	8.75	
90	55	11.25	
90	71.25	12.5	
90	128.75	16.25	
90	148.75	16.25	
90	191.25	11.25	
90	212.5	8.75	
90	232.5	5	
90	290	1.25	
90	307.5	3.75	
90	325	3.75	
90	325	3.75	
90	325	3.75	
90	325	3.75	
90	325	3.75	
90	325	3.75	
90	325	3.75	
90	325	3.75	
90	325	3.75	
90	325	3.75	
90	325	3.75	
90	325	3.75	
90	325	3.75	
90	325	3.75	
90	325	3.75	
90	325	3.75	
90	325	3.75	
90	325	3.75	
90	325	3.75	
90	325	3.75	
90	325	3.75	
90	325	3.75	
90	325	3.75	
90	325	3.75	
90	325	3.75	
90	325	3.75	
90	325	3.75	
90	325	3.75	
90	325	3.75	
90	325	3.75	
90	325	3.75	
90	325	3.75	
91	0	0	
91	0	2.5	
91	0	2.5	
91	0	2.5	
91	0	2.5	
91	0	2.5	
91	0	2.5	
91	0	2.5	
91	0	2.5	
91	0	2.5	
91	0	2.5	
91	0	2.5	
91	0	2.5	
91	0	2.5	
91	0	2.5	
91	0	2.5	
91	0	2.5	
91	0	2.5	
91	0	2.5	
91	0	2.5	
91	0	2.5	
91	0	2.5	
91	0	2.5	
91	0	3.75	
91	0	3.75	
91	3.75	6.25	
91	10	6.25	
91	15	7.5	
91	32.5	7.5	
91	42.5	7.5	
91	80	11.25	
91	100	11.25	
91	121.25	13.75	
91	162.5	15	
91	183.75	15	
91	228.75	15	
91	251.25	15	
91	290	18.75	
91	306.25	21.25	
91	320	22.5	
91	342.5	25	
91	342.5	25	
91	342.5	25	
91	342.5	25	
91	342.5	25	
91	342.5	25	
91	342.5	25	
91	342.5	25	
91	342.5	25	
91	342.5	25	
91	342.5	25	
91	342.5	25	
91	342.5	25	
91	342.5	25	
91	342.5	25	
91	342.5	25	
91	342.5	25	
91	342.5	25	
91	342.5	25	
91	342.5	25	
91	342.5	25	
91	342.5	25	
91	342.5	25	
91	342.5	25	
91	342.5	25	
91	342.5	25	
91	342.5	25	
91	342.5	25	
91	342.5	25	
91	342.5	25	
91	342.5	25	
91	342.5	25	
91	342.5	25	
91	342.5	25	
92	0	0	
92	0	2.5	
92	0	2.5	
92	0	2.5	
92	0	0	
92	0	2.5	
92	0	0	
92	0	0	
92	0	0	
92	0	0	
92	0	2.5	
92	0	0	
92	0	0	
92	0	0	
92	0	0	
92	0	0	
92	0	0	
92	0	0	
92	0	0	
92	0	0	
92	0	0	
92	0	0	
92	0	0	
92	0	0	
92	0	0	
92	1.25	0	
92	3.75	2.5	
92	6.25	2.5	
92	17.5	3.75	
92	23.75	3.75	
92	55	3.75	
92	70	2.5	
92	88.75	0	
92	130	-3.75	
92	150	-5	
92	191.25	-11.25	
92	228.75	-15	
92	246.25	-15	
92	261.25	-16.25	
92	288.75	-16.25	
92	317.5	-12.5	
92	326.25	-11.25	
92	332.5	-11.25	
92	341.25	-8.75	
92	345	-8.75	
92	348.75	-8.75	
92	348.75	-8.75	
92	348.75	-8.75	
92	348.75	-8.75	
92	348.75	-8.75	
92	348.75	-8.75	
92	348.75	-8.75	
92	348.75	-8.75	
92	348.75	-8.75	
92	348.75	-8.75	
92	348.75	-8.75	
92	348.75	-8.75	
92	348.75	-8.75	
92	348.75	-8.75	
92	348.75	-8.75	
92	348.75	-8.75	
92	348.75	-8.75	
92	348.75	-8.75	
92	348.75	-8.75	
92	348.75	-8.75	
92	348.75	-8.75	
92	348.75	-8.75	
92	348.75	-8.75	
92	348.75	-8.75	
92	348.75	-8.75	
92	348.75	-8.75	
92	348.75	-8.75	
92	348.75	-8.75	
92	348.75	-8.75	
93	0	0	
93	0	0	
93	0	0	
93	0	0	
93	0	0	
93	0	0	
93	0	0	
93	0	0	
93	0	0	
93	0	0	
93	0	0	
93	0	0	
93	0	0	
93	0	0	
93	0	0	
93	0	0	
93	0	0	
93	0	0	
93	0	0	
93	0	0	
93	0	0	
93	0	0	
93	0	0	
93	0	0	
93	0	0	
93	0	0	
93	0	0	
93	0	0	
93	0	0	
93	0	1.25	
93	2.5	3.75	
93	6.25	5	
93	15	8.75	
93	21.25	12.5	
93	36.25	16.25	
93	58.75	16.25	
93	85	16.25	
93	101.25	16.25	
93	118.75	15	
93	155	12.5	
93	192.5	7.5	
93	211.25	5	
93	248.75	1.25	
93	283.75	1.25	
93	283.75	1.25	
93	316.25	1.25	
93	342.5	1.25	
93	342.5	1.25	
93	342.5	1.25	
93	342.5	1.25	
93	342.5	1.25	
93	342.5	1.25	
93	342.5	1.25	
93	342.5	1.25	
93	342.5	1.25	
93	342.5	1.25	
93	342.5	1.25	
93	342.5	1.25	
93	342.5	1.25	
93	342.5	1.25	
93	342.5	1.25	
93	342.5	1.25	
93	342.5	1.25	
93	342.5	1.25	
93	342.5	1.25	
93	342.5	1.25	
93	342.5	1.25	
93	342.5	1.25	
93	342.5	1.25	
93	342.5	1.25	
93	342.5	1.25	
93	342.5	1.25	
93	342.5	1.25	
93	342.5	1.25	
94	0	0	
94	0	0	
94	0	0	
94	0	0	
94	0	0	
94	0	0	
94	0	0	
94	0	0	
94	0	0	
94	0	0	
94	0	0	
94	0	0	
94	0	0	
94	0	0	
94	0	0	
94	0	0	
94	0	0	
94	0	0	
94	0	0	
94	0	0	
94	0	0	
94	0	0	
94	0	0	
94	0	0	
94	0	0	
94	0	0	
94	0	0	
94	0	0	
94	0	0	
94	0	0	
94	13.75	6.25	
94	22.5	8.75	
94	43.75	13.75	
94	57.5	13.75	
94	73.75	13.75	
94	132.5	12.5	
94	176.25	8.75	
94	198.75	6.25	
94	220	6.25	
94	241.25	5	
94	302.5	6.25	
94	321.25	8.75	
94	321.25	8.75	
94	321.25	8.75	
94	321.25	8.75	
94	321.25	8.75	
94	321.25	8.75	
94	321.25	8.75	
94	321.25	8.75	
94	321.25	8.75	
94	321.25	8.75	
94	321.25	8.75	
94	321.25	8.75	
94	321.25	8.75	
94	321.25	8.75	
94	321.25	8.75	
94	321.25	8.75	
94	321.25	8.75	
94	321.25	8.75	
94	321.25	8.75	
94	321.25	8.75	
94	321.25	8.75	
94	321.25	8.75	
94	321.25	8.75	
94	321.25	8.75	
94	321.25	8.75	
94	321.25	8.75	
94	321.25	8.75	
94	321.25	8.75	
94	321.25	8.75	
94	321.25	8.75	
94	321.25	8.75	
94	321.25	8.75	
94	321.25	8.75	
95	0	0	
95	0	0	
95	0	0	
95	0	0	
95	0	0	
95	0	0	
95	0	0	
95	0	0	
95	0	0	
95	0	0	
95	0	0	
95	0	0	
95	0	0	
95	0	0	
95	0	0	
95	0	0	
95	0	0	
95	0	0	
95	0	0	
95	0	0	
95	0	0	
95	0	0	
95	0	0	
95	0	0	
95	0	0	
95	0	0	
95	0	0	
95	0	0	
95	0	0	
95	0	0	
95	0	0	
95	0	0	
95	0	0	
95	0	0	
95	0	0	
95	0	0	
95	0	0	
95	0	0	
95	0	0	
95	0	0	
95	0	0	
95	0	0	
95	0	0	
95	0	0	
95	0	0	
95	0	0	
95	0	0	
95	0	0	
95	0	0	
95	0	0	
95	0	0	
95	0	0	
95	0	0	
95	0	0	
95	0	0	
95	0	0	
95	0	0	
95	0	0	
95	0	0	
95	0	0	
95	0	0	
95	0	0	
95	0	0	
95	0	0	
95	0	0	
95	0	0	
95	0	0	
95	0	0	
95	0	0	
95	0	0	
95	0	0	
95	0	0	
95	0	0	
95	0	0	
