92
72
226
32
130
83
188
172
23
99
220
110
101
73
249
9
71
221
18
168
55
124
7
17
34
52
157
253
181
194
43
30
167
209
123
59
107
213
206
241
133
247
121
158
24
254
242
14
47
115
102
243
205
50
193
235
217
76
264
22
80
84
182
263
186
179
90
74
81
118
95
222
233
88
40
149
141
229
15
219
132
256
198
192
244
89
6
151
251
25
134
173
93
239
37
185
82
227
113
230
245
195
225
61
65
156
259
178
4
31
39
96
13
10
246
5
111
169
33
148
261
215
155
176
137
212
125
119
117
120
180
184
139
163
46
100
237
87
214
211
26
106
35
129
216
49
86
177
138
175
51
29
19
12
252
70
262
174
97
60
143
258
62
183
236
16
27
57
91
196
36
109
78
218
77
191
67
105
79
58
144
164
202
165
64
131
248
240
224
190
28
208
45
11
136
152
44
204
108
238
234
68
159
42
199
2
197
63
114
85
223
56
116
161
8
126
162
250
228
150
48
257
170
232
231
94
122
41
255
203
75
3
146
171
145
53
260
142
166
187
1
98
201
200
207
128
153
104
69
103
66
38
140
210
54
147
135
21
154
160
189
127
112
20
