121
81
73
248
120
235
122
32
204
168
201
202
145
171
173
251
144
23
132
89
99
162
18
219
109
199
233
177
231
147
118
152
45
53
30
107
61
229
75
48
221
72
4
92
189
212
101
172
240
207
17
236
185
153
24
90
234
203
186
239
188
63
246
131
127
33
179
261
226
256
169
67
70
59
232
41
213
34
113
176
87
68
170
116
64
66
115
84
137
249
39
183
25
190
55
43
135
22
60
263
192
119
85
28
245
244
128
184
123
7
104
138
156
86
11
134
228
230
222
146
139
217
21
37
54
9
253
252
211
205
31
262
224
38
19
175
52
103
157
223
15
36
74
80
76
56
259
200
214
83
182
161
96
94
3
150
106
125
196
12
165
142
178
78
260
159
35
225
97
208
77
102
47
71
160
197
105
237
136
117
114
181
257
44
238
100
210
8
88
98
58
91
174
124
46
126
151
49
13
195
133
258
40
26
1
130
242
220
129
209
69
206
250
227
216
111
16
93
110
5
187
108
6
14
166
50
10
218
65
158
42
194
79
148
29
20
255
62
154
95
198
27
264
149
51
180
247
57
2
164
243
82
193
141
215
254
140
143
241
167
163
112
155
191
