Trial	X	Y
1	0	0	
1	0	0	
1	0	0	
1	0	0	
1	0	0	
1	0	0	
1	0	0	
1	0	0	
1	0	0	
1	0	0	
1	0	0	
1	0	0	
1	0	0	
1	0	0	
1	0	0	
1	0	0	
1	0	0	
1	0	0	
1	0	0	
1	0	0	
1	0	0	
1	0	0	
1	0	0	
1	0	0	
1	0	0	
1	0	0	
1	12.5	13.75	
1	17.5	16.25	
1	25	17.5	
1	32.5	20	
1	75	17.5	
1	86.25	17.5	
1	98.75	13.75	
1	110	12.5	
1	133.75	6.25	
1	146.25	2.5	
1	170	-1.25	
1	180	-2.5	
1	188.75	-2.5	
1	208.75	-5	
1	232.5	-8.75	
1	238.75	-10	
1	243.75	-10	
1	251.25	-12.5	
1	253.75	-12.5	
1	260	-16.25	
1	266.25	-17.5	
1	268.75	-20	
1	272.5	-20	
1	280	-21.25	
1	298.75	-20	
1	305	-16.25	
1	311.25	-12.5	
1	318.75	-8.75	
1	325	-5	
1	341.25	5	
1	345	6.25	
1	347.5	10	
1	347.5	10	
1	347.5	10	
1	347.5	10	
1	347.5	10	
1	347.5	10	
1	347.5	10	
1	347.5	10	
1	347.5	10	
1	347.5	10	
1	347.5	10	
1	347.5	10	
1	347.5	10	
1	347.5	10	
1	347.5	10	
1	347.5	10	
1	347.5	10	
2	0	0	
2	0	0	
2	0	0	
2	0	0	
2	0	0	
2	0	0	
2	0	0	
2	0	0	
2	0	0	
2	0	0	
2	0	0	
2	0	0	
2	0	0	
2	0	0	
2	0	0	
2	0	0	
2	0	0	
2	0	0	
2	0	0	
2	0	0	
2	0	0	
2	0	0	
2	0	0	
2	3.75	7.5	
2	5	6.25	
2	7.5	6.25	
2	8.75	7.5	
2	10	7.5	
2	11.25	7.5	
2	18.75	7.5	
2	27.5	7.5	
2	41.25	7.5	
2	50	7.5	
2	72.5	2.5	
2	86.25	0	
2	128.75	-7.5	
2	143.75	-7.5	
2	157.5	-8.75	
2	171.25	-7.5	
2	195	-7.5	
2	216.25	-8.75	
2	226.25	-8.75	
2	241.25	-11.25	
2	255	-11.25	
2	260	-11.25	
2	271.25	-11.25	
2	280	-15	
2	285	-15	
2	290	-15	
2	297.5	-15	
2	306.25	-11.25	
2	311.25	-7.5	
2	318.75	-3.75	
2	327.5	-3.75	
2	331.25	-1.25	
2	340	0	
2	347.5	3.75	
2	347.5	3.75	
2	347.5	3.75	
2	347.5	3.75	
2	347.5	3.75	
2	347.5	3.75	
2	347.5	3.75	
2	347.5	3.75	
2	347.5	3.75	
2	347.5	3.75	
2	347.5	3.75	
2	347.5	3.75	
2	347.5	3.75	
2	347.5	3.75	
2	347.5	3.75	
2	347.5	3.75	
2	347.5	3.75	
2	347.5	3.75	
3	0	0	
3	0	0	
3	0	0	
3	0	0	
3	0	0	
3	0	0	
3	0	0	
3	0	0	
3	0	0	
3	0	0	
3	0	0	
3	0	0	
3	0	0	
3	0	0	
3	0	0	
3	0	0	
3	0	0	
3	0	0	
3	0	1.25	
3	1.25	1.25	
3	8.75	7.5	
3	13.75	8.75	
3	20	11.25	
3	27.5	12.5	
3	36.25	15	
3	81.25	23.75	
3	95	27.5	
3	110	31.25	
3	141.25	35	
3	156.25	38.75	
3	186.25	42.5	
3	213.75	46.25	
3	227.5	46.25	
3	238.75	46.25	
3	251.25	48.75	
3	288.75	52.5	
3	295	52.5	
3	301.25	50	
3	306.25	50	
3	315	46.25	
3	322.5	41.25	
3	328.75	35	
3	331.25	31.25	
3	333.75	27.5	
3	336.25	26.25	
3	347.5	12.5	
3	347.5	12.5	
3	347.5	12.5	
3	347.5	12.5	
3	347.5	12.5	
3	347.5	12.5	
3	347.5	12.5	
3	347.5	12.5	
3	347.5	12.5	
3	347.5	12.5	
3	347.5	12.5	
3	347.5	12.5	
3	347.5	12.5	
3	347.5	12.5	
3	347.5	12.5	
3	347.5	12.5	
3	347.5	12.5	
3	347.5	12.5	
3	347.5	12.5	
3	347.5	12.5	
3	347.5	12.5	
3	347.5	12.5	
3	347.5	12.5	
3	347.5	12.5	
3	347.5	12.5	
3	347.5	12.5	
3	347.5	12.5	
3	347.5	12.5	
3	347.5	12.5	
4	0	0	
4	0	0	
4	0	0	
4	0	0	
4	0	0	
4	0	0	
4	0	0	
4	0	0	
4	0	0	
4	0	0	
4	0	0	
4	0	0	
4	0	0	
4	0	0	
4	0	0	
4	0	0	
4	0	0	
4	0	0	
4	0	0	
4	0	0	
4	0	0	
4	0	0	
4	0	0	
4	1.25	2.5	
4	5	2.5	
4	26.25	3.75	
4	35	3.75	
4	45	3.75	
4	60	6.25	
4	87.5	10	
4	132.5	15	
4	148.75	15	
4	162.5	17.5	
4	190	21.25	
4	205	22.5	
4	230	22.5	
4	251.25	25	
4	261.25	25	
4	278.75	25	
4	286.25	22.5	
4	308.75	21.25	
4	315	21.25	
4	321.25	18.75	
4	331.25	18.75	
4	336.25	18.75	
4	347.5	17.5	
4	347.5	17.5	
4	347.5	17.5	
4	347.5	17.5	
4	347.5	17.5	
4	347.5	17.5	
4	347.5	17.5	
4	347.5	17.5	
4	347.5	17.5	
4	347.5	17.5	
4	347.5	17.5	
4	347.5	17.5	
4	347.5	17.5	
4	347.5	17.5	
4	347.5	17.5	
4	347.5	17.5	
4	347.5	17.5	
4	347.5	17.5	
4	347.5	17.5	
4	347.5	17.5	
4	347.5	17.5	
4	347.5	17.5	
4	347.5	17.5	
4	347.5	17.5	
4	347.5	17.5	
4	347.5	17.5	
4	347.5	17.5	
4	347.5	17.5	
4	347.5	17.5	
5	0	0	
5	0	0	
5	0	0	
5	0	0	
5	0	0	
5	0	0	
5	0	0	
5	0	0	
5	0	0	
5	0	0	
5	0	0	
5	0	0	
5	0	0	
5	0	0	
5	0	0	
5	0	0	
5	0	0	
5	0	0	
5	0	0	
5	0	0	
5	0	0	
5	0	0	
5	0	0	
5	0	0	
5	1.25	1.25	
5	15	5	
5	22.5	5	
5	31.25	7.5	
5	53.75	8.75	
5	67.5	8.75	
5	108.75	8.75	
5	128.75	8.75	
5	167.5	12.5	
5	185	12.5	
5	201.25	12.5	
5	236.25	8.75	
5	251.25	8.75	
5	265	7.5	
5	288.75	3.75	
5	300	1.25	
5	317.5	-2.5	
5	333.75	-3.75	
5	346.25	-7.5	
5	346.25	-7.5	
5	346.25	-7.5	
5	346.25	-7.5	
5	346.25	-7.5	
5	346.25	-7.5	
5	346.25	-7.5	
5	346.25	-7.5	
5	346.25	-7.5	
5	346.25	-7.5	
5	346.25	-7.5	
5	346.25	-7.5	
5	346.25	-7.5	
5	346.25	-7.5	
5	346.25	-7.5	
5	346.25	-7.5	
5	346.25	-7.5	
5	346.25	-7.5	
5	346.25	-7.5	
5	346.25	-7.5	
5	346.25	-7.5	
5	346.25	-7.5	
5	346.25	-7.5	
5	346.25	-7.5	
5	346.25	-7.5	
5	346.25	-7.5	
5	346.25	-7.5	
5	346.25	-7.5	
5	346.25	-7.5	
5	346.25	-7.5	
5	346.25	-7.5	
5	346.25	-7.5	
6	0	0	
6	0	0	
6	0	0	
6	0	0	
6	0	0	
6	0	0	
6	0	0	
6	0	0	
6	0	0	
6	0	0	
6	0	0	
6	0	0	
6	0	0	
6	0	0	
6	0	0	
6	0	0	
6	0	0	
6	0	0	
6	0	0	
6	0	0	
6	0	0	
6	0	0	
6	2.5	0	
6	6.25	2.5	
6	20	2.5	
6	57.5	3.75	
6	71.25	3.75	
6	101.25	3.75	
6	117.5	6.25	
6	132.5	7.5	
6	183.75	17.5	
6	201.25	22.5	
6	218.75	26.25	
6	235	30	
6	263.75	37.5	
6	301.25	45	
6	311.25	47.5	
6	321.25	48.75	
6	337.5	48.75	
6	345	51.25	
6	345	51.25	
6	345	51.25	
6	345	51.25	
6	345	51.25	
6	345	51.25	
6	345	51.25	
6	345	51.25	
6	345	51.25	
6	345	51.25	
6	345	51.25	
6	345	51.25	
6	345	51.25	
6	345	51.25	
6	345	51.25	
6	345	51.25	
6	345	51.25	
6	345	51.25	
6	345	51.25	
6	345	51.25	
6	345	51.25	
6	345	51.25	
6	345	51.25	
6	345	51.25	
6	345	51.25	
6	345	51.25	
6	345	51.25	
6	345	51.25	
6	345	51.25	
6	345	51.25	
6	345	51.25	
6	345	51.25	
6	345	51.25	
6	345	51.25	
6	345	51.25	
7	0	0	
7	0	0	
7	0	0	
7	0	0	
7	0	0	
7	0	0	
7	0	0	
7	0	0	
7	0	0	
7	0	0	
7	0	0	
7	0	0	
7	0	0	
7	0	0	
7	0	0	
7	0	0	
7	0	0	
7	0	0	
7	0	0	
7	0	0	
7	5	0	
7	8.75	2.5	
7	13.75	3.75	
7	21.25	3.75	
7	40	3.75	
7	67.5	2.5	
7	101.25	0	
7	118.75	0	
7	156.25	2.5	
7	176.25	3.75	
7	231.25	10	
7	247.5	11.25	
7	262.5	13.75	
7	275	15	
7	298.75	17.5	
7	317.5	18.75	
7	330	21.25	
7	333.75	21.25	
7	340	21.25	
7	342.5	21.25	
7	347.5	18.75	
7	347.5	18.75	
7	348.75	18.75	
7	348.75	18.75	
7	348.75	18.75	
7	348.75	18.75	
7	348.75	18.75	
7	348.75	18.75	
7	348.75	18.75	
7	348.75	18.75	
7	348.75	18.75	
7	348.75	18.75	
7	348.75	18.75	
7	348.75	18.75	
7	348.75	18.75	
7	348.75	18.75	
7	348.75	18.75	
7	348.75	18.75	
7	348.75	18.75	
7	348.75	18.75	
7	348.75	18.75	
7	348.75	18.75	
7	348.75	18.75	
7	348.75	18.75	
7	348.75	18.75	
7	348.75	18.75	
7	348.75	18.75	
7	348.75	18.75	
7	348.75	18.75	
7	348.75	18.75	
7	348.75	18.75	
7	348.75	18.75	
7	348.75	18.75	
7	348.75	18.75	
8	0	0	
8	0	0	
8	0	0	
8	0	0	
8	0	0	
8	0	0	
8	0	0	
8	0	0	
8	0	0	
8	0	0	
8	0	0	
8	0	0	
8	0	0	
8	0	0	
8	0	0	
8	0	0	
8	0	0	
8	0	0	
8	0	0	
8	0	0	
8	0	0	
8	1.25	0	
8	2.5	0	
8	3.75	0	
8	11.25	0	
8	26.25	0	
8	45	2.5	
8	56.25	3.75	
8	70	3.75	
8	83.75	3.75	
8	128.75	7.5	
8	161.25	10	
8	161.25	10	
8	180	10	
8	212.5	7.5	
8	241.25	3.75	
8	253.75	3.75	
8	277.5	3.75	
8	288.75	3.75	
8	297.5	3.75	
8	318.75	3.75	
8	328.75	3.75	
8	332.5	3.75	
8	336.25	3.75	
8	341.25	3.75	
8	346.25	3.75	
8	348.75	3.75	
8	348.75	3.75	
8	348.75	3.75	
8	348.75	3.75	
8	348.75	3.75	
8	348.75	3.75	
8	348.75	3.75	
8	348.75	3.75	
8	348.75	3.75	
8	348.75	3.75	
8	348.75	3.75	
8	348.75	3.75	
8	348.75	3.75	
8	348.75	3.75	
8	348.75	3.75	
8	348.75	3.75	
8	348.75	3.75	
8	348.75	3.75	
8	348.75	3.75	
8	348.75	3.75	
8	348.75	3.75	
8	348.75	3.75	
8	348.75	3.75	
8	348.75	3.75	
8	348.75	3.75	
8	348.75	3.75	
8	348.75	3.75	
8	348.75	3.75	
9	0	0	
9	0	0	
9	0	0	
9	0	0	
9	0	0	
9	0	0	
9	0	0	
9	0	0	
9	0	0	
9	0	0	
9	0	0	
9	0	0	
9	0	0	
9	0	0	
9	0	0	
9	0	0	
9	0	0	
9	0	0	
9	0	0	
9	1.25	0	
9	5	0	
9	12.5	0	
9	20	-2.5	
9	28.75	-2.5	
9	40	-2.5	
9	102.5	-6.25	
9	121.25	-3.75	
9	138.75	-2.5	
9	157.5	-2.5	
9	193.75	-3.75	
9	226.25	-7.5	
9	252.5	-13.75	
9	265	-17.5	
9	276.25	-18.75	
9	286.25	-21.25	
9	313.75	-26.25	
9	318.75	-28.75	
9	322.5	-28.75	
9	325	-28.75	
9	331.25	-26.25	
9	338.75	-25	
9	342.5	-25	
9	348.75	-22.5	
9	348.75	-22.5	
9	348.75	-22.5	
9	348.75	-22.5	
9	348.75	-22.5	
9	348.75	-22.5	
9	348.75	-22.5	
9	348.75	-22.5	
9	348.75	-22.5	
9	348.75	-22.5	
9	348.75	-22.5	
9	348.75	-22.5	
9	348.75	-22.5	
9	348.75	-22.5	
9	348.75	-22.5	
9	348.75	-22.5	
9	348.75	-22.5	
9	348.75	-22.5	
9	348.75	-22.5	
9	348.75	-22.5	
9	348.75	-22.5	
9	348.75	-22.5	
9	348.75	-22.5	
9	348.75	-22.5	
9	348.75	-22.5	
9	348.75	-22.5	
9	348.75	-22.5	
9	348.75	-22.5	
9	348.75	-22.5	
9	348.75	-22.5	
9	348.75	-22.5	
9	348.75	-22.5	
10	0	0	
10	0	0	
10	0	0	
10	0	0	
10	0	0	
10	0	0	
10	0	0	
10	0	0	
10	0	0	
10	0	0	
10	0	0	
10	0	0	
10	0	0	
10	0	0	
10	0	0	
10	0	0	
10	0	0	
10	0	0	
10	0	0	
10	1.25	0	
10	7.5	2.5	
10	13.75	2.5	
10	20	3.75	
10	38.75	3.75	
10	65	7.5	
10	78.75	10	
10	111.25	15	
10	145	18.75	
10	161.25	22.5	
10	191.25	25	
10	218.75	26.25	
10	231.25	28.75	
10	242.5	30	
10	262.5	30	
10	277.5	30	
10	283.75	28.75	
10	293.75	26.25	
10	301.25	22.5	
10	303.75	21.25	
10	307.5	18.75	
10	311.25	17.5	
10	312.5	15	
10	315	15	
10	316.25	13.75	
10	321.25	11.25	
10	322.5	10	
10	325	7.5	
10	327.5	7.5	
10	330	6.25	
10	332.5	3.75	
10	333.75	3.75	
10	335	3.75	
10	335	3.75	
10	335	2.5	
10	335	2.5	
10	335	2.5	
10	335	2.5	
10	335	2.5	
10	335	2.5	
10	335	2.5	
10	335	2.5	
10	335	2.5	
10	335	2.5	
10	335	2.5	
10	335	2.5	
10	335	2.5	
10	335	2.5	
10	335	2.5	
10	335	2.5	
10	335	2.5	
10	335	2.5	
10	335	2.5	
10	335	2.5	
10	335	2.5	
11	0	0	
11	0	0	
11	0	0	
11	0	0	
11	0	0	
11	0	0	
11	0	0	
11	0	0	
11	0	0	
11	0	0	
11	0	0	
11	0	0	
11	0	0	
11	0	0	
11	0	0	
11	0	0	
11	0	0	
11	0	0	
11	0	0	
11	0	0	
11	0	0	
11	0	0	
11	1.25	0	
11	10	0	
11	16.25	0	
11	32.5	0	
11	55	3.75	
11	67.5	3.75	
11	80	6.25	
11	95	7.5	
11	163.75	15	
11	181.25	17.5	
11	198.75	18.75	
11	213.75	21.25	
11	228.75	22.5	
11	263.75	26.25	
11	271.25	26.25	
11	286.25	26.25	
11	292.5	25	
11	297.5	22.5	
11	310	17.5	
11	316.25	11.25	
11	320	11.25	
11	323.75	10	
11	327.5	7.5	
11	333.75	6.25	
11	337.5	3.75	
11	342.5	3.75	
11	345	3.75	
11	346.25	3.75	
11	348.75	3.75	
11	348.75	3.75	
11	348.75	3.75	
11	348.75	3.75	
11	348.75	3.75	
11	348.75	3.75	
11	348.75	3.75	
11	348.75	3.75	
11	348.75	3.75	
11	348.75	3.75	
11	348.75	3.75	
11	348.75	3.75	
11	348.75	3.75	
11	348.75	3.75	
11	348.75	3.75	
11	348.75	3.75	
11	348.75	3.75	
11	348.75	3.75	
11	348.75	3.75	
11	348.75	3.75	
11	348.75	3.75	
11	348.75	3.75	
11	348.75	3.75	
11	348.75	3.75	
12	0	0	
12	0	0	
12	0	0	
12	0	0	
12	0	0	
12	0	0	
12	0	0	
12	0	0	
12	0	0	
12	0	0	
12	0	0	
12	0	0	
12	0	0	
12	0	0	
12	0	0	
12	0	0	
12	0	0	
12	0	0	
12	0	0	
12	0	0	
12	0	0	
12	1.25	0	
12	5	-1.25	
12	16.25	-5	
12	25	-5	
12	56.25	-7.5	
12	68.75	-5	
12	98.75	0	
12	115	2.5	
12	133.75	6.25	
12	191.25	11.25	
12	208.75	15	
12	225	15	
12	255	18.75	
12	268.75	18.75	
12	300	18.75	
12	307.5	18.75	
12	318.75	18.75	
12	321.25	18.75	
12	323.75	17.5	
12	327.5	15	
12	328.75	15	
12	328.75	15	
12	330	15	
12	330	15	
12	330	15	
12	330	13.75	
12	331.25	13.75	
12	331.25	13.75	
12	331.25	11.25	
12	331.25	11.25	
12	331.25	11.25	
12	331.25	11.25	
12	331.25	11.25	
12	331.25	11.25	
12	331.25	11.25	
12	331.25	11.25	
12	331.25	11.25	
12	331.25	11.25	
12	331.25	11.25	
12	331.25	11.25	
12	331.25	11.25	
12	331.25	11.25	
12	331.25	11.25	
12	331.25	11.25	
12	331.25	11.25	
12	331.25	11.25	
12	331.25	11.25	
12	331.25	11.25	
12	331.25	11.25	
12	331.25	11.25	
12	331.25	11.25	
12	331.25	11.25	
12	331.25	11.25	
13	0	0	
13	0	0	
13	0	0	
13	0	0	
13	0	0	
13	0	0	
13	0	0	
13	0	0	
13	0	0	
13	0	0	
13	0	0	
13	0	0	
13	0	0	
13	0	0	
13	0	0	
13	0	0	
13	0	0	
13	0	0	
13	3.75	0	
13	15	-1.25	
13	35	-3.75	
13	47.5	-7.5	
13	61.25	-7.5	
13	81.25	-7.5	
13	100	-8.75	
13	153.75	-11.25	
13	185	-11.25	
13	200	-11.25	
13	213.75	-11.25	
13	238.75	-8.75	
13	261.25	-11.25	
13	280	-11.25	
13	288.75	-15	
13	295	-15	
13	300	-16.25	
13	310	-18.75	
13	313.75	-20	
13	313.75	-20	
13	316.25	-22.5	
13	317.5	-22.5	
13	318.75	-22.5	
13	320	-22.5	
13	320	-22.5	
13	321.25	-22.5	
13	322.5	-22.5	
13	322.5	-22.5	
13	322.5	-22.5	
13	322.5	-22.5	
13	323.75	-22.5	
13	323.75	-22.5	
13	323.75	-20	
13	323.75	-20	
13	325	-18.75	
13	325	-18.75	
13	325	-16.25	
13	326.25	-12.5	
13	327.5	-11.25	
13	327.5	-11.25	
13	327.5	-11.25	
13	327.5	-8.75	
13	327.5	-8.75	
13	327.5	-7.5	
13	327.5	-7.5	
13	327.5	-7.5	
13	327.5	-7.5	
13	327.5	-7.5	
13	327.5	-7.5	
13	327.5	-7.5	
13	327.5	-7.5	
13	327.5	-7.5	
13	327.5	-7.5	
13	327.5	-7.5	
13	327.5	-7.5	
13	327.5	-7.5	
14	0	0	
14	0	0	
14	0	0	
14	0	0	
14	0	0	
14	0	0	
14	0	0	
14	0	0	
14	0	0	
14	0	0	
14	0	0	
14	0	0	
14	0	0	
14	0	0	
14	0	0	
14	0	0	
14	0	0	
14	0	0	
14	0	0	
14	0	0	
14	0	0	
14	0	0	
14	0	0	
14	1.25	-2.5	
14	5	-2.5	
14	30	-2.5	
14	41.25	-2.5	
14	55	-2.5	
14	70	1.25	
14	105	7.5	
14	160	16.25	
14	177.5	16.25	
14	195	16.25	
14	223.75	15	
14	235	12.5	
14	265	1.25	
14	272.5	-2.5	
14	278.75	-3.75	
14	282.5	-6.25	
14	290	-10	
14	295	-13.75	
14	296.25	-13.75	
14	296.25	-13.75	
14	296.25	-13.75	
14	296.25	-13.75	
14	296.25	-13.75	
14	296.25	-13.75	
14	296.25	-13.75	
14	296.25	-13.75	
14	296.25	-13.75	
14	296.25	-13.75	
14	296.25	-13.75	
14	296.25	-13.75	
14	297.5	-13.75	
14	297.5	-13.75	
14	297.5	-13.75	
14	297.5	-13.75	
14	297.5	-13.75	
14	297.5	-13.75	
14	298.75	-11.25	
14	301.25	-7.5	
14	301.25	-6.25	
14	302.5	-6.25	
14	303.75	-3.75	
14	303.75	-2.5	
14	307.5	0	
14	310	1.25	
14	312.5	3.75	
14	313.75	5	
14	318.75	8.75	
14	325	12.5	
14	326.25	16.25	
14	327.5	16.25	
14	331.25	20	
15	0	0	
15	0	0	
15	0	0	
15	0	0	
15	0	0	
15	0	0	
15	0	0	
15	0	0	
15	0	0	
15	0	0	
15	0	0	
15	0	0	
15	0	0	
15	0	0	
15	0	0	
15	0	0	
15	0	0	
15	0	0	
15	0	0	
15	0	0	
15	2.5	1.25	
15	10	1.25	
15	16.25	1.25	
15	32.5	1.25	
15	45	3.75	
15	76.25	5	
15	96.25	5	
15	137.5	8.75	
15	157.5	12.5	
15	177.5	15	
15	230	23.75	
15	243.75	27.5	
15	258.75	31.25	
15	283.75	37.5	
15	305	41.25	
15	321.25	41.25	
15	327.5	41.25	
15	336.25	38.75	
15	340	38.75	
15	343.75	35	
15	343.75	35	
15	343.75	35	
15	343.75	35	
15	343.75	35	
15	343.75	35	
15	343.75	35	
15	343.75	35	
15	343.75	35	
15	343.75	35	
15	343.75	35	
15	343.75	35	
15	343.75	35	
15	343.75	35	
15	343.75	35	
15	343.75	35	
15	343.75	35	
15	343.75	35	
15	343.75	35	
15	343.75	35	
15	343.75	35	
15	343.75	35	
15	343.75	35	
15	343.75	35	
15	343.75	35	
15	343.75	35	
15	343.75	35	
15	343.75	35	
15	343.75	35	
15	343.75	35	
15	343.75	35	
15	343.75	35	
15	343.75	35	
15	343.75	35	
15	343.75	35	
16	0	0	
16	1.25	0	
16	2.5	0	
16	2.5	0	
16	2.5	0	
16	2.5	0	
16	2.5	0	
16	2.5	0	
16	2.5	0	
16	2.5	0	
16	2.5	0	
16	2.5	0	
16	2.5	0	
16	2.5	0	
16	2.5	0	
16	2.5	0	
16	2.5	0	
16	2.5	0	
16	2.5	0	
16	2.5	0	
16	2.5	0	
16	3.75	-1.25	
16	11.25	0	
16	18.75	0	
16	26.25	2.5	
16	57.5	3.75	
16	83.75	3.75	
16	97.5	2.5	
16	97.5	2.5	
16	135	3.75	
16	170	3.75	
16	185	6.25	
16	213.75	10	
16	227.5	11.25	
16	240	15	
16	275	15	
16	295	15	
16	302.5	15	
16	310	11.25	
16	322.5	3.75	
16	331.25	-3.75	
16	336.25	-5	
16	345	-11.25	
16	348.75	-12.5	
16	348.75	-12.5	
16	348.75	-12.5	
16	348.75	-12.5	
16	348.75	-12.5	
16	348.75	-12.5	
16	348.75	-12.5	
16	348.75	-12.5	
16	348.75	-12.5	
16	348.75	-12.5	
16	348.75	-12.5	
16	348.75	-12.5	
16	348.75	-12.5	
16	348.75	-12.5	
16	348.75	-12.5	
16	348.75	-12.5	
16	348.75	-12.5	
16	348.75	-12.5	
16	348.75	-12.5	
16	348.75	-12.5	
16	348.75	-12.5	
16	348.75	-12.5	
16	348.75	-12.5	
16	348.75	-12.5	
16	348.75	-12.5	
16	348.75	-12.5	
16	348.75	-12.5	
16	348.75	-12.5	
16	348.75	-12.5	
16	348.75	-12.5	
16	348.75	-12.5	
17	0	0	
17	0	0	
17	0	0	
17	0	0	
17	0	0	
17	0	0	
17	0	0	
17	0	0	
17	0	0	
17	0	0	
17	0	0	
17	0	0	
17	0	0	
17	0	0	
17	0	0	
17	0	0	
17	0	0	
17	0	0	
17	0	0	
17	0	0	
17	0	0	
17	0	0	
17	2.5	0	
17	5	0	
17	8.75	0	
17	37.5	-5	
17	51.25	-5	
17	86.25	0	
17	106.25	0	
17	145	3.75	
17	180	6.25	
17	215	7.5	
17	230	7.5	
17	230	7.5	
17	248.75	7.5	
17	290	6.25	
17	300	6.25	
17	315	3.75	
17	322.5	3.75	
17	332.5	0	
17	341.25	0	
17	348.75	-1.25	
17	348.75	-1.25	
17	348.75	-1.25	
17	348.75	-1.25	
17	348.75	-1.25	
17	348.75	-1.25	
17	348.75	-1.25	
17	348.75	-1.25	
17	348.75	-1.25	
17	348.75	-1.25	
17	348.75	-1.25	
17	348.75	-1.25	
17	348.75	-1.25	
17	348.75	-1.25	
17	348.75	-1.25	
17	348.75	-1.25	
17	348.75	-1.25	
17	348.75	-1.25	
17	348.75	-1.25	
17	348.75	-1.25	
17	348.75	-1.25	
17	348.75	-1.25	
17	348.75	-1.25	
17	348.75	-1.25	
17	348.75	-1.25	
17	348.75	-1.25	
17	348.75	-1.25	
17	348.75	-1.25	
17	348.75	-1.25	
17	348.75	-1.25	
17	348.75	-1.25	
17	348.75	-1.25	
17	348.75	-1.25	
18	0	0	
18	0	0	
18	0	0	
18	0	0	
18	0	0	
18	0	0	
18	0	0	
18	0	0	
18	0	0	
18	0	0	
18	0	0	
18	0	0	
18	0	0	
18	0	0	
18	0	0	
18	0	0	
18	0	0	
18	0	0	
18	0	0	
18	0	0	
18	0	0	
18	0	0	
18	0	0	
18	0	0	
18	0	0	
18	0	0	
18	0	0	
18	0	0	
18	0	0	
18	0	0	
18	0	0	
18	0	0	
18	0	0	
18	0	0	
18	0	0	
18	0	0	
18	1.25	0	
18	6.25	0	
18	11.25	0	
18	18.75	0	
18	53.75	3.75	
18	90	5	
18	112.5	5	
18	135	7.5	
18	160	8.75	
18	230	12.5	
18	251.25	12.5	
18	270	15	
18	287.5	16.25	
18	303.75	16.25	
18	342.5	15	
18	342.5	15	
18	342.5	15	
18	342.5	15	
18	342.5	15	
18	342.5	15	
18	342.5	15	
18	342.5	15	
18	342.5	15	
18	342.5	15	
18	342.5	15	
18	342.5	15	
18	342.5	15	
18	342.5	15	
18	342.5	15	
18	342.5	15	
18	342.5	15	
18	342.5	15	
18	342.5	15	
18	342.5	15	
18	342.5	15	
18	342.5	15	
18	342.5	15	
18	342.5	15	
19	0	0	
19	0	0	
19	0	0	
19	0	0	
19	0	0	
19	0	0	
19	0	0	
19	0	0	
19	0	0	
19	0	0	
19	0	0	
19	0	0	
19	0	0	
19	0	0	
19	0	0	
19	0	0	
19	0	0	
19	0	0	
19	0	0	
19	6.25	0	
19	20	0	
19	43.75	0	
19	57.5	0	
19	72.5	0	
19	88.75	-5	
19	165	-12.5	
19	183.75	-12.5	
19	202.5	-12.5	
19	220	-10	
19	253.75	-8.75	
19	282.5	-6.25	
19	308.75	-5	
19	320	-5	
19	328.75	-5	
19	336.25	-5	
19	346.25	-5	
19	346.25	-5	
19	346.25	-5	
19	346.25	-5	
19	346.25	-5	
19	346.25	-5	
19	346.25	-5	
19	346.25	-5	
19	346.25	-5	
19	346.25	-5	
19	346.25	-5	
19	346.25	-5	
19	346.25	-5	
19	346.25	-5	
19	346.25	-5	
19	346.25	-5	
19	346.25	-5	
19	346.25	-5	
19	346.25	-5	
19	346.25	-5	
19	346.25	-5	
19	346.25	-5	
19	346.25	-5	
19	346.25	-5	
19	346.25	-5	
19	346.25	-5	
19	346.25	-5	
19	346.25	-5	
19	346.25	-5	
19	346.25	-5	
19	346.25	-5	
19	346.25	-5	
19	346.25	-5	
19	346.25	-5	
19	346.25	-5	
19	346.25	-5	
19	346.25	-5	
19	346.25	-5	
19	346.25	-5	
20	0	0	
20	0	0	
20	0	0	
20	0	0	
20	0	0	
20	0	0	
20	0	0	
20	0	0	
20	0	0	
20	0	0	
20	0	0	
20	0	0	
20	0	0	
20	0	0	
20	0	0	
20	0	0	
20	1.25	0	
20	2.5	0	
20	5	2.5	
20	8.75	2.5	
20	20	3.75	
20	42.5	3.75	
20	55	3.75	
20	71.25	6.25	
20	108.75	11.25	
20	148.75	15	
20	168.75	20	
20	208.75	23.75	
20	243.75	27.5	
20	260	31.25	
20	287.5	33.75	
20	313.75	35	
20	325	37.5	
20	335	37.5	
20	335	37.5	
20	335	37.5	
20	335	37.5	
20	335	37.5	
20	335	37.5	
20	335	37.5	
20	335	37.5	
20	335	37.5	
20	335	37.5	
20	335	37.5	
20	335	37.5	
20	335	37.5	
20	335	37.5	
20	335	37.5	
20	335	37.5	
20	335	37.5	
20	335	37.5	
20	335	37.5	
20	335	37.5	
20	335	37.5	
20	335	37.5	
20	335	37.5	
20	335	37.5	
20	335	37.5	
20	335	37.5	
20	335	37.5	
20	335	37.5	
20	335	37.5	
20	335	37.5	
20	335	37.5	
20	335	37.5	
20	335	37.5	
20	335	37.5	
20	335	37.5	
20	335	37.5	
20	335	37.5	
20	335	37.5	
20	335	37.5	
20	335	37.5	
20	335	37.5	
21	0	0	
21	0	0	
21	0	0	
21	0	0	
21	0	0	
21	0	0	
21	0	0	
21	0	0	
21	0	0	
21	0	0	
21	0	0	
21	0	0	
21	0	0	
21	0	0	
21	0	0	
21	0	0	
21	0	0	
21	0	0	
21	0	0	
21	0	0	
21	1.25	2.5	
21	7.5	2.5	
21	15	3.75	
21	35	3.75	
21	46.25	2.5	
21	75	0	
21	111.25	0	
21	130	0	
21	150	0	
21	168.75	0	
21	218.75	3.75	
21	246.25	6.25	
21	258.75	7.5	
21	270	6.25	
21	292.5	3.75	
21	310	-1.25	
21	323.75	-7.5	
21	327.5	-7.5	
21	331.25	-12.5	
21	335	-12.5	
21	341.25	-16.25	
21	345	-16.25	
21	346.25	-16.25	
21	347.5	-16.25	
21	347.5	-16.25	
21	347.5	-16.25	
21	347.5	-16.25	
21	347.5	-16.25	
21	347.5	-16.25	
21	347.5	-16.25	
21	347.5	-16.25	
21	347.5	-16.25	
21	347.5	-16.25	
21	347.5	-16.25	
21	347.5	-16.25	
21	347.5	-16.25	
21	347.5	-16.25	
21	347.5	-16.25	
21	347.5	-16.25	
21	347.5	-16.25	
21	347.5	-16.25	
21	347.5	-16.25	
21	347.5	-16.25	
21	347.5	-16.25	
21	347.5	-16.25	
21	347.5	-16.25	
21	347.5	-16.25	
21	347.5	-16.25	
21	347.5	-16.25	
21	347.5	-16.25	
21	347.5	-16.25	
21	347.5	-16.25	
21	347.5	-16.25	
21	347.5	-16.25	
22	0	0	
22	0	0	
22	0	0	
22	0	0	
22	0	0	
22	0	0	
22	0	0	
22	0	0	
22	0	0	
22	0	0	
22	0	0	
22	0	0	
22	0	0	
22	0	0	
22	0	0	
22	0	0	
22	0	0	
22	0	0	
22	0	0	
22	1.25	0	
22	11.25	-1.25	
22	18.75	-1.25	
22	28.75	-1.25	
22	41.25	-1.25	
22	55	0	
22	115	0	
22	135	0	
22	153.75	0	
22	187.5	-1.25	
22	203.75	-3.75	
22	231.25	-3.75	
22	255	-7.5	
22	266.25	-8.75	
22	276.25	-11.25	
22	295	-15	
22	312.5	-16.25	
22	316.25	-16.25	
22	318.75	-18.75	
22	323.75	-16.25	
22	326.25	-16.25	
22	331.25	-15	
22	335	-12.5	
22	336.25	-11.25	
22	337.5	-8.75	
22	337.5	-8.75	
22	340	-7.5	
22	341.25	-7.5	
22	342.5	-7.5	
22	343.75	-7.5	
22	343.75	-7.5	
22	343.75	-7.5	
22	343.75	-7.5	
22	343.75	-7.5	
22	343.75	-7.5	
22	343.75	-7.5	
22	343.75	-7.5	
22	343.75	-7.5	
22	343.75	-7.5	
22	343.75	-7.5	
22	343.75	-7.5	
22	343.75	-7.5	
22	343.75	-7.5	
22	343.75	-7.5	
22	343.75	-7.5	
22	343.75	-7.5	
22	343.75	-7.5	
22	343.75	-7.5	
22	343.75	-7.5	
22	343.75	-7.5	
22	343.75	-7.5	
22	343.75	-7.5	
22	343.75	-7.5	
22	343.75	-7.5	
22	343.75	-7.5	
23	0	0	
23	0	0	
23	0	0	
23	0	0	
23	1.25	0	
23	1.25	0	
23	1.25	0	
23	1.25	0	
23	1.25	0	
23	1.25	0	
23	1.25	0	
23	1.25	0	
23	2.5	0	
23	2.5	0	
23	2.5	0	
23	2.5	0	
23	2.5	0	
23	2.5	0	
23	2.5	0	
23	2.5	0	
23	2.5	0	
23	2.5	0	
23	2.5	0	
23	2.5	0	
23	2.5	0	
23	3.75	0	
23	3.75	0	
23	3.75	0	
23	5	0	
23	5	0	
23	10	0	
23	13.75	2.5	
23	17.5	2.5	
23	30	3.75	
23	37.5	3.75	
23	58.75	0	
23	85	-3.75	
23	112.5	-7.5	
23	127.5	-8.75	
23	142.5	-8.75	
23	182.5	-11.25	
23	195	-11.25	
23	207.5	-11.25	
23	218.75	-11.25	
23	240	-11.25	
23	258.75	-11.25	
23	273.75	-12.5	
23	280	-15	
23	293.75	-18.75	
23	300	-20	
23	317.5	-22.5	
23	322.5	-22.5	
23	327.5	-20	
23	330	-18.75	
23	336.25	-16.25	
23	342.5	-12.5	
23	347.5	-8.75	
23	348.75	-7.5	
23	348.75	-7.5	
23	348.75	-7.5	
23	348.75	-7.5	
23	348.75	-7.5	
23	348.75	-7.5	
23	348.75	-7.5	
23	348.75	-7.5	
23	348.75	-7.5	
23	348.75	-7.5	
23	348.75	-7.5	
23	348.75	-7.5	
23	348.75	-7.5	
23	348.75	-7.5	
23	348.75	-7.5	
23	348.75	-7.5	
23	348.75	-7.5	
24	0	0	
24	0	0	
24	0	0	
24	0	0	
24	0	0	
24	0	0	
24	0	0	
24	0	0	
24	0	0	
24	0	0	
24	0	0	
24	0	0	
24	0	0	
24	0	0	
24	0	0	
24	0	0	
24	0	0	
24	0	0	
24	1.25	0	
24	11.25	-3.75	
24	42.5	-7.5	
24	55	-8.75	
24	68.75	-11.25	
24	101.25	-11.25	
24	118.75	-11.25	
24	172.5	-7.5	
24	188.75	-7.5	
24	205	-8.75	
24	220	-8.75	
24	246.25	-11.25	
24	278.75	-16.25	
24	285	-18.75	
24	291.25	-18.75	
24	298.75	-20	
24	301.25	-22.5	
24	305	-22.5	
24	306.25	-22.5	
24	306.25	-22.5	
24	306.25	-22.5	
24	306.25	-22.5	
24	307.5	-22.5	
24	307.5	-22.5	
24	307.5	-22.5	
24	308.75	-22.5	
24	308.75	-22.5	
24	312.5	-20	
24	313.75	-18.75	
24	315	-18.75	
24	316.25	-16.25	
24	318.75	-15	
24	321.25	-11.25	
24	322.5	-11.25	
24	323.75	-8.75	
24	325	-7.5	
24	325	-7.5	
24	325	-7.5	
24	325	-7.5	
24	326.25	-5	
24	326.25	-5	
24	326.25	-5	
24	326.25	-5	
24	326.25	-5	
24	326.25	-5	
24	326.25	-5	
24	326.25	-5	
24	326.25	-3.75	
24	326.25	-3.75	
24	326.25	-3.75	
24	327.5	-3.75	
24	327.5	-3.75	
24	327.5	-3.75	
24	327.5	-3.75	
24	327.5	-3.75	
24	327.5	-3.75	
25	0	0	
25	0	0	
25	0	0	
25	0	0	
25	0	0	
25	0	0	
25	0	0	
25	0	0	
25	0	0	
25	0	0	
25	0	0	
25	0	0	
25	0	0	
25	0	0	
25	0	0	
25	0	0	
25	0	0	
25	0	0	
25	0	0	
25	0	0	
25	0	0	
25	0	0	
25	0	0	
25	0	0	
25	0	0	
25	0	0	
25	0	0	
25	2.5	0	
25	7.5	0	
25	12.5	-1.25	
25	28.75	-3.75	
25	40	-3.75	
25	66.25	-7.5	
25	96.25	-7.5	
25	112.5	-7.5	
25	150	-5	
25	167.5	-3.75	
25	183.75	-1.25	
25	212.5	0	
25	223.75	3.75	
25	255	6.25	
25	265	6.25	
25	273.75	6.25	
25	288.75	3.75	
25	293.75	2.5	
25	307.5	-3.75	
25	311.25	-3.75	
25	313.75	-3.75	
25	320	-5	
25	322.5	-5	
25	326.25	-3.75	
25	328.75	-3.75	
25	333.75	-1.25	
25	336.25	0	
25	338.75	0	
25	346.25	2.5	
25	348.75	3.75	
25	348.75	3.75	
25	348.75	3.75	
25	348.75	3.75	
25	348.75	3.75	
25	348.75	3.75	
25	348.75	3.75	
25	348.75	3.75	
25	348.75	3.75	
25	348.75	3.75	
25	348.75	3.75	
25	348.75	3.75	
25	348.75	3.75	
25	348.75	3.75	
25	348.75	3.75	
25	348.75	3.75	
25	348.75	3.75	
25	348.75	3.75	
26	0	0	
26	0	0	
26	0	0	
26	0	0	
26	0	0	
26	0	0	
26	0	0	
26	0	0	
26	0	0	
26	0	0	
26	0	0	
26	0	0	
26	0	0	
26	0	0	
26	0	0	
26	0	0	
26	0	0	
26	1.25	0	
26	8.75	0	
26	16.25	0	
26	42.5	-1.25	
26	55	-3.75	
26	70	-3.75	
26	86.25	-5	
26	120	-7.5	
26	156.25	-5	
26	196.25	-1.25	
26	215	0	
26	231.25	3.75	
26	261.25	6.25	
26	285	6.25	
26	296.25	7.5	
26	311.25	7.5	
26	317.5	7.5	
26	321.25	7.5	
26	327.5	3.75	
26	331.25	0	
26	332.5	0	
26	332.5	0	
26	333.75	0	
26	333.75	0	
26	333.75	0	
26	333.75	0	
26	333.75	0	
26	333.75	0	
26	333.75	0	
26	333.75	0	
26	333.75	0	
26	333.75	0	
26	333.75	-1.25	
26	333.75	-1.25	
26	333.75	-1.25	
26	333.75	-1.25	
26	333.75	-1.25	
26	333.75	-1.25	
26	333.75	-1.25	
26	333.75	-1.25	
26	333.75	-1.25	
26	333.75	-1.25	
26	333.75	-1.25	
26	333.75	-1.25	
26	333.75	-1.25	
26	335	-1.25	
26	335	-1.25	
26	335	-1.25	
26	335	-1.25	
26	335	-3.75	
26	335	-3.75	
26	335	-3.75	
26	335	-3.75	
26	335	-3.75	
26	335	-3.75	
26	335	-3.75	
26	335	-3.75	
27	0	0	
27	0	0	
27	0	0	
27	0	0	
27	0	0	
27	0	0	
27	0	0	
27	0	0	
27	0	0	
27	0	0	
27	0	2.5	
27	0	2.5	
27	0	2.5	
27	0	2.5	
27	0	2.5	
27	0	2.5	
27	0	2.5	
27	0	2.5	
27	0	2.5	
27	1.25	2.5	
27	15	3.75	
27	22.5	3.75	
27	45	3.75	
27	57.5	6.25	
27	72.5	7.5	
27	130	15	
27	151.25	18.75	
27	172.5	18.75	
27	212.5	21.25	
27	230	21.25	
27	271.25	21.25	
27	280	21.25	
27	295	21.25	
27	300	18.75	
27	303.75	18.75	
27	312.5	18.75	
27	313.75	18.75	
27	315	18.75	
27	315	18.75	
27	315	18.75	
27	316.25	18.75	
27	316.25	17.5	
27	318.75	15	
27	320	13.75	
27	321.25	11.25	
27	325	7.5	
27	325	7.5	
27	326.25	6.25	
27	327.5	6.25	
27	327.5	6.25	
27	327.5	6.25	
27	327.5	6.25	
27	327.5	6.25	
27	327.5	6.25	
27	328.75	3.75	
27	328.75	3.75	
27	328.75	3.75	
27	328.75	3.75	
27	328.75	3.75	
27	328.75	3.75	
27	330	3.75	
27	330	3.75	
27	330	3.75	
27	330	3.75	
27	330	3.75	
27	330	3.75	
27	330	3.75	
27	330	3.75	
27	330	3.75	
27	330	3.75	
27	330	3.75	
27	330	3.75	
27	330	3.75	
27	330	3.75	
28	0	0	
28	0	0	
28	0	0	
28	0	0	
28	0	0	
28	0	0	
28	0	0	
28	0	0	
28	0	0	
28	0	0	
28	0	0	
28	0	0	
28	0	0	
28	0	0	
28	0	2.5	
28	2.5	3.75	
28	5	3.75	
28	6.25	3.75	
28	8.75	6.25	
28	10	6.25	
28	13.75	7.5	
28	15	7.5	
28	16.25	7.5	
28	20	10	
28	22.5	11.25	
28	35	15	
28	41.25	15	
28	50	15	
28	58.75	17.5	
28	70	18.75	
28	105	25	
28	117.5	25	
28	130	26.25	
28	153.75	26.25	
28	166.25	25	
28	203.75	15	
28	215	11.25	
28	227.5	6.25	
28	251.25	-3.75	
28	261.25	-7.5	
28	273.75	-15	
28	293.75	-23.75	
28	303.75	-27.5	
28	322.5	-33.75	
28	330	-35	
28	347.5	-41.25	
28	347.5	-41.25	
28	347.5	-41.25	
28	347.5	-41.25	
28	347.5	-41.25	
28	347.5	-41.25	
28	347.5	-41.25	
28	347.5	-41.25	
28	347.5	-41.25	
28	347.5	-41.25	
28	347.5	-41.25	
28	347.5	-41.25	
28	347.5	-41.25	
28	347.5	-41.25	
28	347.5	-41.25	
28	347.5	-41.25	
28	347.5	-41.25	
28	347.5	-41.25	
28	347.5	-41.25	
28	347.5	-41.25	
28	347.5	-41.25	
28	347.5	-41.25	
28	347.5	-41.25	
28	347.5	-41.25	
28	347.5	-41.25	
28	347.5	-41.25	
28	347.5	-41.25	
28	347.5	-41.25	
28	347.5	-41.25	
29	0	0	
29	0	0	
29	0	0	
29	0	0	
29	0	0	
29	0	0	
29	0	0	
29	0	0	
29	0	0	
29	0	0	
29	0	0	
29	0	0	
29	0	0	
29	0	0	
29	0	0	
29	0	0	
29	1.25	1.25	
29	3.75	1.25	
29	8.75	1.25	
29	15	3.75	
29	43.75	1.25	
29	56.25	1.25	
29	71.25	0	
29	105	-2.5	
29	122.5	-3.75	
29	176.25	-2.5	
29	192.5	0	
29	222.5	5	
29	236.25	8.75	
29	248.75	10	
29	276.25	17.5	
29	282.5	20	
29	286.25	21.25	
29	292.5	21.25	
29	293.75	21.25	
29	297.5	23.75	
29	297.5	21.25	
29	298.75	21.25	
29	300	20	
29	300	17.5	
29	302.5	17.5	
29	303.75	16.25	
29	303.75	16.25	
29	306.25	13.75	
29	307.5	13.75	
29	313.75	13.75	
29	315	13.75	
29	316.25	12.5	
29	316.25	12.5	
29	317.5	12.5	
29	320	10	
29	321.25	10	
29	322.5	8.75	
29	326.25	5	
29	327.5	5	
29	331.25	3.75	
29	332.5	3.75	
29	336.25	3.75	
29	337.5	3.75	
29	337.5	3.75	
29	338.75	3.75	
29	338.75	3.75	
29	338.75	3.75	
29	338.75	3.75	
29	338.75	3.75	
29	338.75	3.75	
29	338.75	3.75	
29	338.75	3.75	
29	338.75	3.75	
29	338.75	3.75	
29	338.75	3.75	
29	338.75	3.75	
29	338.75	3.75	
29	338.75	3.75	
30	0	0	
30	0	0	
30	0	0	
30	0	0	
30	0	0	
30	0	0	
30	0	0	
30	0	0	
30	0	0	
30	0	0	
30	0	0	
30	0	0	
30	0	0	
30	0	0	
30	0	0	
30	0	0	
30	0	0	
30	0	0	
30	0	0	
30	5	3.75	
30	12.5	6.25	
30	23.75	7.5	
30	31.25	10	
30	40	11.25	
30	60	11.25	
30	86.25	7.5	
30	102.5	7.5	
30	133.75	3.75	
30	151.25	2.5	
30	183.75	0	
30	200	0	
30	233.75	0	
30	247.5	0	
30	260	0	
30	282.5	0	
30	301.25	-3.75	
30	308.75	-5	
30	320	-8.75	
30	323.75	-11.25	
30	331.25	-12.5	
30	337.5	-15	
30	341.25	-16.25	
30	342.5	-16.25	
30	343.75	-16.25	
30	343.75	-16.25	
30	346.25	-16.25	
30	346.25	-16.25	
30	347.5	-16.25	
30	347.5	-16.25	
30	347.5	-16.25	
30	347.5	-16.25	
30	348.75	-16.25	
30	348.75	-16.25	
30	348.75	-16.25	
30	348.75	-16.25	
30	348.75	-16.25	
30	348.75	-16.25	
30	348.75	-16.25	
30	348.75	-16.25	
30	348.75	-16.25	
30	348.75	-16.25	
30	348.75	-16.25	
30	348.75	-16.25	
30	348.75	-16.25	
30	348.75	-16.25	
30	348.75	-16.25	
30	348.75	-16.25	
30	348.75	-16.25	
30	348.75	-16.25	
30	348.75	-16.25	
30	348.75	-16.25	
30	348.75	-16.25	
30	348.75	-16.25	
30	348.75	-16.25	
31	0	0	
31	0	0	
31	0	0	
31	0	0	
31	0	0	
31	0	0	
31	0	0	
31	0	0	
31	0	0	
31	0	0	
31	0	0	
31	0	0	
31	0	0	
31	0	0	
31	0	0	
31	0	0	
31	0	0	
31	0	0	
31	0	0	
31	2.5	0	
31	20	-1.25	
31	30	-3.75	
31	51.25	-3.75	
31	65	-3.75	
31	78.75	-3.75	
31	118.75	0	
31	138.75	3.75	
31	175	10	
31	192.5	11.25	
31	207.5	15	
31	246.25	22.5	
31	256.25	26.25	
31	273.75	26.25	
31	280	26.25	
31	286.25	26.25	
31	300	22.5	
31	302.5	22.5	
31	307.5	18.75	
31	308.75	17.5	
31	310	17.5	
31	312.5	15	
31	313.75	15	
31	317.5	13.75	
31	320	11.25	
31	322.5	11.25	
31	331.25	10	
31	335	7.5	
31	338.75	7.5	
31	345	6.25	
31	346.25	6.25	
31	347.5	6.25	
31	347.5	6.25	
31	347.5	6.25	
31	347.5	6.25	
31	347.5	6.25	
31	347.5	6.25	
31	347.5	6.25	
31	347.5	6.25	
31	347.5	6.25	
31	347.5	6.25	
31	347.5	6.25	
31	347.5	6.25	
31	347.5	6.25	
31	347.5	6.25	
31	347.5	6.25	
31	347.5	6.25	
31	347.5	6.25	
31	347.5	6.25	
31	347.5	6.25	
31	347.5	6.25	
31	347.5	6.25	
31	347.5	6.25	
31	347.5	6.25	
31	347.5	6.25	
32	0	0	
32	0	0	
32	0	0	
32	0	0	
32	0	0	
32	0	0	
32	0	0	
32	0	0	
32	0	0	
32	0	0	
32	0	0	
32	0	0	
32	0	0	
32	0	0	
32	0	0	
32	0	0	
32	0	0	
32	0	0	
32	0	0	
32	0	0	
32	0	0	
32	0	0	
32	0	0	
32	1.25	2.5	
32	26.25	3.75	
32	36.25	3.75	
32	47.5	6.25	
32	61.25	7.5	
32	91.25	10	
32	127.5	13.75	
32	165	18.75	
32	183.75	22.5	
32	202.5	25	
32	218.75	26.25	
32	275	30	
32	285	28.75	
32	293.75	26.25	
32	302.5	26.25	
32	316.25	22.5	
32	325	17.5	
32	332.5	11.25	
32	335	10	
32	337.5	7.5	
32	340	3.75	
32	348.75	0	
32	348.75	0	
32	348.75	0	
32	348.75	0	
32	348.75	0	
32	348.75	0	
32	348.75	0	
32	348.75	0	
32	348.75	0	
32	348.75	0	
32	348.75	0	
32	348.75	0	
32	348.75	0	
32	348.75	0	
32	348.75	0	
32	348.75	0	
32	348.75	0	
32	348.75	0	
32	348.75	0	
32	348.75	0	
32	348.75	0	
32	348.75	0	
32	348.75	0	
32	348.75	0	
32	348.75	0	
32	348.75	0	
32	348.75	0	
32	348.75	0	
32	348.75	0	
32	348.75	0	
33	0	0	
33	0	0	
33	0	0	
33	0	0	
33	0	0	
33	0	0	
33	0	0	
33	0	0	
33	0	0	
33	0	0	
33	0	0	
33	0	0	
33	0	0	
33	0	0	
33	0	0	
33	0	0	
33	0	1.25	
33	3.75	1.25	
33	13.75	5	
33	20	5	
33	46.25	7.5	
33	56.25	8.75	
33	67.5	8.75	
33	78.75	8.75	
33	105	8.75	
33	133.75	11.25	
33	161.25	12.5	
33	173.75	15	
33	196.25	18.75	
33	207.5	20	
33	230	23.75	
33	240	27.5	
33	250	27.5	
33	267.5	31.25	
33	273.75	35	
33	292.5	38.75	
33	296.25	38.75	
33	300	41.25	
33	306.25	42.5	
33	307.5	42.5	
33	313.75	45	
33	315	45	
33	316.25	46.25	
33	318.75	46.25	
33	320	46.25	
33	322.5	48.75	
33	326.25	50	
33	327.5	50	
33	330	50	
33	330	50	
33	330	50	
33	330	50	
33	330	50	
33	330	50	
33	330	50	
33	330	50	
33	330	50	
33	330	50	
33	330	50	
33	330	50	
33	330	50	
33	330	50	
33	330	50	
33	330	50	
33	330	50	
33	330	50	
33	330	50	
33	330	50	
33	330	50	
33	330	50	
33	330	50	
33	330	50	
33	330	50	
33	330	50	
34	0	0	
34	0	0	
34	0	0	
34	0	0	
34	0	0	
34	0	0	
34	0	0	
34	0	0	
34	0	0	
34	0	0	
34	0	0	
34	0	0	
34	0	0	
34	0	0	
34	0	0	
34	0	0	
34	0	0	
34	0	0	
34	0	0	
34	0	0	
34	0	0	
34	3.75	2.5	
34	13.75	7.5	
34	21.25	7.5	
34	28.75	10	
34	63.75	13.75	
34	78.75	15	
34	93.75	15	
34	107.5	15	
34	136.25	18.75	
34	166.25	18.75	
34	191.25	22.5	
34	203.75	22.5	
34	226.25	25	
34	237.5	26.25	
34	263.75	26.25	
34	270	26.25	
34	276.25	25	
34	282.5	25	
34	291.25	22.5	
34	296.25	18.75	
34	301.25	18.75	
34	302.5	17.5	
34	303.75	15	
34	305	15	
34	305	15	
34	305	15	
34	305	15	
34	305	15	
34	305	15	
34	306.25	15	
34	306.25	15	
34	306.25	15	
34	306.25	15	
34	306.25	15	
34	306.25	15	
34	306.25	15	
34	306.25	15	
34	306.25	15	
34	306.25	15	
34	306.25	15	
34	307.5	13.75	
34	307.5	13.75	
34	307.5	13.75	
34	307.5	13.75	
34	307.5	13.75	
34	307.5	13.75	
34	307.5	13.75	
34	307.5	13.75	
34	307.5	13.75	
34	307.5	13.75	
34	307.5	13.75	
34	307.5	13.75	
34	307.5	13.75	
35	0	0	
35	0	0	
35	0	0	
35	0	0	
35	0	0	
35	0	0	
35	0	0	
35	0	0	
35	0	0	
35	0	0	
35	0	0	
35	0	0	
35	0	0	
35	0	0	
35	0	0	
35	0	0	
35	0	2.5	
35	5	3.75	
35	8.75	3.75	
35	13.75	3.75	
35	36.25	3.75	
35	46.25	3.75	
35	56.25	3.75	
35	78.75	3.75	
35	91.25	3.75	
35	127.5	0	
35	140	0	
35	162.5	-1.25	
35	173.75	-1.25	
35	183.75	-3.75	
35	211.25	-7.5	
35	218.75	-8.75	
35	227.5	-11.25	
35	235	-12.5	
35	250	-16.25	
35	262.5	-20	
35	270	-22.5	
35	282.5	-26.25	
35	286.25	-27.5	
35	291.25	-30	
35	301.25	-30	
35	303.75	-30	
35	305	-31.25	
35	307.5	-31.25	
35	308.75	-31.25	
35	308.75	-31.25	
35	308.75	-31.25	
35	308.75	-31.25	
35	308.75	-31.25	
35	308.75	-31.25	
35	308.75	-31.25	
35	308.75	-31.25	
35	308.75	-31.25	
35	308.75	-31.25	
35	308.75	-31.25	
35	308.75	-31.25	
35	308.75	-31.25	
35	308.75	-31.25	
35	308.75	-31.25	
35	308.75	-31.25	
35	308.75	-31.25	
35	308.75	-31.25	
35	308.75	-31.25	
35	308.75	-31.25	
35	308.75	-31.25	
35	308.75	-31.25	
35	308.75	-31.25	
35	308.75	-31.25	
35	308.75	-31.25	
35	308.75	-31.25	
35	308.75	-31.25	
35	308.75	-31.25	
35	308.75	-31.25	
35	310	-31.25	
36	0	0	
36	0	0	
36	0	0	
36	0	0	
36	0	0	
36	0	0	
36	0	0	
36	0	0	
36	0	0	
36	0	0	
36	0	0	
36	0	0	
36	0	0	
36	0	0	
36	-1.25	0	
36	-1.25	0	
36	-1.25	0	
36	-1.25	0	
36	-1.25	0	
36	-1.25	0	
36	-1.25	0	
36	0	-1.25	
36	1.25	-1.25	
36	7.5	0	
36	11.25	0	
36	30	3.75	
36	38.75	6.25	
36	56.25	10	
36	66.25	11.25	
36	76.25	13.75	
36	110	15	
36	121.25	17.5	
36	132.5	17.5	
36	153.75	18.75	
36	163.75	18.75	
36	196.25	21.25	
36	206.25	22.5	
36	225	22.5	
36	233.75	22.5	
36	241.25	25	
36	261.25	25	
36	267.5	22.5	
36	271.25	22.5	
36	280	22.5	
36	282.5	22.5	
36	291.25	22.5	
36	292.5	22.5	
36	295	21.25	
36	296.25	21.25	
36	296.25	21.25	
36	297.5	21.25	
36	297.5	21.25	
36	297.5	21.25	
36	298.75	18.75	
36	298.75	18.75	
36	301.25	18.75	
36	303.75	17.5	
36	305	15	
36	307.5	15	
36	308.75	15	
36	312.5	15	
36	313.75	13.75	
36	313.75	13.75	
36	315	13.75	
36	315	11.25	
36	315	11.25	
36	315	11.25	
36	315	11.25	
36	315	11.25	
36	315	11.25	
36	316.25	11.25	
36	316.25	11.25	
36	316.25	11.25	
36	316.25	11.25	
37	0	0	
37	0	0	
37	0	0	
37	0	0	
37	0	0	
37	0	0	
37	0	0	
37	0	0	
37	0	0	
37	0	0	
37	0	0	
37	0	0	
37	0	0	
37	0	0	
37	0	0	
37	0	0	
37	0	0	
37	0	0	
37	0	0	
37	0	0	
37	0	0	
37	0	0	
37	0	0	
37	0	0	
37	0	0	
37	0	0	
37	0	0	
37	0	0	
37	0	0	
37	1.25	0	
37	2.5	1.25	
37	2.5	1.25	
37	2.5	1.25	
37	5	1.25	
37	5	1.25	
37	13.75	3.75	
37	18.75	3.75	
37	25	1.25	
37	32.5	1.25	
37	51.25	1.25	
37	88.75	1.25	
37	101.25	1.25	
37	113.75	1.25	
37	140	0	
37	152.5	-2.5	
37	178.75	-2.5	
37	190	-2.5	
37	215	-6.25	
37	226.25	-6.25	
37	236.25	-7.5	
37	262.5	-11.25	
37	275	-13.75	
37	280	-13.75	
37	285	-15	
37	287.5	-17.5	
37	293.75	-17.5	
37	295	-17.5	
37	296.25	-17.5	
37	297.5	-17.5	
37	297.5	-17.5	
37	297.5	-17.5	
37	297.5	-17.5	
37	297.5	-17.5	
37	297.5	-17.5	
37	297.5	-17.5	
37	298.75	-18.75	
37	300	-18.75	
37	300	-18.75	
37	300	-18.75	
37	300	-18.75	
37	300	-18.75	
37	300	-18.75	
37	300	-18.75	
37	300	-18.75	
38	0	0	
38	0	2.5	
38	0	2.5	
38	0	2.5	
38	0	2.5	
38	0	2.5	
38	0	2.5	
38	0	2.5	
38	0	2.5	
38	0	2.5	
38	0	2.5	
38	0	2.5	
38	0	2.5	
38	0	2.5	
38	0	2.5	
38	0	2.5	
38	0	2.5	
38	0	2.5	
38	0	2.5	
38	0	2.5	
38	3.75	2.5	
38	7.5	2.5	
38	21.25	3.75	
38	32.5	7.5	
38	58.75	11.25	
38	92.5	18.75	
38	130	22.5	
38	148.75	25	
38	167.5	26.25	
38	186.25	26.25	
38	240	25	
38	255	22.5	
38	270	22.5	
38	293.75	18.75	
38	312.5	17.5	
38	326.25	15	
38	331.25	15	
38	338.75	15	
38	341.25	13.75	
38	343.75	13.75	
38	347.5	13.75	
38	347.5	13.75	
38	347.5	13.75	
38	347.5	13.75	
38	347.5	13.75	
38	347.5	13.75	
38	347.5	13.75	
38	347.5	13.75	
38	347.5	13.75	
38	347.5	13.75	
38	347.5	13.75	
38	347.5	13.75	
38	347.5	13.75	
38	347.5	13.75	
38	347.5	13.75	
38	347.5	13.75	
38	347.5	13.75	
38	347.5	13.75	
38	347.5	13.75	
38	347.5	13.75	
38	347.5	13.75	
38	347.5	13.75	
38	347.5	13.75	
38	347.5	13.75	
38	347.5	13.75	
38	347.5	13.75	
38	347.5	13.75	
38	347.5	13.75	
38	347.5	13.75	
38	347.5	13.75	
38	347.5	13.75	
38	347.5	13.75	
38	347.5	13.75	
38	347.5	13.75	
39	0	0	
39	0	0	
39	0	0	
39	0	0	
39	0	0	
39	0	0	
39	0	0	
39	1.25	0	
39	1.25	0	
39	1.25	0	
39	1.25	0	
39	1.25	0	
39	1.25	0	
39	1.25	0	
39	1.25	0	
39	1.25	0	
39	1.25	0	
39	2.5	2.5	
39	2.5	2.5	
39	5	0	
39	16.25	0	
39	22.5	-1.25	
39	30	-3.75	
39	50	-5	
39	61.25	-5	
39	97.5	-3.75	
39	111.25	-1.25	
39	125	0	
39	151.25	2.5	
39	163.75	3.75	
39	198.75	7.5	
39	208.75	7.5	
39	218.75	7.5	
39	227.5	7.5	
39	245	7.5	
39	258.75	6.25	
39	268.75	3.75	
39	271.25	3.75	
39	276.25	3.75	
39	277.5	3.75	
39	278.75	3.75	
39	280	3.75	
39	280	3.75	
39	280	3.75	
39	280	3.75	
39	280	3.75	
39	280	3.75	
39	280	3.75	
39	280	3.75	
39	280	3.75	
39	280	3.75	
39	280	3.75	
39	280	3.75	
39	280	3.75	
39	280	3.75	
39	280	3.75	
39	280	3.75	
39	280	3.75	
39	280	3.75	
39	280	3.75	
39	280	3.75	
39	280	3.75	
39	280	3.75	
39	280	3.75	
39	280	3.75	
39	280	3.75	
39	280	3.75	
39	280	3.75	
39	280	3.75	
39	280	3.75	
39	280	3.75	
39	280	3.75	
39	280	3.75	
39	280	3.75	
40	0	0	
40	0	0	
40	0	0	
40	0	0	
40	0	0	
40	0	0	
40	0	0	
40	0	0	
40	0	0	
40	0	0	
40	0	0	
40	0	0	
40	0	0	
40	0	0	
40	0	0	
40	0	0	
40	0	0	
40	0	0	
40	1.25	0	
40	1.25	0	
40	5	0	
40	10	0	
40	13.75	0	
40	17.5	2.5	
40	26.25	3.75	
40	37.5	7.5	
40	43.75	7.5	
40	56.25	11.25	
40	65	11.25	
40	73.75	15	
40	106.25	18.75	
40	117.5	21.25	
40	142.5	22.5	
40	155	25	
40	167.5	25	
40	178.75	25	
40	198.75	26.25	
40	207.5	26.25	
40	213.75	26.25	
40	223.75	26.25	
40	231.25	26.25	
40	232.5	26.25	
40	232.5	25	
40	235	25	
40	235	22.5	
40	236.25	21.25	
40	236.25	18.75	
40	237.5	18.75	
40	237.5	18.75	
40	237.5	18.75	
40	240	15	
40	240	15	
40	240	15	
40	240	15	
40	240	15	
40	241.25	15	
40	241.25	15	
40	241.25	15	
40	241.25	15	
40	241.25	15	
40	242.5	15	
40	242.5	15	
40	242.5	15	
40	242.5	15	
40	242.5	15	
40	242.5	15	
40	242.5	15	
40	243.75	13.75	
40	243.75	13.75	
40	243.75	13.75	
40	243.75	13.75	
40	243.75	13.75	
40	243.75	13.75	
40	243.75	13.75	
41	0	0	
41	0	0	
41	0	0	
41	0	0	
41	0	0	
41	0	0	
41	0	0	
41	0	0	
41	0	0	
41	0	0	
41	0	0	
41	0	0	
41	0	0	
41	0	0	
41	0	0	
41	0	0	
41	0	0	
41	0	0	
41	0	0	
41	0	0	
41	0	0	
41	0	0	
41	0	0	
41	0	0	
41	0	0	
41	1.25	0	
41	1.25	0	
41	2.5	0	
41	5	2.5	
41	5	2.5	
41	10	3.75	
41	13.75	3.75	
41	23.75	0	
41	31.25	0	
41	40	-1.25	
41	68.75	-7.5	
41	80	-8.75	
41	91.25	-11.25	
41	117.5	-15	
41	131.25	-18.75	
41	158.75	-18.75	
41	183.75	-22.5	
41	203.75	-23.75	
41	213.75	-26.25	
41	222.5	-26.25	
41	247.5	-30	
41	256.25	-31.25	
41	262.5	-33.75	
41	275	-35	
41	281.25	-37.5	
41	291.25	-37.5	
41	300	-37.5	
41	308.75	-37.5	
41	312.5	-37.5	
41	316.25	-35	
41	325	-31.25	
41	326.25	-30	
41	328.75	-30	
41	332.5	-27.5	
41	335	-26.25	
41	336.25	-23.75	
41	338.75	-22.5	
41	340	-18.75	
41	341.25	-18.75	
41	341.25	-18.75	
41	342.5	-15	
41	342.5	-15	
41	342.5	-15	
41	342.5	-12.5	
41	342.5	-12.5	
41	342.5	-12.5	
41	342.5	-12.5	
41	342.5	-12.5	
41	342.5	-12.5	
42	0	0	
42	0	0	
42	0	0	
42	0	0	
42	0	0	
42	0	0	
42	0	0	
42	0	0	
42	0	0	
42	0	0	
42	0	0	
42	0	0	
42	0	0	
42	0	0	
42	0	0	
42	0	0	
42	0	0	
42	0	0	
42	0	0	
42	0	0	
42	0	0	
42	0	0	
42	1.25	0	
42	6.25	1.25	
42	11.25	1.25	
42	31.25	1.25	
42	40	1.25	
42	60	1.25	
42	71.25	3.75	
42	82.5	3.75	
42	122.5	8.75	
42	136.25	8.75	
42	150	11.25	
42	162.5	12.5	
42	187.5	15	
42	210	16.25	
42	230	18.75	
42	241.25	18.75	
42	251.25	20	
42	260	20	
42	281.25	18.75	
42	287.5	18.75	
42	292.5	16.25	
42	302.5	15	
42	306.25	12.5	
42	320	8.75	
42	323.75	7.5	
42	331.25	5	
42	333.75	5	
42	336.25	5	
42	340	3.75	
42	341.25	3.75	
42	342.5	3.75	
42	345	3.75	
42	345	3.75	
42	345	3.75	
42	345	3.75	
42	345	3.75	
42	345	3.75	
42	345	3.75	
42	345	3.75	
42	345	3.75	
42	345	3.75	
42	345	3.75	
42	345	3.75	
42	345	3.75	
42	345	3.75	
42	345	3.75	
42	345	3.75	
42	345	3.75	
42	345	3.75	
42	345	3.75	
42	345	3.75	
42	345	3.75	
43	0	0	
43	0	0	
43	0	0	
43	0	0	
43	0	0	
43	0	0	
43	0	0	
43	0	0	
43	0	0	
43	0	0	
43	0	0	
43	0	0	
43	0	0	
43	0	0	
43	0	0	
43	0	0	
43	0	0	
43	0	0	
43	0	0	
43	0	0	
43	2.5	0	
43	6.25	0	
43	11.25	-2.5	
43	25	-2.5	
43	33.75	-2.5	
43	66.25	1.25	
43	78.75	1.25	
43	91.25	1.25	
43	103.75	1.25	
43	130	1.25	
43	168.75	-2.5	
43	181.25	-2.5	
43	193.75	-2.5	
43	216.25	-6.25	
43	227.5	-7.5	
43	258.75	-10	
43	267.5	-11.25	
43	275	-11.25	
43	281.25	-13.75	
43	293.75	-13.75	
43	307.5	-15	
43	311.25	-17.5	
43	315	-17.5	
43	321.25	-21.25	
43	325	-21.25	
43	330	-22.5	
43	333.75	-22.5	
43	336.25	-22.5	
43	337.5	-22.5	
43	338.75	-22.5	
43	341.25	-22.5	
43	341.25	-22.5	
43	341.25	-22.5	
43	341.25	-21.25	
43	342.5	-21.25	
43	343.75	-21.25	
43	345	-21.25	
43	345	-21.25	
43	345	-21.25	
43	345	-18.75	
43	347.5	-17.5	
43	347.5	-17.5	
43	347.5	-17.5	
43	347.5	-15	
43	348.75	-13.75	
43	348.75	-13.75	
43	348.75	-13.75	
43	348.75	-13.75	
43	348.75	-13.75	
43	348.75	-13.75	
43	348.75	-13.75	
43	348.75	-13.75	
43	348.75	-13.75	
43	348.75	-13.75	
44	0	0	
44	0	0	
44	0	0	
44	0	0	
44	0	0	
44	0	0	
44	0	0	
44	0	0	
44	0	0	
44	0	0	
44	0	0	
44	0	0	
44	0	0	
44	0	0	
44	0	0	
44	0	0	
44	0	0	
44	0	0	
44	1.25	0	
44	8.75	0	
44	21.25	0	
44	30	0	
44	51.25	0	
44	77.5	0	
44	91.25	2.5	
44	121.25	6.25	
44	150	11.25	
44	163.75	15	
44	177.5	17.5	
44	202.5	21.25	
44	228.75	22.5	
44	251.25	22.5	
44	260	25	
44	278.75	25	
44	286.25	25	
44	298.75	25	
44	310	25	
44	316.25	25	
44	321.25	25	
44	330	22.5	
44	336.25	22.5	
44	341.25	21.25	
44	342.5	21.25	
44	346.25	18.75	
44	346.25	18.75	
44	347.5	17.5	
44	348.75	15	
44	348.75	15	
44	348.75	13.75	
44	348.75	13.75	
44	348.75	13.75	
44	348.75	13.75	
44	348.75	13.75	
44	348.75	13.75	
44	348.75	13.75	
44	348.75	13.75	
44	348.75	13.75	
44	348.75	13.75	
44	348.75	13.75	
44	348.75	13.75	
44	348.75	13.75	
44	348.75	13.75	
44	348.75	13.75	
44	348.75	13.75	
44	348.75	13.75	
44	348.75	13.75	
44	348.75	13.75	
44	348.75	13.75	
44	348.75	13.75	
44	348.75	13.75	
44	348.75	13.75	
44	348.75	13.75	
44	348.75	13.75	
44	348.75	13.75	
45	0	0	
45	0	0	
45	0	0	
45	0	0	
45	0	0	
45	0	0	
45	0	0	
45	0	0	
45	0	0	
45	0	0	
45	0	0	
45	0	0	
45	0	0	
45	0	0	
45	0	0	
45	0	0	
45	0	0	
45	0	0	
45	0	0	
45	0	0	
45	1.25	0	
45	3.75	0	
45	16.25	-3.75	
45	23.75	-3.75	
45	35	-3.75	
45	70	-3.75	
45	97.5	-3.75	
45	112.5	-1.25	
45	127.5	0	
45	156.25	2.5	
45	181.25	3.75	
45	193.75	6.25	
45	217.5	7.5	
45	228.75	7.5	
45	238.75	7.5	
45	267.5	7.5	
45	282.5	7.5	
45	290	6.25	
45	296.25	6.25	
45	305	6.25	
45	312.5	3.75	
45	316.25	3.75	
45	321.25	3.75	
45	323.75	3.75	
45	326.25	2.5	
45	331.25	0	
45	335	-1.25	
45	336.25	-3.75	
45	337.5	-3.75	
45	338.75	-3.75	
45	342.5	-5	
45	342.5	-7.5	
45	343.75	-7.5	
45	343.75	-7.5	
45	343.75	-7.5	
45	343.75	-7.5	
45	343.75	-7.5	
45	343.75	-7.5	
45	343.75	-7.5	
45	343.75	-7.5	
45	343.75	-7.5	
45	343.75	-7.5	
45	343.75	-7.5	
45	343.75	-7.5	
45	343.75	-7.5	
45	343.75	-7.5	
45	343.75	-7.5	
45	343.75	-7.5	
45	343.75	-7.5	
45	343.75	-7.5	
45	343.75	-7.5	
45	343.75	-7.5	
45	343.75	-7.5	
45	343.75	-7.5	
46	0	0	
46	0	0	
46	0	0	
46	0	0	
46	0	0	
46	0	0	
46	0	0	
46	0	0	
46	0	0	
46	0	0	
46	0	0	
46	0	0	
46	0	0	
46	0	0	
46	0	0	
46	0	0	
46	0	0	
46	0	0	
46	0	0	
46	0	0	
46	0	0	
46	0	0	
46	0	0	
46	1.25	0	
46	16.25	-2.5	
46	25	-3.75	
46	33.75	-3.75	
46	56.25	-7.5	
46	70	-7.5	
46	111.25	-8.75	
46	126.25	-8.75	
46	155	-11.25	
46	170	-11.25	
46	183.75	-11.25	
46	222.5	-12.5	
46	232.5	-12.5	
46	243.75	-12.5	
46	261.25	-11.25	
46	270	-11.25	
46	292.5	-8.75	
46	298.75	-7.5	
46	311.25	-3.75	
46	315	-2.5	
46	320	-2.5	
46	330	-2.5	
46	332.5	0	
46	333.75	0	
46	336.25	0	
46	337.5	-2.5	
46	341.25	-2.5	
46	342.5	0	
46	343.75	0	
46	346.25	0	
46	346.25	1.25	
46	347.5	1.25	
46	347.5	1.25	
46	347.5	1.25	
46	347.5	1.25	
46	347.5	1.25	
46	347.5	1.25	
46	347.5	1.25	
46	347.5	1.25	
46	347.5	1.25	
46	347.5	1.25	
46	347.5	1.25	
46	347.5	1.25	
46	347.5	1.25	
46	347.5	1.25	
46	347.5	1.25	
46	347.5	1.25	
46	347.5	1.25	
46	347.5	1.25	
46	347.5	1.25	
46	347.5	1.25	
47	0	0	
47	0	0	
47	0	0	
47	0	0	
47	0	0	
47	0	0	
47	0	0	
47	0	0	
47	0	0	
47	0	0	
47	0	0	
47	0	0	
47	0	0	
47	0	0	
47	0	0	
47	0	0	
47	0	0	
47	0	0	
47	0	0	
47	0	0	
47	1.25	0	
47	5	0	
47	17.5	-1.25	
47	27.5	-3.75	
47	48.75	-3.75	
47	73.75	-5	
47	102.5	-3.75	
47	116.25	0	
47	131.25	2.5	
47	145	3.75	
47	185	11.25	
47	208.75	13.75	
47	220	13.75	
47	231.25	15	
47	252.5	15	
47	270	15	
47	285	15	
47	291.25	15	
47	296.25	15	
47	301.25	15	
47	310	18.75	
47	313.75	18.75	
47	315	18.75	
47	316.25	18.75	
47	321.25	18.75	
47	326.25	15	
47	328.75	15	
47	333.75	13.75	
47	336.25	13.75	
47	338.75	13.75	
47	346.25	11.25	
47	348.75	10	
47	348.75	10	
47	348.75	10	
47	348.75	10	
47	348.75	10	
47	348.75	10	
47	348.75	10	
47	348.75	10	
47	348.75	10	
47	348.75	10	
47	348.75	10	
47	348.75	10	
47	348.75	10	
47	348.75	10	
47	348.75	10	
47	348.75	10	
47	348.75	10	
47	348.75	10	
47	348.75	10	
47	348.75	10	
47	348.75	10	
47	348.75	10	
47	348.75	10	
48	0	0	
48	-1.25	0	
48	0	0	
48	2.5	2.5	
48	6.25	-3.75	
48	8.75	-7.5	
48	8.75	-7.5	
48	10	-7.5	
48	10	-7.5	
48	11.25	-8.75	
48	11.25	-8.75	
48	11.25	-8.75	
48	11.25	-8.75	
48	11.25	-8.75	
48	12.5	-8.75	
48	13.75	-11.25	
48	13.75	-11.25	
48	13.75	-8.75	
48	13.75	-8.75	
48	15	-11.25	
48	20	-11.25	
48	26.25	-11.25	
48	31.25	-11.25	
48	37.5	-11.25	
48	45	-11.25	
48	87.5	-11.25	
48	100	-11.25	
48	112.5	-11.25	
48	126.25	-11.25	
48	150	-15	
48	171.25	-12.5	
48	182.5	-11.25	
48	205	-7.5	
48	215	-7.5	
48	235	-7.5	
48	250	-5	
48	261.25	-5	
48	267.5	-5	
48	272.5	-5	
48	282.5	-7.5	
48	288.75	-7.5	
48	290	-7.5	
48	293.75	-8.75	
48	295	-11.25	
48	300	-11.25	
48	305	-11.25	
48	311.25	-11.25	
48	313.75	-11.25	
48	316.25	-11.25	
48	322.5	-11.25	
48	326.25	-11.25	
48	328.75	-11.25	
48	330	-11.25	
48	331.25	-11.25	
48	333.75	-11.25	
48	335	-12.5	
48	336.25	-12.5	
48	336.25	-12.5	
48	337.5	-12.5	
48	338.75	-15	
48	340	-15	
48	341.25	-15	
48	341.25	-15	
48	341.25	-15	
48	342.5	-15	
48	342.5	-15	
48	342.5	-15	
48	342.5	-15	
48	342.5	-15	
48	342.5	-15	
48	342.5	-15	
48	342.5	-15	
48	342.5	-15	
48	342.5	-15	
49	0	0	
49	0	0	
49	0	0	
49	0	0	
49	0	0	
49	0	0	
49	0	0	
49	0	0	
49	0	0	
49	0	0	
49	0	0	
49	0	0	
49	0	0	
49	0	0	
49	0	0	
49	0	0	
49	1.25	0	
49	5	0	
49	17.5	3.75	
49	26.25	5	
49	62.5	7.5	
49	76.25	7.5	
49	88.75	8.75	
49	103.75	8.75	
49	128.75	8.75	
49	155	8.75	
49	166.25	8.75	
49	191.25	8.75	
49	216.25	12.5	
49	227.5	15	
49	248.75	18.75	
49	266.25	20	
49	273.75	20	
49	280	22.5	
49	292.5	23.75	
49	303.75	23.75	
49	307.5	22.5	
49	315	20	
49	322.5	20	
49	326.25	18.75	
49	333.75	16.25	
49	338.75	12.5	
49	341.25	12.5	
49	343.75	12.5	
49	346.25	12.5	
49	348.75	12.5	
49	348.75	12.5	
49	348.75	12.5	
49	348.75	12.5	
49	348.75	12.5	
49	348.75	12.5	
49	348.75	12.5	
49	348.75	12.5	
49	348.75	12.5	
49	348.75	12.5	
49	348.75	12.5	
49	348.75	12.5	
49	348.75	12.5	
49	348.75	12.5	
49	348.75	12.5	
49	348.75	12.5	
49	348.75	12.5	
49	348.75	12.5	
49	348.75	12.5	
49	348.75	12.5	
49	348.75	12.5	
49	348.75	12.5	
49	348.75	12.5	
49	348.75	12.5	
49	348.75	12.5	
49	348.75	12.5	
49	348.75	12.5	
49	348.75	12.5	
49	348.75	12.5	
50	0	0	
50	0	0	
50	0	0	
50	0	0	
50	0	0	
50	0	0	
50	0	0	
50	0	0	
50	0	0	
50	0	0	
50	0	0	
50	0	0	
50	0	0	
50	0	0	
50	0	0	
50	0	0	
50	0	0	
50	0	0	
50	0	0	
50	0	0	
50	0	0	
50	0	0	
50	0	0	
50	0	0	
50	0	0	
50	0	0	
50	0	0	
50	0	0	
50	0	0	
50	0	0	
50	0	0	
50	0	0	
50	0	0	
50	0	0	
50	2.5	0	
50	21.25	3.75	
50	31.25	3.75	
50	45	3.75	
50	76.25	3.75	
50	93.75	7.5	
50	148.75	15	
50	166.25	17.5	
50	201.25	22.5	
50	217.5	25	
50	232.5	26.25	
50	273.75	35	
50	286.25	38.75	
50	297.5	41.25	
50	317.5	42.5	
50	323.75	42.5	
50	340	42.5	
50	343.75	42.5	
50	343.75	42.5	
50	343.75	42.5	
50	343.75	42.5	
50	343.75	42.5	
50	343.75	42.5	
50	343.75	42.5	
50	343.75	42.5	
50	343.75	42.5	
50	343.75	42.5	
50	343.75	42.5	
50	343.75	42.5	
50	343.75	42.5	
50	343.75	42.5	
50	343.75	42.5	
50	343.75	42.5	
50	343.75	42.5	
50	343.75	42.5	
50	343.75	42.5	
50	343.75	42.5	
50	343.75	42.5	
50	343.75	42.5	
50	343.75	42.5	
51	0	0	
51	0	0	
51	0	0	
51	0	0	
51	0	0	
51	0	0	
51	0	0	
51	0	0	
51	0	0	
51	0	0	
51	0	0	
51	0	0	
51	0	0	
51	0	0	
51	0	0	
51	0	0	
51	0	0	
51	0	0	
51	0	0	
51	0	0	
51	6.25	2.5	
51	11.25	3.75	
51	18.75	3.75	
51	42.5	7.5	
51	57.5	10	
51	107.5	15	
51	125	17.5	
51	160	18.75	
51	177.5	21.25	
51	193.75	22.5	
51	238.75	26.25	
51	252.5	26.25	
51	263.75	28.75	
51	283.75	28.75	
51	291.25	28.75	
51	308.75	25	
51	312.5	22.5	
51	316.25	22.5	
51	321.25	18.75	
51	322.5	18.75	
51	326.25	17.5	
51	326.25	17.5	
51	326.25	17.5	
51	326.25	15	
51	326.25	15	
51	326.25	15	
51	326.25	15	
51	326.25	15	
51	326.25	15	
51	326.25	15	
51	327.5	15	
51	327.5	15	
51	327.5	15	
51	327.5	15	
51	327.5	15	
51	327.5	15	
51	327.5	15	
51	327.5	15	
51	327.5	15	
51	327.5	15	
51	327.5	15	
51	327.5	15	
51	327.5	15	
51	327.5	15	
51	327.5	15	
51	327.5	15	
51	327.5	15	
51	327.5	15	
51	327.5	15	
51	327.5	15	
51	327.5	15	
51	327.5	15	
51	327.5	15	
51	327.5	15	
52	0	0	
52	0	0	
52	0	0	
52	0	0	
52	0	0	
52	0	0	
52	0	0	
52	0	0	
52	0	0	
52	0	0	
52	0	0	
52	0	0	
52	0	0	
52	0	0	
52	0	0	
52	0	0	
52	2.5	3.75	
52	11.25	7.5	
52	18.75	10	
52	27.5	11.25	
52	63.75	22.5	
52	77.5	26.25	
52	93.75	30	
52	126.25	37.5	
52	142.5	41.25	
52	172.5	45	
52	198.75	48.75	
52	222.5	52.5	
52	233.75	52.5	
52	245	55	
52	272.5	52.5	
52	280	52.5	
52	286.25	52.5	
52	297.5	48.75	
52	302.5	48.75	
52	308.75	48.75	
52	313.75	47.5	
52	317.5	45	
52	317.5	45	
52	318.75	45	
52	318.75	45	
52	318.75	45	
52	318.75	45	
52	318.75	45	
52	318.75	45	
52	318.75	45	
52	318.75	45	
52	318.75	45	
52	318.75	45	
52	318.75	45	
52	318.75	45	
52	318.75	45	
52	318.75	45	
52	318.75	45	
52	318.75	45	
52	318.75	45	
52	318.75	45	
52	318.75	45	
52	318.75	45	
52	318.75	45	
52	318.75	45	
52	318.75	45	
52	318.75	45	
52	318.75	45	
52	318.75	45	
52	318.75	45	
52	318.75	45	
52	318.75	45	
52	318.75	45	
52	320	45	
52	320	45	
52	320	45	
52	320	45	
52	320	45	
53	0	0	
53	0	0	
53	0	0	
53	0	0	
53	0	0	
53	0	0	
53	0	0	
53	0	0	
53	0	0	
53	0	0	
53	0	0	
53	0	0	
53	0	0	
53	0	0	
53	0	0	
53	2.5	3.75	
53	6.25	3.75	
53	12.5	6.25	
53	20	7.5	
53	41.25	10	
53	82.5	16.25	
53	97.5	16.25	
53	113.75	18.75	
53	146.25	20	
53	162.5	20	
53	203.75	23.75	
53	217.5	27.5	
53	230	30	
53	242.5	31.25	
53	265	35	
53	288.75	38.75	
53	293.75	38.75	
53	297.5	41.25	
53	302.5	41.25	
53	303.75	41.25	
53	306.25	41.25	
53	306.25	41.25	
53	307.5	41.25	
53	307.5	41.25	
53	307.5	41.25	
53	307.5	41.25	
53	307.5	41.25	
53	307.5	41.25	
53	307.5	41.25	
53	307.5	41.25	
53	307.5	41.25	
53	307.5	41.25	
53	307.5	41.25	
53	307.5	41.25	
53	308.75	38.75	
53	308.75	37.5	
53	308.75	37.5	
53	310	35	
53	310	35	
53	310	33.75	
53	310	31.25	
53	310	31.25	
53	310	31.25	
53	310	30	
53	310	30	
53	310	30	
53	310	30	
53	310	30	
53	310	30	
53	310	30	
53	310	30	
53	310	30	
53	310	30	
53	310	30	
53	310	30	
53	310	30	
53	310	30	
53	310	30	
53	310	30	
54	0	0	
54	0	0	
54	0	0	
54	0	0	
54	0	0	
54	0	0	
54	0	0	
54	0	0	
54	0	0	
54	0	0	
54	0	0	
54	0	-2.5	
54	0	-2.5	
54	0	-2.5	
54	0	-2.5	
54	0	-2.5	
54	0	-2.5	
54	0	-2.5	
54	0	-2.5	
54	1.25	0	
54	13.75	1.25	
54	22.5	1.25	
54	31.25	1.25	
54	57.5	1.25	
54	72.5	3.75	
54	122.5	8.75	
54	138.75	8.75	
54	153.75	12.5	
54	185	16.25	
54	197.5	20	
54	223.75	25	
54	243.75	28.75	
54	258.75	28.75	
54	263.75	28.75	
54	267.5	28.75	
54	275	28.75	
54	276.25	28.75	
54	276.25	31.25	
54	277.5	31.25	
54	277.5	31.25	
54	277.5	31.25	
54	278.75	31.25	
54	278.75	31.25	
54	278.75	31.25	
54	278.75	31.25	
54	278.75	31.25	
54	278.75	31.25	
54	278.75	31.25	
54	278.75	31.25	
54	278.75	31.25	
54	278.75	31.25	
54	278.75	31.25	
54	278.75	31.25	
54	278.75	31.25	
54	278.75	31.25	
54	278.75	31.25	
54	278.75	31.25	
54	278.75	31.25	
54	278.75	31.25	
54	278.75	31.25	
54	278.75	31.25	
54	278.75	31.25	
54	278.75	31.25	
54	278.75	31.25	
54	278.75	31.25	
54	278.75	31.25	
54	278.75	31.25	
54	278.75	31.25	
54	278.75	31.25	
54	278.75	31.25	
54	278.75	31.25	
54	278.75	31.25	
54	278.75	31.25	
54	278.75	31.25	
55	0	0	
55	0	0	
55	0	0	
55	0	0	
55	0	0	
55	0	0	
55	0	0	
55	0	0	
55	0	0	
55	0	0	
55	0	0	
55	0	0	
55	0	0	
55	0	0	
55	0	0	
55	0	0	
55	0	0	
55	0	0	
55	0	0	
55	0	0	
55	6.25	1.25	
55	11.25	5	
55	15	5	
55	30	8.75	
55	38.75	11.25	
55	62.5	12.5	
55	76.25	12.5	
55	117.5	12.5	
55	135	12.5	
55	153.75	12.5	
55	171.25	12.5	
55	203.75	12.5	
55	216.25	15	
55	226.25	15	
55	233.75	16.25	
55	253.75	16.25	
55	256.25	16.25	
55	257.5	16.25	
55	258.75	16.25	
55	261.25	16.25	
55	261.25	16.25	
55	262.5	16.25	
55	262.5	16.25	
55	262.5	16.25	
55	262.5	16.25	
55	262.5	16.25	
55	262.5	16.25	
55	262.5	16.25	
55	263.75	16.25	
55	265	15	
55	266.25	15	
55	267.5	15	
55	267.5	15	
55	267.5	15	
55	267.5	15	
55	267.5	15	
55	267.5	15	
55	268.75	15	
55	270	15	
55	271.25	15	
55	272.5	12.5	
55	273.75	12.5	
55	275	12.5	
55	276.25	12.5	
55	276.25	12.5	
55	282.5	15	
55	283.75	15	
55	286.25	15	
55	286.25	15	
55	287.5	15	
55	288.75	15	
55	288.75	15	
55	288.75	15	
55	288.75	15	
56	0	0	
56	0	0	
56	0	0	
56	0	0	
56	0	0	
56	0	0	
56	0	0	
56	0	0	
56	0	0	
56	0	0	
56	0	0	
56	0	0	
56	0	0	
56	0	0	
56	0	0	
56	0	0	
56	0	0	
56	3.75	0	
56	6.25	0	
56	10	0	
56	26.25	3.75	
56	41.25	3.75	
56	50	3.75	
56	60	3.75	
56	81.25	3.75	
56	105	3.75	
56	116.25	3.75	
56	141.25	2.5	
56	155	0	
56	166.25	0	
56	198.75	0	
56	218.75	0	
56	227.5	0	
56	236.25	0	
56	253.75	2.5	
56	268.75	2.5	
56	276.25	2.5	
56	287.5	3.75	
56	291.25	3.75	
56	298.75	3.75	
56	302.5	3.75	
56	305	3.75	
56	306.25	3.75	
56	307.5	3.75	
56	307.5	3.75	
56	307.5	3.75	
56	307.5	3.75	
56	307.5	3.75	
56	307.5	3.75	
56	307.5	3.75	
56	307.5	3.75	
56	307.5	3.75	
56	307.5	3.75	
56	307.5	3.75	
56	307.5	3.75	
56	307.5	3.75	
56	307.5	3.75	
56	307.5	3.75	
56	307.5	3.75	
56	307.5	3.75	
56	307.5	3.75	
56	307.5	3.75	
56	307.5	3.75	
56	307.5	3.75	
56	307.5	3.75	
56	307.5	3.75	
56	307.5	3.75	
56	307.5	3.75	
56	307.5	3.75	
56	307.5	3.75	
56	307.5	3.75	
56	308.75	3.75	
56	308.75	3.75	
56	308.75	6.25	
57	0	0	
57	0	0	
57	0	0	
57	0	0	
57	0	0	
57	0	0	
57	0	0	
57	0	0	
57	0	0	
57	0	0	
57	0	0	
57	0	0	
57	0	0	
57	0	0	
57	0	0	
57	0	0	
57	0	0	
57	0	0	
57	0	0	
57	0	0	
57	0	0	
57	1.25	0	
57	7.5	0	
57	21.25	0	
57	31.25	1.25	
57	56.25	1.25	
57	70	1.25	
57	102.5	5	
57	120	7.5	
57	136.25	8.75	
57	182.5	12.5	
57	212.5	17.5	
57	226.25	20	
57	240	21.25	
57	252.5	21.25	
57	282.5	21.25	
57	288.75	21.25	
57	300	20	
57	303.75	17.5	
57	306.25	17.5	
57	313.75	12.5	
57	317.5	8.75	
57	321.25	8.75	
57	322.5	7.5	
57	326.25	5	
57	333.75	3.75	
57	336.25	1.25	
57	338.75	1.25	
57	342.5	1.25	
57	342.5	1.25	
57	345	1.25	
57	345	1.25	
57	345	1.25	
57	345	1.25	
57	345	1.25	
57	345	1.25	
57	345	1.25	
57	345	1.25	
57	345	1.25	
57	345	1.25	
57	345	1.25	
57	345	1.25	
57	345	1.25	
57	345	1.25	
57	345	1.25	
57	345	1.25	
57	345	1.25	
57	345	1.25	
57	345	1.25	
57	345	1.25	
57	345	1.25	
57	345	1.25	
57	345	1.25	
57	345	1.25	
58	0	0	
58	0	0	
58	0	0	
58	0	0	
58	0	0	
58	0	0	
58	0	0	
58	0	0	
58	0	0	
58	0	0	
58	0	0	
58	0	0	
58	0	0	
58	0	0	
58	0	0	
58	1.25	2.5	
58	3.75	3.75	
58	7.5	3.75	
58	8.75	6.25	
58	10	6.25	
58	15	7.5	
58	17.5	7.5	
58	21.25	7.5	
58	32.5	10	
58	40	10	
58	68.75	11.25	
58	81.25	11.25	
58	108.75	13.75	
58	123.75	15	
58	140	17.5	
58	185	21.25	
58	185	21.25	
58	213.75	25	
58	226.25	26.25	
58	237.5	26.25	
58	268.75	26.25	
58	287.5	26.25	
58	295	25	
58	303.75	25	
58	315	22.5	
58	325	22.5	
58	327.5	22.5	
58	332.5	21.25	
58	335	21.25	
58	336.25	21.25	
58	338.75	21.25	
58	338.75	21.25	
58	338.75	18.75	
58	340	18.75	
58	341.25	18.75	
58	342.5	18.75	
58	342.5	18.75	
58	343.75	18.75	
58	343.75	18.75	
58	343.75	18.75	
58	343.75	18.75	
58	343.75	17.5	
58	343.75	17.5	
58	343.75	17.5	
58	343.75	17.5	
58	343.75	17.5	
58	343.75	17.5	
58	343.75	17.5	
58	343.75	17.5	
58	343.75	17.5	
58	343.75	17.5	
58	343.75	17.5	
58	343.75	17.5	
58	343.75	17.5	
58	343.75	17.5	
58	343.75	17.5	
58	343.75	17.5	
58	345	17.5	
58	345	17.5	
59	0	0	
59	0	0	
59	0	0	
59	0	0	
59	0	0	
59	0	0	
59	0	0	
59	0	0	
59	0	0	
59	0	0	
59	0	0	
59	0	0	
59	0	0	
59	0	0	
59	0	0	
59	0	0	
59	0	0	
59	0	0	
59	0	0	
59	0	0	
59	0	0	
59	0	0	
59	0	0	
59	0	0	
59	3.75	0	
59	11.25	0	
59	15	-2.5	
59	26.25	-3.75	
59	33.75	-6.25	
59	52.5	-10	
59	87.5	-15	
59	100	-17.5	
59	112.5	-17.5	
59	125	-17.5	
59	150	-17.5	
59	175	-17.5	
59	186.25	-17.5	
59	208.75	-17.5	
59	230	-17.5	
59	238.75	-18.75	
59	256.25	-21.25	
59	273.75	-25	
59	281.25	-26.25	
59	288.75	-26.25	
59	300	-28.75	
59	308.75	-28.75	
59	312.5	-28.75	
59	317.5	-28.75	
59	322.5	-28.75	
59	323.75	-28.75	
59	326.25	-28.75	
59	327.5	-28.75	
59	328.75	-28.75	
59	328.75	-28.75	
59	328.75	-28.75	
59	331.25	-26.25	
59	332.5	-25	
59	333.75	-25	
59	337.5	-21.25	
59	338.75	-21.25	
59	340	-17.5	
59	342.5	-15	
59	343.75	-15	
59	343.75	-13.75	
59	345	-13.75	
59	345	-13.75	
59	345	-13.75	
59	345	-13.75	
59	345	-13.75	
59	345	-13.75	
59	345	-13.75	
59	345	-13.75	
59	345	-13.75	
59	345	-13.75	
60	0	0	
60	0	0	
60	0	0	
60	0	0	
60	0	0	
60	0	0	
60	0	0	
60	0	0	
60	0	0	
60	0	0	
60	0	0	
60	0	0	
60	0	0	
60	0	0	
60	0	0	
60	0	0	
60	0	0	
60	0	0	
60	1.25	-2.5	
60	1.25	-2.5	
60	1.25	-2.5	
60	1.25	0	
60	7.5	0	
60	12.5	1.25	
60	18.75	1.25	
60	46.25	5	
60	58.75	7.5	
60	72.5	7.5	
60	86.25	7.5	
60	106.25	7.5	
60	145	5	
60	180	3.75	
60	196.25	1.25	
60	215	3.75	
60	231.25	5	
60	271.25	12.5	
60	282.5	12.5	
60	292.5	15	
60	301.25	16.25	
60	315	16.25	
60	327.5	16.25	
60	330	15	
60	332.5	12.5	
60	336.25	11.25	
60	336.25	8.75	
60	338.75	7.5	
60	340	5	
60	341.25	5	
60	341.25	5	
60	342.5	5	
60	343.75	5	
60	343.75	5	
60	343.75	5	
60	343.75	5	
60	343.75	5	
60	343.75	5	
60	343.75	5	
60	343.75	5	
60	343.75	5	
60	343.75	5	
60	343.75	5	
60	343.75	5	
60	343.75	5	
60	343.75	5	
60	343.75	5	
60	343.75	5	
60	343.75	5	
60	343.75	5	
60	343.75	5	
60	343.75	5	
60	343.75	5	
60	343.75	5	
60	343.75	5	
60	343.75	5	
61	0	0	
61	0	0	
61	0	0	
61	0	0	
61	0	0	
61	0	0	
61	0	0	
61	0	0	
61	0	0	
61	0	0	
61	0	0	
61	0	0	
61	0	0	
61	0	0	
61	0	0	
61	0	0	
61	0	0	
61	0	0	
61	0	0	
61	1.25	0	
61	11.25	0	
61	23.75	3.75	
61	33.75	3.75	
61	42.5	3.75	
61	53.75	3.75	
61	103.75	11.25	
61	118.75	15	
61	133.75	15	
61	148.75	15	
61	177.5	15	
61	203.75	15	
61	230	15	
61	241.25	17.5	
61	252.5	17.5	
61	271.25	18.75	
61	295	17.5	
61	301.25	17.5	
61	307.5	15	
61	312.5	15	
61	321.25	11.25	
61	328.75	10	
61	332.5	7.5	
61	338.75	3.75	
61	340	2.5	
61	343.75	0	
61	347.5	-3.75	
61	348.75	-3.75	
61	348.75	-3.75	
61	348.75	-3.75	
61	348.75	-3.75	
61	348.75	-3.75	
61	348.75	-3.75	
61	348.75	-3.75	
61	348.75	-3.75	
61	348.75	-3.75	
61	348.75	-3.75	
61	348.75	-3.75	
61	348.75	-3.75	
61	348.75	-3.75	
61	348.75	-3.75	
61	348.75	-3.75	
61	348.75	-3.75	
61	348.75	-3.75	
61	348.75	-3.75	
61	348.75	-3.75	
61	348.75	-3.75	
61	348.75	-3.75	
61	348.75	-3.75	
61	348.75	-3.75	
61	348.75	-3.75	
61	348.75	-3.75	
61	348.75	-3.75	
61	348.75	-3.75	
61	348.75	-3.75	
62	0	0	
62	0	0	
62	0	2.5	
62	0	2.5	
62	0	2.5	
62	0	2.5	
62	0	2.5	
62	1.25	2.5	
62	1.25	3.75	
62	1.25	3.75	
62	1.25	3.75	
62	1.25	2.5	
62	1.25	2.5	
62	1.25	2.5	
62	1.25	2.5	
62	1.25	2.5	
62	1.25	2.5	
62	1.25	2.5	
62	1.25	3.75	
62	5	3.75	
62	13.75	7.5	
62	18.75	7.5	
62	35	10	
62	45	11.25	
62	56.25	11.25	
62	82.5	11.25	
62	102.5	13.75	
62	122.5	15	
62	157.5	18.75	
62	187.5	22.5	
62	212.5	28.75	
62	223.75	30	
62	242.5	33.75	
62	251.25	33.75	
62	258.75	33.75	
62	275	32.5	
62	280	30	
62	287.5	26.25	
62	291.25	22.5	
62	297.5	18.75	
62	303.75	15	
62	307.5	15	
62	313.75	15	
62	316.25	15	
62	320	15	
62	326.25	15	
62	327.5	15	
62	331.25	15	
62	331.25	15	
62	332.5	15	
62	332.5	15	
62	332.5	15	
62	332.5	15	
62	332.5	15	
62	332.5	15	
62	333.75	15	
62	333.75	15	
62	333.75	15	
62	333.75	15	
62	333.75	15	
62	333.75	15	
62	333.75	15	
62	333.75	15	
62	333.75	15	
62	333.75	15	
62	333.75	15	
62	333.75	15	
62	333.75	15	
62	333.75	15	
62	333.75	15	
62	333.75	15	
62	333.75	15	
62	333.75	15	
62	333.75	15	
63	0	0	
63	0	0	
63	0	0	
63	0	0	
63	0	0	
63	0	0	
63	0	0	
63	0	0	
63	0	0	
63	0	0	
63	0	0	
63	0	0	
63	0	0	
63	0	0	
63	0	0	
63	0	0	
63	0	0	
63	0	0	
63	0	0	
63	0	0	
63	0	0	
63	0	0	
63	0	0	
63	0	0	
63	1.25	0	
63	8.75	3.75	
63	16.25	3.75	
63	35	6.25	
63	47.5	7.5	
63	61.25	7.5	
63	110	13.75	
63	127.5	15	
63	160	18.75	
63	175	18.75	
63	188.75	22.5	
63	223.75	25	
63	232.5	25	
63	241.25	25	
63	257.5	22.5	
63	262.5	21.25	
63	275	17.5	
63	277.5	15	
63	282.5	15	
63	283.75	13.75	
63	286.25	11.25	
63	291.25	11.25	
63	292.5	10	
63	293.75	7.5	
63	298.75	7.5	
63	300	7.5	
63	306.25	3.75	
63	307.5	3.75	
63	311.25	3.75	
63	311.25	3.75	
63	313.75	3.75	
63	315	3.75	
63	316.25	3.75	
63	316.25	3.75	
63	316.25	3.75	
63	316.25	3.75	
63	316.25	2.5	
63	317.5	2.5	
63	317.5	2.5	
63	318.75	2.5	
63	318.75	2.5	
63	318.75	2.5	
63	318.75	2.5	
63	318.75	2.5	
63	320	2.5	
63	320	2.5	
63	320	2.5	
63	320	2.5	
63	320	2.5	
63	320	2.5	
64	0	0	
64	0	0	
64	0	0	
64	0	0	
64	0	0	
64	0	0	
64	0	0	
64	0	0	
64	0	0	
64	0	0	
64	0	0	
64	0	0	
64	0	0	
64	0	0	
64	0	0	
64	0	0	
64	0	0	
64	0	0	
64	0	0	
64	3.75	0	
64	13.75	3.75	
64	28.75	3.75	
64	38.75	6.25	
64	48.75	6.25	
64	73.75	6.25	
64	103.75	6.25	
64	122.5	6.25	
64	140	6.25	
64	157.5	7.5	
64	186.25	10	
64	212.5	13.75	
64	237.5	17.5	
64	250	18.75	
64	261.25	18.75	
64	281.25	22.5	
64	308.75	22.5	
64	316.25	22.5	
64	323.75	18.75	
64	330	18.75	
64	340	15	
64	346.25	11.25	
64	346.25	11.25	
64	346.25	11.25	
64	346.25	11.25	
64	346.25	11.25	
64	346.25	11.25	
64	346.25	11.25	
64	346.25	11.25	
64	346.25	11.25	
64	346.25	11.25	
64	346.25	11.25	
64	346.25	11.25	
64	346.25	11.25	
64	346.25	11.25	
64	346.25	11.25	
64	346.25	11.25	
64	346.25	11.25	
64	346.25	11.25	
64	346.25	11.25	
64	346.25	11.25	
64	346.25	11.25	
64	346.25	11.25	
64	346.25	11.25	
64	346.25	11.25	
64	346.25	11.25	
64	346.25	11.25	
64	346.25	11.25	
64	346.25	11.25	
64	346.25	11.25	
64	346.25	11.25	
64	346.25	11.25	
64	346.25	11.25	
64	346.25	11.25	
64	346.25	11.25	
65	0	0	
65	0	0	
65	0	0	
65	0	0	
65	0	0	
65	0	0	
65	0	0	
65	0	0	
65	0	0	
65	0	0	
65	0	0	
65	0	0	
65	0	0	
65	0	0	
65	0	0	
65	0	0	
65	0	0	
65	0	0	
65	0	0	
65	0	0	
65	0	0	
65	0	0	
65	1.25	2.5	
65	5	2.5	
65	11.25	2.5	
65	40	0	
65	52.5	0	
65	80	-1.25	
65	96.25	-3.75	
65	111.25	-5	
65	157.5	-7.5	
65	171.25	-7.5	
65	186.25	-7.5	
65	211.25	-8.75	
65	223.75	-8.75	
65	253.75	-8.75	
65	263.75	-7.5	
65	273.75	-7.5	
65	283.75	-7.5	
65	292.5	-8.75	
65	317.5	-8.75	
65	323.75	-8.75	
65	330	-8.75	
65	340	-7.5	
65	345	-7.5	
65	348.75	-7.5	
65	348.75	-7.5	
65	348.75	-7.5	
65	348.75	-7.5	
65	348.75	-7.5	
65	348.75	-7.5	
65	348.75	-7.5	
65	348.75	-7.5	
65	348.75	-7.5	
65	348.75	-7.5	
65	348.75	-7.5	
65	348.75	-7.5	
65	348.75	-7.5	
65	348.75	-7.5	
65	348.75	-7.5	
65	348.75	-7.5	
65	348.75	-7.5	
65	348.75	-7.5	
65	348.75	-7.5	
65	348.75	-7.5	
65	348.75	-7.5	
65	348.75	-7.5	
65	348.75	-7.5	
65	348.75	-7.5	
65	348.75	-7.5	
65	348.75	-7.5	
65	348.75	-7.5	
65	348.75	-7.5	
65	348.75	-7.5	
66	0	0	
66	0	0	
66	0	0	
66	0	0	
66	0	0	
66	0	0	
66	0	0	
66	0	0	
66	0	0	
66	0	0	
66	0	0	
66	0	0	
66	0	0	
66	0	0	
66	0	0	
66	0	0	
66	0	0	
66	3.75	0	
66	7.5	-1.25	
66	13.75	-3.75	
66	51.25	-7.5	
66	62.5	-7.5	
66	75	-7.5	
66	87.5	-7.5	
66	113.75	-7.5	
66	127.5	-7.5	
66	143.75	-7.5	
66	171.25	-11.25	
66	185	-12.5	
66	197.5	-15	
66	242.5	-27.5	
66	251.25	-30	
66	260	-33.75	
66	267.5	-35	
66	281.25	-38.75	
66	292.5	-41.25	
66	297.5	-42.5	
66	303.75	-45	
66	307.5	-45	
66	311.25	-45	
66	313.75	-45	
66	315	-46.25	
66	315	-46.25	
66	315	-46.25	
66	315	-46.25	
66	315	-46.25	
66	316.25	-46.25	
66	317.5	-46.25	
66	317.5	-46.25	
66	317.5	-46.25	
66	317.5	-46.25	
66	318.75	-46.25	
66	318.75	-46.25	
66	318.75	-48.75	
66	318.75	-48.75	
66	318.75	-48.75	
66	318.75	-48.75	
66	320	-48.75	
66	320	-48.75	
66	320	-48.75	
66	320	-48.75	
66	320	-48.75	
66	320	-48.75	
66	321.25	-48.75	
66	321.25	-48.75	
66	321.25	-48.75	
66	321.25	-48.75	
66	321.25	-48.75	
66	321.25	-48.75	
66	321.25	-48.75	
66	321.25	-48.75	
66	321.25	-48.75	
66	321.25	-48.75	
66	321.25	-48.75	
67	0	0	
67	0	0	
67	0	0	
67	0	0	
67	0	0	
67	0	0	
67	0	0	
67	0	0	
67	0	0	
67	0	0	
67	1.25	0	
67	1.25	0	
67	1.25	0	
67	1.25	0	
67	1.25	0	
67	1.25	0	
67	1.25	0	
67	1.25	0	
67	1.25	0	
67	1.25	0	
67	2.5	0	
67	5	0	
67	11.25	2.5	
67	23.75	3.75	
67	31.25	3.75	
67	48.75	0	
67	68.75	-5	
67	80	-7.5	
67	91.25	-11.25	
67	115	-16.25	
67	137.5	-22.5	
67	147.5	-22.5	
67	168.75	-26.25	
67	188.75	-26.25	
67	197.5	-26.25	
67	216.25	-27.5	
67	232.5	-30	
67	240	-30	
67	247.5	-31.25	
67	253.75	-33.75	
67	273.75	-33.75	
67	280	-33.75	
67	290	-33.75	
67	292.5	-33.75	
67	298.75	-35	
67	301.25	-35	
67	303.75	-35	
67	303.75	-35	
67	303.75	-35	
67	303.75	-35	
67	305	-35	
67	305	-35	
67	305	-35	
67	305	-35	
67	305	-35	
67	305	-35	
67	305	-35	
67	305	-35	
67	305	-35	
67	305	-35	
67	305	-35	
67	305	-35	
67	305	-35	
67	305	-35	
67	305	-35	
67	305	-35	
67	305	-35	
67	305	-35	
67	305	-35	
67	305	-35	
67	305	-35	
67	305	-35	
67	305	-35	
67	305	-35	
68	0	0	
68	0	0	
68	0	0	
68	0	0	
68	0	0	
68	0	0	
68	0	0	
68	0	0	
68	0	0	
68	0	0	
68	0	0	
68	0	0	
68	0	0	
68	0	0	
68	0	0	
68	0	0	
68	0	0	
68	0	0	
68	0	0	
68	1.25	0	
68	15	2.5	
68	22.5	0	
68	47.5	-5	
68	61.25	-8.75	
68	76.25	-12.5	
68	122.5	-26.25	
68	153.75	-33.75	
68	168.75	-37.5	
68	183.75	-38.75	
68	197.5	-41.25	
68	236.25	-45	
68	246.25	-45	
68	262.5	-45	
68	268.75	-45	
68	273.75	-45	
68	286.25	-45	
68	290	-45	
68	291.25	-45	
68	292.5	-45	
68	293.75	-45	
68	293.75	-45	
68	293.75	-45	
68	293.75	-45	
68	293.75	-45	
68	293.75	-45	
68	293.75	-45	
68	293.75	-45	
68	293.75	-45	
68	293.75	-45	
68	293.75	-45	
68	293.75	-45	
68	293.75	-45	
68	293.75	-45	
68	293.75	-45	
68	293.75	-45	
68	293.75	-45	
68	293.75	-45	
68	293.75	-45	
68	293.75	-45	
68	293.75	-45	
68	293.75	-45	
68	293.75	-45	
68	293.75	-45	
68	293.75	-45	
68	293.75	-45	
68	292.5	-45	
68	292.5	-45	
68	291.25	-45	
68	291.25	-45	
68	291.25	-45	
68	291.25	-45	
68	291.25	-45	
68	291.25	-45	
68	291.25	-45	
69	0	0	
69	0	0	
69	0	0	
69	0	0	
69	0	0	
69	0	0	
69	0	0	
69	0	0	
69	0	0	
69	0	0	
69	0	0	
69	0	0	
69	0	0	
69	0	0	
69	0	0	
69	0	2.5	
69	0	2.5	
69	0	2.5	
69	0	2.5	
69	1.25	3.75	
69	17.5	7.5	
69	26.25	10	
69	50	15	
69	62.5	18.75	
69	78.75	22.5	
69	133.75	32.5	
69	152.5	32.5	
69	171.25	30	
69	207.5	26.25	
69	223.75	22.5	
69	266.25	13.75	
69	280	11.25	
69	305	7.5	
69	316.25	7.5	
69	326.25	6.25	
69	345	0	
69	345	0	
69	345	0	
69	345	0	
69	345	0	
69	345	0	
69	345	0	
69	345	0	
69	345	0	
69	345	0	
69	345	0	
69	345	0	
69	345	0	
69	345	0	
69	345	0	
69	345	0	
69	345	0	
69	345	0	
69	345	0	
69	345	0	
69	345	0	
69	345	0	
69	345	0	
69	345	0	
69	345	0	
69	345	0	
69	345	0	
69	345	0	
69	345	0	
69	345	0	
69	345	0	
69	345	0	
69	345	0	
69	348.75	-3.75	
69	348.75	-3.75	
69	346.25	-3.75	
69	345	-3.75	
69	345	-3.75	
69	343.75	-3.75	
70	0	0	
70	0	0	
70	0	0	
70	0	0	
70	0	0	
70	0	0	
70	0	0	
70	0	0	
70	0	0	
70	0	0	
70	0	0	
70	0	0	
70	0	0	
70	0	0	
70	0	0	
70	0	0	
70	0	0	
70	0	2.5	
70	2.5	3.75	
70	11.25	7.5	
70	25	7.5	
70	33.75	10	
70	53.75	7.5	
70	80	3.75	
70	95	0	
70	132.5	-11.25	
70	153.75	-15	
70	172.5	-18.75	
70	192.5	-23.75	
70	230	-30	
70	266.25	-37.5	
70	296.25	-41.25	
70	310	-45	
70	332.5	-48.75	
70	341.25	-52.5	
70	341.25	-52.5	
70	341.25	-52.5	
70	341.25	-52.5	
70	341.25	-52.5	
70	341.25	-52.5	
70	341.25	-52.5	
70	341.25	-52.5	
70	341.25	-52.5	
70	341.25	-52.5	
70	341.25	-52.5	
70	341.25	-52.5	
70	341.25	-52.5	
70	341.25	-52.5	
70	341.25	-52.5	
70	341.25	-52.5	
70	341.25	-52.5	
70	341.25	-52.5	
70	341.25	-52.5	
70	341.25	-52.5	
70	341.25	-52.5	
70	341.25	-52.5	
70	341.25	-52.5	
70	341.25	-52.5	
70	341.25	-52.5	
70	341.25	-52.5	
70	341.25	-52.5	
70	341.25	-52.5	
70	341.25	-52.5	
70	341.25	-52.5	
70	341.25	-52.5	
70	341.25	-52.5	
70	341.25	-52.5	
70	341.25	-52.5	
70	341.25	-52.5	
70	341.25	-52.5	
70	341.25	-52.5	
70	341.25	-52.5	
70	341.25	-52.5	
70	341.25	-52.5	
71	0	0	
71	0	0	
71	0	0	
71	0	0	
71	0	0	
71	0	0	
71	0	0	
71	0	0	
71	0	0	
71	0	0	
71	0	0	
71	0	0	
71	0	0	
71	0	0	
71	0	0	
71	0	0	
71	0	0	
71	0	0	
71	0	0	
71	1.25	0	
71	8.75	2.5	
71	13.75	2.5	
71	20	2.5	
71	23.75	0	
71	38.75	-1.25	
71	67.5	-7.5	
71	78.75	-11.25	
71	90	-12.5	
71	115	-18.75	
71	127.5	-23.75	
71	155	-31.25	
71	170	-37.5	
71	185	-41.25	
71	201.25	-46.25	
71	233.75	-56.25	
71	273.75	-61.25	
71	283.75	-63.75	
71	300	-65	
71	306.25	-65	
71	311.25	-65	
71	321.25	-67.5	
71	323.75	-67.5	
71	325	-67.5	
71	326.25	-67.5	
71	328.75	-67.5	
71	330	-67.5	
71	330	-67.5	
71	330	-67.5	
71	330	-67.5	
71	330	-67.5	
71	330	-67.5	
71	330	-67.5	
71	330	-67.5	
71	330	-67.5	
71	330	-67.5	
71	328.75	-65	
71	328.75	-65	
71	328.75	-65	
71	328.75	-65	
71	328.75	-65	
71	327.5	-63.75	
71	326.25	-63.75	
71	326.25	-63.75	
71	326.25	-63.75	
71	326.25	-63.75	
71	325	-63.75	
71	325	-63.75	
71	325	-63.75	
71	325	-63.75	
71	323.75	-63.75	
71	323.75	-63.75	
71	323.75	-63.75	
71	322.5	-61.25	
71	322.5	-61.25	
72	0	0	
72	0	0	
72	0	0	
72	0	0	
72	0	0	
72	0	0	
72	0	0	
72	0	0	
72	0	0	
72	0	0	
72	0	0	
72	0	0	
72	0	0	
72	0	0	
72	0	0	
72	0	0	
72	0	0	
72	0	0	
72	0	0	
72	0	0	
72	0	0	
72	0	0	
72	0	0	
72	0	0	
72	0	0	
72	1.25	0	
72	3.75	0	
72	8.75	0	
72	13.75	0	
72	27.5	3.75	
72	57.5	7.5	
72	68.75	7.5	
72	82.5	10	
72	110	13.75	
72	126.25	15	
72	170	11.25	
72	182.5	10	
72	195	6.25	
72	206.25	0	
72	228.75	-8.75	
72	261.25	-23.75	
72	271.25	-30	
72	280	-31.25	
72	286.25	-33.75	
72	297.5	-37.5	
72	305	-41.25	
72	307.5	-41.25	
72	311.25	-41.25	
72	311.25	-41.25	
72	312.5	-41.25	
72	313.75	-41.25	
72	313.75	-41.25	
72	313.75	-42.5	
72	313.75	-42.5	
72	313.75	-42.5	
72	313.75	-42.5	
72	313.75	-42.5	
72	313.75	-42.5	
72	313.75	-42.5	
72	313.75	-42.5	
72	313.75	-42.5	
72	313.75	-42.5	
72	313.75	-42.5	
72	313.75	-42.5	
72	313.75	-42.5	
72	313.75	-42.5	
72	313.75	-42.5	
72	313.75	-42.5	
72	313.75	-42.5	
72	313.75	-42.5	
72	313.75	-42.5	
72	313.75	-42.5	
72	313.75	-42.5	
72	313.75	-42.5	
73	0	0	
73	0	0	
73	0	0	
73	0	0	
73	0	0	
73	-1.25	0	
73	-1.25	0	
73	-1.25	0	
73	-1.25	0	
73	-1.25	0	
73	-1.25	0	
73	-1.25	0	
73	-1.25	0	
73	-1.25	0	
73	-1.25	0	
73	-1.25	0	
73	-1.25	0	
73	-1.25	0	
73	-1.25	0	
73	-1.25	0	
73	-1.25	0	
73	-1.25	0	
73	-1.25	0	
73	-1.25	0	
73	0	0	
73	7.5	-3.75	
73	16.25	-3.75	
73	25	-7.5	
73	36.25	-8.75	
73	63.75	-15	
73	97.5	-20	
73	132.5	-26.25	
73	150	-30	
73	180	-37.5	
73	195	-38.75	
73	231.25	-45	
73	242.5	-46.25	
73	252.5	-48.75	
73	261.25	-48.75	
73	276.25	-50	
73	293.75	-52.5	
73	298.75	-50	
73	302.5	-52.5	
73	310	-50	
73	313.75	-48.75	
73	321.25	-46.25	
73	326.25	-41.25	
73	326.25	-41.25	
73	331.25	-35	
73	333.75	-33.75	
73	338.75	-22.5	
73	338.75	-20	
73	341.25	-15	
73	341.25	-12.5	
73	341.25	-11.25	
73	341.25	-7.5	
73	341.25	-7.5	
73	341.25	-5	
73	340	-3.75	
73	340	-3.75	
73	340	-3.75	
73	340	-3.75	
73	340	-3.75	
73	340	-3.75	
73	340	-3.75	
73	340	-3.75	
73	340	-3.75	
73	340	-3.75	
73	340	-3.75	
73	340	-3.75	
73	340	-3.75	
73	340	-1.25	
73	340	-1.25	
73	340	-1.25	
74	0	0	
74	0	0	
74	0	0	
74	0	0	
74	0	0	
74	0	0	
74	0	0	
74	0	0	
74	0	0	
74	0	0	
74	0	0	
74	0	0	
74	0	0	
74	0	0	
74	0	0	
74	0	0	
74	0	0	
74	0	0	
74	0	0	
74	0	0	
74	0	0	
74	1.25	0	
74	3.75	0	
74	11.25	-3.75	
74	17.5	-3.75	
74	43.75	-5	
74	56.25	-5	
74	82.5	-5	
74	97.5	-5	
74	111.25	-5	
74	148.75	-5	
74	160	-5	
74	170	-7.5	
74	187.5	-7.5	
74	196.25	-7.5	
74	220	-11.25	
74	227.5	-11.25	
74	238.75	-11.25	
74	243.75	-11.25	
74	248.75	-11.25	
74	261.25	-11.25	
74	266.25	-8.75	
74	270	-7.5	
74	276.25	-7.5	
74	278.75	-7.5	
74	286.25	-5	
74	288.75	-5	
74	295	-3.75	
74	298.75	-5	
74	301.25	-3.75	
74	307.5	-3.75	
74	310	-3.75	
74	311.25	-3.75	
74	312.5	-3.75	
74	312.5	-1.25	
74	313.75	-1.25	
74	313.75	-1.25	
74	313.75	-1.25	
74	313.75	-1.25	
74	315	-1.25	
74	315	-1.25	
74	315	-1.25	
74	315	-1.25	
74	315	-1.25	
74	315	-1.25	
74	315	-1.25	
74	315	-1.25	
74	315	-1.25	
74	315	-1.25	
74	315	-1.25	
74	315	-1.25	
74	315	-1.25	
74	315	-1.25	
74	315	-1.25	
75	0	0	
75	0	0	
75	0	0	
75	0	0	
75	0	0	
75	0	0	
75	0	0	
75	0	0	
75	0	0	
75	0	0	
75	0	0	
75	0	0	
75	0	0	
75	0	0	
75	0	0	
75	0	1.25	
75	0	0	
75	0	-2.5	
75	5	-6.25	
75	10	-10	
75	21.25	-13.75	
75	32.5	-18.75	
75	43.75	-22.5	
75	70	-32.5	
75	86.25	-36.25	
75	141.25	-43.75	
75	158.75	-45	
75	177.5	-47.5	
75	212.5	-45	
75	228.75	-45	
75	270	-40	
75	283.75	-36.25	
75	296.25	-33.75	
75	307.5	-32.5	
75	325	-25	
75	338.75	-21.25	
75	345	-18.75	
75	345	-18.75	
75	345	-18.75	
75	345	-18.75	
75	345	-18.75	
75	345	-18.75	
75	345	-18.75	
75	345	-18.75	
75	345	-18.75	
75	345	-18.75	
75	345	-18.75	
75	345	-18.75	
75	345	-18.75	
75	345	-18.75	
75	345	-18.75	
75	345	-18.75	
75	345	-18.75	
75	345	-18.75	
75	345	-18.75	
75	345	-18.75	
75	345	-18.75	
75	345	-18.75	
75	345	-18.75	
75	345	-18.75	
75	345	-18.75	
75	345	-18.75	
75	345	-18.75	
75	345	-18.75	
75	345	-18.75	
75	345	-18.75	
75	345	-18.75	
75	345	-18.75	
75	345	-18.75	
75	345	-18.75	
75	345	-18.75	
75	345	-18.75	
75	345	-18.75	
75	345	-18.75	
76	0	0	
76	0	0	
76	0	0	
76	0	0	
76	0	0	
76	0	0	
76	0	0	
76	0	0	
76	0	0	
76	0	0	
76	0	0	
76	0	0	
76	0	0	
76	0	0	
76	0	0	
76	0	0	
76	0	0	
76	0	0	
76	0	0	
76	1.25	0	
76	13.75	0	
76	22.5	0	
76	31.25	0	
76	53.75	-3.75	
76	67.5	-5	
76	101.25	-8.75	
76	118.75	-11.25	
76	157.5	-15	
76	177.5	-15	
76	198.75	-12.5	
76	253.75	-11.25	
76	253.75	-11.25	
76	271.25	-11.25	
76	287.5	-11.25	
76	311.25	-11.25	
76	328.75	-12.5	
76	338.75	-15	
76	342.5	-15	
76	345	-15	
76	346.25	-15	
76	348.75	-15	
76	348.75	-15	
76	348.75	-15	
76	348.75	-15	
76	348.75	-15	
76	348.75	-15	
76	348.75	-15	
76	348.75	-15	
76	348.75	-15	
76	348.75	-15	
76	348.75	-15	
76	348.75	-15	
76	348.75	-15	
76	348.75	-15	
76	348.75	-15	
76	348.75	-15	
76	348.75	-15	
76	348.75	-15	
76	348.75	-15	
76	348.75	-15	
76	348.75	-15	
76	348.75	-15	
76	348.75	-15	
76	348.75	-15	
76	348.75	-15	
76	348.75	-15	
76	348.75	-15	
76	348.75	-15	
76	348.75	-15	
76	348.75	-15	
76	348.75	-15	
76	348.75	-15	
76	348.75	-15	
76	348.75	-15	
77	0	0	
77	0	0	
77	0	0	
77	0	0	
77	0	0	
77	0	0	
77	0	0	
77	0	0	
77	0	0	
77	0	0	
77	0	0	
77	0	0	
77	0	0	
77	0	0	
77	0	0	
77	0	0	
77	0	0	
77	2.5	2.5	
77	3.75	3.75	
77	15	6.25	
77	30	10	
77	38.75	11.25	
77	61.25	15	
77	73.75	15	
77	101.25	21.25	
77	132.5	26.25	
77	162.5	31.25	
77	176.25	31.25	
77	191.25	33.75	
77	220	35	
77	250	38.75	
77	263.75	41.25	
77	290	41.25	
77	301.25	38.75	
77	321.25	35	
77	337.5	31.25	
77	337.5	31.25	
77	337.5	31.25	
77	337.5	31.25	
77	337.5	31.25	
77	337.5	31.25	
77	337.5	31.25	
77	337.5	31.25	
77	337.5	31.25	
77	337.5	31.25	
77	337.5	31.25	
77	337.5	31.25	
77	337.5	31.25	
77	337.5	31.25	
77	337.5	31.25	
77	337.5	31.25	
77	337.5	31.25	
77	337.5	31.25	
77	337.5	31.25	
77	337.5	31.25	
77	337.5	31.25	
77	337.5	31.25	
77	337.5	31.25	
77	337.5	31.25	
77	337.5	31.25	
77	337.5	31.25	
77	337.5	31.25	
77	337.5	31.25	
77	337.5	31.25	
77	337.5	31.25	
77	337.5	31.25	
77	337.5	31.25	
77	337.5	31.25	
77	337.5	31.25	
77	337.5	31.25	
77	337.5	31.25	
77	337.5	31.25	
77	337.5	31.25	
77	337.5	31.25	
78	0	0	
78	0	0	
78	0	0	
78	0	0	
78	0	0	
78	0	0	
78	0	0	
78	0	0	
78	0	0	
78	0	0	
78	0	0	
78	0	0	
78	0	0	
78	0	0	
78	0	0	
78	0	0	
78	0	0	
78	0	0	
78	1.25	0	
78	7.5	1.25	
78	18.75	5	
78	35	8.75	
78	46.25	8.75	
78	58.75	12.5	
78	71.25	16.25	
78	121.25	27.5	
78	140	31.25	
78	178.75	37.5	
78	196.25	38.75	
78	228.75	41.25	
78	255	42.5	
78	277.5	41.25	
78	287.5	41.25	
78	295	41.25	
78	302.5	41.25	
78	320	38.75	
78	323.75	37.5	
78	331.25	31.25	
78	335	30	
78	341.25	23.75	
78	347.5	18.75	
78	347.5	18.75	
78	347.5	18.75	
78	347.5	18.75	
78	347.5	18.75	
78	347.5	18.75	
78	347.5	18.75	
78	347.5	18.75	
78	347.5	18.75	
78	347.5	18.75	
78	347.5	18.75	
78	347.5	18.75	
78	347.5	18.75	
78	347.5	18.75	
78	347.5	18.75	
78	347.5	18.75	
78	347.5	18.75	
78	347.5	18.75	
78	347.5	18.75	
78	347.5	18.75	
78	347.5	18.75	
78	347.5	18.75	
78	347.5	18.75	
78	347.5	18.75	
78	347.5	18.75	
78	347.5	18.75	
78	347.5	18.75	
78	347.5	18.75	
78	347.5	18.75	
78	347.5	18.75	
78	347.5	18.75	
78	347.5	18.75	
78	347.5	18.75	
78	347.5	18.75	
79	0	0	
79	0	0	
79	0	0	
79	0	0	
79	0	-1.25	
79	0	-1.25	
79	0	-1.25	
79	0	-1.25	
79	0	-1.25	
79	-1.25	0	
79	-1.25	0	
79	-1.25	0	
79	-1.25	0	
79	-1.25	0	
79	-1.25	0	
79	-1.25	0	
79	-1.25	0	
79	0	0	
79	3.75	2.5	
79	7.5	3.75	
79	45	11.25	
79	57.5	15	
79	72.5	17.5	
79	88.75	18.75	
79	123.75	21.25	
79	160	22.5	
79	193.75	22.5	
79	193.75	22.5	
79	212.5	21.25	
79	228.75	18.75	
79	282.5	15	
79	292.5	15	
79	302.5	15	
79	310	15	
79	323.75	11.25	
79	332.5	7.5	
79	338.75	3.75	
79	341.25	3.75	
79	343.75	2.5	
79	346.25	0	
79	348.75	-3.75	
79	348.75	-3.75	
79	348.75	-3.75	
79	348.75	-3.75	
79	348.75	-3.75	
79	348.75	-3.75	
79	348.75	-3.75	
79	348.75	-3.75	
79	348.75	-3.75	
79	348.75	-3.75	
79	348.75	-3.75	
79	348.75	-3.75	
79	348.75	-3.75	
79	348.75	-3.75	
79	348.75	-3.75	
79	348.75	-3.75	
79	348.75	-3.75	
79	348.75	-3.75	
79	348.75	-3.75	
79	348.75	-3.75	
79	348.75	-3.75	
79	348.75	-3.75	
79	348.75	-3.75	
79	348.75	-3.75	
79	348.75	-3.75	
79	348.75	-3.75	
79	348.75	-3.75	
79	348.75	-3.75	
79	348.75	-3.75	
79	348.75	-3.75	
79	348.75	-3.75	
79	348.75	-3.75	
79	348.75	-3.75	
79	348.75	-3.75	
80	0	0	
80	0	0	
80	0	0	
80	0	0	
80	0	0	
80	0	0	
80	0	0	
80	0	0	
80	0	0	
80	0	0	
80	0	0	
80	0	0	
80	0	0	
80	0	0	
80	0	0	
80	0	0	
80	0	0	
80	0	0	
80	0	0	
80	0	0	
80	0	0	
80	0	0	
80	1.25	2.5	
80	3.75	3.75	
80	10	6.25	
80	20	10	
80	33.75	15	
80	42.5	17.5	
80	51.25	18.75	
80	62.5	18.75	
80	100	22.5	
80	113.75	22.5	
80	141.25	25	
80	155	25	
80	182.5	26.25	
80	207.5	28.75	
80	230	28.75	
80	241.25	28.75	
80	251.25	28.75	
80	261.25	26.25	
80	285	25	
80	291.25	22.5	
80	296.25	21.25	
80	306.25	15	
80	312.5	11.25	
80	317.5	10	
80	318.75	7.5	
80	320	7.5	
80	321.25	7.5	
80	321.25	6.25	
80	325	3.75	
80	325	3.75	
80	328.75	3.75	
80	330	2.5	
80	335	0	
80	337.5	0	
80	340	-1.25	
80	341.25	-3.75	
80	342.5	-3.75	
80	342.5	-3.75	
80	343.75	-3.75	
80	343.75	-3.75	
80	343.75	-3.75	
80	343.75	-3.75	
80	343.75	-3.75	
80	343.75	-3.75	
80	343.75	-3.75	
80	343.75	-3.75	
80	343.75	-3.75	
80	343.75	-3.75	
80	343.75	-3.75	
80	343.75	-3.75	
80	343.75	-3.75	
80	343.75	-3.75	
81	0	0	
81	0	0	
81	0	0	
81	0	0	
81	0	0	
81	0	0	
81	0	0	
81	0	0	
81	0	0	
81	0	0	
81	0	0	
81	0	0	
81	0	0	
81	0	0	
81	0	0	
81	1.25	0	
81	1.25	0	
81	2.5	0	
81	3.75	0	
81	11.25	0	
81	25	0	
81	42.5	0	
81	52.5	0	
81	65	0	
81	78.75	-1.25	
81	127.5	-5	
81	162.5	-7.5	
81	177.5	-7.5	
81	192.5	-7.5	
81	218.75	-7.5	
81	241.25	-7.5	
81	261.25	-7.5	
81	270	-5	
81	278.75	-3.75	
81	286.25	-3.75	
81	307.5	-1.25	
81	316.25	-1.25	
81	320	-1.25	
81	322.5	-1.25	
81	325	-1.25	
81	327.5	-1.25	
81	327.5	-1.25	
81	327.5	-1.25	
81	327.5	-1.25	
81	327.5	-1.25	
81	327.5	-1.25	
81	327.5	-1.25	
81	327.5	-1.25	
81	327.5	-1.25	
81	327.5	-1.25	
81	327.5	-1.25	
81	327.5	-1.25	
81	327.5	-1.25	
81	327.5	-1.25	
81	327.5	-1.25	
81	327.5	-1.25	
81	328.75	0	
81	328.75	0	
81	328.75	0	
81	328.75	0	
81	328.75	0	
81	328.75	0	
81	328.75	0	
81	328.75	0	
81	328.75	0	
81	328.75	0	
81	328.75	0	
81	328.75	0	
81	328.75	0	
81	328.75	0	
81	328.75	0	
81	328.75	0	
81	328.75	0	
81	328.75	0	
82	0	0	
82	0	0	
82	0	0	
82	0	0	
82	0	0	
82	0	0	
82	0	0	
82	0	0	
82	0	0	
82	0	0	
82	0	0	
82	0	0	
82	0	0	
82	0	0	
82	0	0	
82	0	0	
82	0	0	
82	2.5	0	
82	6.25	0	
82	17.5	0	
82	47.5	0	
82	61.25	-1.25	
82	75	-1.25	
82	91.25	-3.75	
82	125	-3.75	
82	158.75	-7.5	
82	175	-7.5	
82	205	-8.75	
82	220	-8.75	
82	247.5	-8.75	
82	272.5	-7.5	
82	292.5	-7.5	
82	300	-5	
82	307.5	-5	
82	316.25	-3.75	
82	321.25	-3.75	
82	322.5	-3.75	
82	325	-3.75	
82	326.25	-3.75	
82	326.25	-3.75	
82	326.25	-3.75	
82	326.25	-3.75	
82	326.25	-3.75	
82	326.25	-3.75	
82	327.5	-5	
82	327.5	-5	
82	327.5	-5	
82	327.5	-5	
82	327.5	-5	
82	327.5	-5	
82	327.5	-3.75	
82	327.5	-3.75	
82	327.5	-3.75	
82	327.5	-5	
82	327.5	-5	
82	327.5	-5	
82	327.5	-5	
82	327.5	-5	
82	327.5	-5	
82	327.5	-5	
82	327.5	-5	
82	327.5	-5	
82	327.5	-5	
82	327.5	-5	
82	327.5	-5	
82	327.5	-5	
82	327.5	-5	
82	327.5	-5	
82	327.5	-5	
82	327.5	-5	
82	327.5	-5	
82	327.5	-5	
82	327.5	-5	
82	327.5	-5	
83	0	0	
83	0	0	
83	0	0	
83	0	0	
83	0	0	
83	0	0	
83	0	0	
83	0	0	
83	0	0	
83	0	0	
83	0	0	
83	0	0	
83	0	0	
83	0	0	
83	0	0	
83	0	0	
83	0	0	
83	0	0	
83	0	1.25	
83	2.5	0	
83	16.25	0	
83	23.75	-2.5	
83	42.5	0	
83	55	0	
83	81.25	3.75	
83	112.5	7.5	
83	145	8.75	
83	145	8.75	
83	163.75	8.75	
83	180	11.25	
83	223.75	8.75	
83	235	8.75	
83	256.25	5	
83	265	5	
83	280	1.25	
83	290	0	
83	296.25	-2.5	
83	298.75	-2.5	
83	300	-2.5	
83	301.25	-2.5	
83	303.75	-2.5	
83	303.75	-2.5	
83	303.75	-2.5	
83	303.75	-2.5	
83	303.75	-2.5	
83	303.75	-2.5	
83	303.75	-2.5	
83	303.75	-2.5	
83	303.75	-2.5	
83	303.75	-2.5	
83	305	-3.75	
83	305	-3.75	
83	305	-3.75	
83	305	-3.75	
83	305	-3.75	
83	305	-3.75	
83	305	-3.75	
83	305	-3.75	
83	305	-3.75	
83	305	-3.75	
83	306.25	-3.75	
83	306.25	-3.75	
83	306.25	-3.75	
83	306.25	-3.75	
83	306.25	-3.75	
83	306.25	-3.75	
83	306.25	-3.75	
83	306.25	-3.75	
83	306.25	-3.75	
83	306.25	-3.75	
83	306.25	-3.75	
83	306.25	-3.75	
83	306.25	-3.75	
83	306.25	-3.75	
84	0	0	
84	0	0	
84	0	0	
84	0	0	
84	0	0	
84	0	0	
84	0	0	
84	0	0	
84	0	0	
84	0	0	
84	0	0	
84	0	0	
84	0	0	
84	0	0	
84	0	0	
84	0	0	
84	0	0	
84	0	0	
84	0	0	
84	0	0	
84	6.25	1.25	
84	11.25	1.25	
84	27.5	3.75	
84	37.5	5	
84	48.75	5	
84	87.5	3.75	
84	116.25	-2.5	
84	132.5	-6.25	
84	148.75	-10	
84	165	-13.75	
84	213.75	-21.25	
84	230	-22.5	
84	256.25	-28.75	
84	267.5	-30	
84	278.75	-32.5	
84	303.75	-40	
84	317.5	-41.25	
84	322.5	-43.75	
84	326.25	-43.75	
84	330	-43.75	
84	335	-47.5	
84	336.25	-47.5	
84	336.25	-47.5	
84	337.5	-47.5	
84	337.5	-47.5	
84	337.5	-47.5	
84	337.5	-47.5	
84	337.5	-47.5	
84	337.5	-47.5	
84	337.5	-47.5	
84	337.5	-47.5	
84	337.5	-47.5	
84	337.5	-47.5	
84	337.5	-47.5	
84	337.5	-47.5	
84	337.5	-47.5	
84	337.5	-47.5	
84	337.5	-47.5	
84	337.5	-47.5	
84	337.5	-47.5	
84	337.5	-47.5	
84	337.5	-47.5	
84	337.5	-47.5	
84	337.5	-47.5	
84	337.5	-47.5	
84	337.5	-47.5	
84	337.5	-47.5	
84	337.5	-47.5	
84	337.5	-47.5	
84	337.5	-47.5	
84	337.5	-47.5	
84	337.5	-47.5	
84	337.5	-47.5	
84	337.5	-47.5	
85	0	0	
85	0	0	
85	0	0	
85	0	0	
85	0	0	
85	0	0	
85	0	0	
85	0	0	
85	0	0	
85	0	0	
85	0	0	
85	0	0	
85	0	0	
85	0	0	
85	0	0	
85	0	0	
85	0	0	
85	1.25	0	
85	5	1.25	
85	16.25	1.25	
85	35	3.75	
85	60	5	
85	73.75	5	
85	90	7.5	
85	106.25	7.5	
85	160	5	
85	177.5	1.25	
85	212.5	-2.5	
85	230	-3.75	
85	258.75	-6.25	
85	283.75	-10	
85	302.5	-10	
85	310	-11.25	
85	318.75	-11.25	
85	323.75	-11.25	
85	336.25	-11.25	
85	337.5	-10	
85	340	-10	
85	341.25	-10	
85	342.5	-10	
85	342.5	-10	
85	342.5	-10	
85	342.5	-10	
85	342.5	-10	
85	342.5	-10	
85	342.5	-10	
85	342.5	-10	
85	342.5	-10	
85	342.5	-10	
85	342.5	-10	
85	342.5	-10	
85	342.5	-10	
85	342.5	-10	
85	342.5	-10	
85	342.5	-10	
85	342.5	-10	
85	343.75	-10	
85	343.75	-10	
85	343.75	-10	
85	343.75	-11.25	
85	343.75	-11.25	
85	343.75	-11.25	
85	343.75	-11.25	
85	343.75	-11.25	
85	343.75	-11.25	
85	343.75	-11.25	
85	343.75	-11.25	
85	343.75	-11.25	
85	343.75	-11.25	
85	343.75	-11.25	
85	343.75	-11.25	
85	343.75	-11.25	
85	343.75	-11.25	
85	343.75	-11.25	
86	0	0	
86	0	0	
86	0	0	
86	0	0	
86	0	0	
86	0	0	
86	0	0	
86	0	0	
86	0	0	
86	0	0	
86	0	0	
86	0	0	
86	0	0	
86	0	0	
86	0	0	
86	0	0	
86	0	0	
86	0	2.5	
86	2.5	2.5	
86	10	2.5	
86	22.5	3.75	
86	42.5	3.75	
86	55	6.25	
86	86.25	10	
86	105	11.25	
86	145	13.75	
86	182.5	11.25	
86	198.75	11.25	
86	213.75	11.25	
86	240	11.25	
86	263.75	11.25	
86	285	11.25	
86	293.75	13.75	
86	308.75	15	
86	316.25	15	
86	326.25	15	
86	333.75	15	
86	336.25	15	
86	337.5	15	
86	340	15	
86	341.25	15	
86	341.25	15	
86	341.25	15	
86	341.25	15	
86	341.25	15	
86	341.25	15	
86	341.25	15	
86	341.25	15	
86	341.25	15	
86	341.25	15	
86	341.25	15	
86	341.25	15	
86	341.25	15	
86	341.25	15	
86	341.25	15	
86	341.25	15	
86	341.25	15	
86	341.25	15	
86	341.25	15	
86	341.25	15	
86	341.25	15	
86	341.25	15	
86	341.25	15	
86	341.25	15	
86	341.25	15	
86	341.25	15	
86	341.25	15	
86	341.25	15	
86	341.25	15	
86	341.25	15	
86	341.25	15	
86	341.25	15	
86	341.25	15	
86	341.25	15	
87	0	0	
87	0	0	
87	0	0	
87	0	0	
87	0	0	
87	0	0	
87	0	0	
87	0	0	
87	0	0	
87	0	0	
87	0	0	
87	0	0	
87	0	0	
87	0	0	
87	0	0	
87	0	0	
87	0	0	
87	3.75	-2.5	
87	7.5	-2.5	
87	13.75	-2.5	
87	45	-6.25	
87	58.75	-6.25	
87	73.75	-7.5	
87	106.25	-11.25	
87	123.75	-13.75	
87	177.5	-21.25	
87	195	-22.5	
87	228.75	-28.75	
87	245	-32.5	
87	258.75	-36.25	
87	298.75	-41.25	
87	310	-43.75	
87	318.75	-47.5	
87	335	-48.75	
87	341.25	-51.25	
87	341.25	-51.25	
87	341.25	-51.25	
87	341.25	-51.25	
87	341.25	-51.25	
87	341.25	-51.25	
87	341.25	-51.25	
87	341.25	-51.25	
87	341.25	-51.25	
87	341.25	-51.25	
87	341.25	-51.25	
87	341.25	-51.25	
87	341.25	-51.25	
87	341.25	-51.25	
87	341.25	-51.25	
87	341.25	-51.25	
87	341.25	-51.25	
87	341.25	-51.25	
87	341.25	-51.25	
87	341.25	-51.25	
87	341.25	-51.25	
87	341.25	-51.25	
87	341.25	-51.25	
87	341.25	-51.25	
87	341.25	-51.25	
87	341.25	-51.25	
87	341.25	-51.25	
87	341.25	-51.25	
87	341.25	-51.25	
87	341.25	-51.25	
87	341.25	-51.25	
87	341.25	-51.25	
87	341.25	-51.25	
87	341.25	-51.25	
87	341.25	-51.25	
87	341.25	-51.25	
87	341.25	-51.25	
87	341.25	-51.25	
87	341.25	-51.25	
87	341.25	-51.25	
88	0	0	
88	0	0	
88	0	0	
88	0	0	
88	0	0	
88	0	0	
88	0	0	
88	0	0	
88	0	0	
88	0	0	
88	0	0	
88	0	0	
88	0	0	
88	0	0	
88	0	0	
88	0	0	
88	1.25	-2.5	
88	3.75	-2.5	
88	15	-3.75	
88	23.75	-6.25	
88	60	-10	
88	76.25	-13.75	
88	112.5	-13.75	
88	133.75	-15	
88	155	-17.5	
88	216.25	-18.75	
88	233.75	-21.25	
88	248.75	-21.25	
88	272.5	-22.5	
88	282.5	-22.5	
88	305	-25	
88	310	-25	
88	317.5	-28.75	
88	318.75	-28.75	
88	321.25	-28.75	
88	323.75	-28.75	
88	325	-28.75	
88	325	-28.75	
88	325	-28.75	
88	325	-28.75	
88	326.25	-28.75	
88	326.25	-28.75	
88	326.25	-28.75	
88	326.25	-28.75	
88	326.25	-28.75	
88	326.25	-28.75	
88	326.25	-28.75	
88	326.25	-28.75	
88	326.25	-28.75	
88	326.25	-28.75	
88	326.25	-28.75	
88	326.25	-28.75	
88	326.25	-28.75	
88	326.25	-28.75	
88	326.25	-28.75	
88	326.25	-28.75	
88	326.25	-28.75	
88	326.25	-28.75	
88	326.25	-28.75	
88	326.25	-28.75	
88	326.25	-28.75	
88	326.25	-28.75	
88	326.25	-28.75	
88	326.25	-28.75	
88	326.25	-28.75	
88	326.25	-28.75	
88	326.25	-28.75	
88	326.25	-28.75	
88	326.25	-28.75	
88	326.25	-28.75	
88	326.25	-28.75	
88	326.25	-28.75	
88	326.25	-28.75	
88	326.25	-28.75	
89	0	0	
89	0	0	
89	0	0	
89	0	0	
89	0	0	
89	0	0	
89	0	0	
89	0	0	
89	0	0	
89	0	0	
89	0	0	
89	0	0	
89	0	0	
89	0	0	
89	0	0	
89	0	0	
89	0	0	
89	0	0	
89	0	0	
89	0	0	
89	0	0	
89	0	0	
89	1.25	-1.25	
89	5	-1.25	
89	10	-3.75	
89	21.25	-5	
89	51.25	-12.5	
89	65	-18.75	
89	80	-23.75	
89	117.5	-36.25	
89	136.25	-40	
89	172.5	-47.5	
89	202.5	-53.75	
89	215	-57.5	
89	227.5	-61.25	
89	250	-65	
89	277.5	-72.5	
89	285	-76.25	
89	290	-77.5	
89	296.25	-80	
89	303.75	-85	
89	311.25	-88.75	
89	315	-91.25	
89	316.25	-91.25	
89	317.5	-92.5	
89	318.75	-95	
89	318.75	-95	
89	318.75	-95	
89	318.75	-92.5	
89	318.75	-91.25	
89	320	-81.25	
89	320	-70	
89	320	-57.5	
89	318.75	-51.25	
89	320	-43.75	
89	320	-30	
89	320	-18.75	
89	320	-15	
89	320	-12.5	
89	320	-12.5	
89	320	-11.25	
89	320	-11.25	
89	320	-11.25	
89	320	-11.25	
89	320	-8.75	
89	320	-8.75	
89	320	-8.75	
89	320	-8.75	
89	320	-8.75	
89	320	-8.75	
89	320	-8.75	
89	320	-8.75	
89	320	-8.75	
89	320	-8.75	
90	0	0	
90	0	0	
90	0	0	
90	0	0	
90	0	0	
90	0	0	
90	0	0	
90	0	0	
90	0	0	
90	0	0	
90	0	0	
90	0	0	
90	0	0	
90	0	0	
90	0	0	
90	0	0	
90	0	0	
90	0	0	
90	0	0	
90	0	0	
90	5	1.25	
90	13.75	-2.5	
90	23.75	-6.25	
90	46.25	-11.25	
90	58.75	-13.75	
90	86.25	-18.75	
90	116.25	-21.25	
90	116.25	-21.25	
90	151.25	-21.25	
90	151.25	-21.25	
90	200	-21.25	
90	213.75	-21.25	
90	226.25	-21.25	
90	248.75	-18.75	
90	260	-17.5	
90	277.5	-17.5	
90	291.25	-17.5	
90	296.25	-17.5	
90	307.5	-17.5	
90	312.5	-15	
90	326.25	-7.5	
90	330	-6.25	
90	335	-2.5	
90	342.5	3.75	
90	347.5	5	
90	347.5	5	
90	347.5	5	
90	347.5	5	
90	347.5	5	
90	347.5	5	
90	347.5	5	
90	347.5	5	
90	347.5	5	
90	347.5	5	
90	347.5	5	
90	347.5	5	
90	347.5	5	
90	347.5	5	
90	347.5	5	
90	347.5	5	
90	347.5	5	
90	347.5	5	
90	347.5	5	
90	347.5	5	
90	347.5	5	
90	347.5	5	
90	347.5	5	
90	347.5	5	
90	347.5	5	
90	347.5	5	
90	347.5	5	
90	347.5	5	
90	347.5	5	
90	347.5	5	
91	0	0	
91	0	0	
91	0	0	
91	0	0	
91	0	0	
91	0	0	
91	0	0	
91	0	0	
91	0	0	
91	0	0	
91	0	0	
91	0	0	
91	0	0	
91	0	0	
91	0	0	
91	0	0	
91	0	0	
91	0	0	
91	0	0	
91	3.75	0	
91	11.25	0	
91	16.25	0	
91	31.25	0	
91	51.25	0	
91	62.5	0	
91	88.75	-1.25	
91	116.25	-3.75	
91	131.25	-3.75	
91	145	-1.25	
91	160	-3.75	
91	203.75	-3.75	
91	228.75	-3.75	
91	240	-1.25	
91	261.25	-1.25	
91	270	-1.25	
91	285	-1.25	
91	293.75	-1.25	
91	296.25	-1.25	
91	298.75	-1.25	
91	301.25	-3.75	
91	310	-7.5	
91	317.5	-7.5	
91	320	-7.5	
91	325	-7.5	
91	333.75	-7.5	
91	343.75	-5	
91	343.75	-5	
91	343.75	-5	
91	343.75	-5	
91	343.75	-5	
91	343.75	-5	
91	343.75	-5	
91	343.75	-5	
91	343.75	-5	
91	343.75	-5	
91	343.75	-5	
91	343.75	-5	
91	343.75	-5	
91	343.75	-5	
91	343.75	-5	
91	343.75	-5	
91	343.75	-5	
91	343.75	-5	
91	343.75	-5	
91	343.75	-5	
91	343.75	-5	
91	343.75	-5	
91	343.75	-5	
91	343.75	-5	
91	343.75	-5	
91	343.75	-5	
91	343.75	-5	
91	343.75	-5	
91	343.75	-5	
92	0	0	
92	0	0	
92	0	0	
92	0	0	
92	0	0	
92	0	0	
92	0	0	
92	0	0	
92	0	0	
92	0	0	
92	0	0	
92	0	0	
92	0	0	
92	0	0	
92	0	0	
92	0	0	
92	0	0	
92	0	0	
92	0	0	
92	0	0	
92	0	2.5	
92	0	3.75	
92	0	3.75	
92	0	3.75	
92	0	3.75	
92	0	3.75	
92	0	3.75	
92	0	3.75	
92	0	3.75	
92	2.5	6.25	
92	8.75	11.25	
92	25	15	
92	36.25	15	
92	50	17.5	
92	63.75	17.5	
92	111.25	17.5	
92	133.75	17.5	
92	155	18.75	
92	175	18.75	
92	213.75	22.5	
92	245	26.25	
92	271.25	26.25	
92	281.25	26.25	
92	290	26.25	
92	305	26.25	
92	320	26.25	
92	323.75	22.5	
92	327.5	22.5	
92	330	21.25	
92	338.75	15	
92	347.5	11.25	
92	347.5	11.25	
92	347.5	11.25	
92	347.5	11.25	
92	347.5	11.25	
92	347.5	11.25	
92	347.5	11.25	
92	347.5	11.25	
92	347.5	11.25	
92	347.5	11.25	
92	347.5	11.25	
92	347.5	11.25	
92	347.5	11.25	
92	347.5	11.25	
92	347.5	11.25	
92	347.5	11.25	
92	347.5	11.25	
92	347.5	11.25	
92	347.5	11.25	
92	347.5	11.25	
92	347.5	11.25	
92	347.5	11.25	
92	347.5	11.25	
92	347.5	11.25	
93	0	0	
93	0	0	
93	0	0	
93	0	0	
93	0	0	
93	0	0	
93	0	0	
93	0	0	
93	0	0	
93	0	0	
93	0	0	
93	0	0	
93	0	0	
93	0	0	
93	0	0	
93	0	2.5	
93	0	2.5	
93	0	2.5	
93	0	2.5	
93	0	2.5	
93	0	0	
93	0	0	
93	0	0	
93	0	0	
93	0	0	
93	3.75	3.75	
93	7.5	3.75	
93	20	7.5	
93	30	10	
93	52.5	13.75	
93	81.25	18.75	
93	113.75	25	
93	131.25	26.25	
93	148.75	30	
93	165	33.75	
93	213.75	40	
93	228.75	41.25	
93	255	45	
93	266.25	45	
93	287.5	45	
93	305	45	
93	318.75	41.25	
93	326.25	40	
93	330	37.5	
93	335	33.75	
93	347.5	26.25	
93	347.5	26.25	
93	347.5	26.25	
93	347.5	26.25	
93	347.5	26.25	
93	347.5	26.25	
93	347.5	26.25	
93	347.5	26.25	
93	347.5	26.25	
93	347.5	26.25	
93	347.5	26.25	
93	347.5	26.25	
93	347.5	26.25	
93	347.5	26.25	
93	347.5	26.25	
93	347.5	26.25	
93	347.5	26.25	
93	347.5	26.25	
93	347.5	26.25	
93	347.5	26.25	
93	347.5	26.25	
93	347.5	26.25	
93	347.5	26.25	
93	347.5	26.25	
93	347.5	26.25	
93	347.5	26.25	
93	347.5	26.25	
93	347.5	26.25	
93	347.5	26.25	
94	0	0	
94	0	0	
94	0	0	
94	0	0	
94	0	0	
94	0	0	
94	0	0	
94	0	0	
94	0	0	
94	0	0	
94	0	0	
94	0	0	
94	0	0	
94	0	0	
94	0	0	
94	0	0	
94	0	0	
94	0	0	
94	0	0	
94	0	0	
94	0	0	
94	1.25	0	
94	3.75	0	
94	7.5	2.5	
94	21.25	2.5	
94	42.5	2.5	
94	55	2.5	
94	82.5	0	
94	98.75	0	
94	116.25	-1.25	
94	173.75	-3.75	
94	210	-3.75	
94	227.5	-3.75	
94	243.75	-3.75	
94	258.75	-3.75	
94	295	-7.5	
94	305	-5	
94	325	-3.75	
94	333.75	-3.75	
94	343.75	-1.25	
94	343.75	-1.25	
94	343.75	-1.25	
94	343.75	-1.25	
94	343.75	-1.25	
94	343.75	-1.25	
94	343.75	-1.25	
94	343.75	-1.25	
94	343.75	-1.25	
94	343.75	-1.25	
94	343.75	-1.25	
94	343.75	-1.25	
94	343.75	-1.25	
94	343.75	-1.25	
94	343.75	-1.25	
94	343.75	-1.25	
94	343.75	-1.25	
94	343.75	-1.25	
94	343.75	-1.25	
94	343.75	-1.25	
94	343.75	-1.25	
94	343.75	-1.25	
94	343.75	-1.25	
94	343.75	-1.25	
94	343.75	-1.25	
94	343.75	-1.25	
94	343.75	-1.25	
94	343.75	-1.25	
94	343.75	-1.25	
94	343.75	-1.25	
94	343.75	-1.25	
94	343.75	-1.25	
94	343.75	-1.25	
94	343.75	-1.25	
94	343.75	-1.25	
95	0	0	
95	0	0	
95	-1.25	0	
95	-1.25	0	
95	-1.25	0	
95	-1.25	0	
95	-1.25	0	
95	-1.25	0	
95	-1.25	0	
95	-1.25	0	
95	-1.25	0	
95	-1.25	-1.25	
95	-1.25	-1.25	
95	-1.25	-1.25	
95	-1.25	-1.25	
95	-1.25	-1.25	
95	-1.25	0	
95	-1.25	0	
95	-1.25	0	
95	-1.25	0	
95	-1.25	0	
95	-1.25	0	
95	-1.25	0	
95	-1.25	0	
95	-1.25	0	
95	-1.25	0	
95	-1.25	0	
95	-1.25	0	
95	-1.25	0	
95	-1.25	0	
95	-1.25	0	
95	-1.25	0	
95	0	0	
95	2.5	2.5	
95	6.25	3.75	
95	23.75	7.5	
95	31.25	10	
95	40	11.25	
95	58.75	15	
95	71.25	17.5	
95	110	18.75	
95	125	18.75	
95	140	18.75	
95	158.75	18.75	
95	176.25	18.75	
95	225	25	
95	241.25	26.25	
95	255	30	
95	282.5	32.5	
95	295	33.75	
95	325	30	
95	332.5	30	
95	338.75	28.75	
95	338.75	28.75	
95	338.75	28.75	
95	338.75	28.75	
95	338.75	28.75	
95	338.75	28.75	
95	338.75	28.75	
95	338.75	28.75	
95	338.75	28.75	
95	338.75	28.75	
95	338.75	28.75	
95	338.75	28.75	
95	338.75	28.75	
95	338.75	28.75	
95	338.75	28.75	
95	338.75	28.75	
95	338.75	28.75	
95	338.75	28.75	
95	338.75	28.75	
95	338.75	28.75	
95	338.75	28.75	
95	338.75	28.75	
96	0	0	
96	0	0	
96	0	0	
96	0	0	
96	0	0	
96	1.25	3.75	
96	1.25	3.75	
96	1.25	3.75	
96	1.25	3.75	
96	1.25	3.75	
96	2.5	3.75	
96	3.75	6.25	
96	3.75	7.5	
96	3.75	7.5	
96	3.75	7.5	
96	3.75	7.5	
96	3.75	7.5	
96	3.75	7.5	
96	3.75	7.5	
96	3.75	7.5	
96	3.75	7.5	
96	3.75	7.5	
96	5	7.5	
96	5	7.5	
96	5	7.5	
96	10	6.25	
96	13.75	7.5	
96	23.75	7.5	
96	31.25	7.5	
96	40	10	
96	77.5	18.75	
96	92.5	22.5	
96	107.5	26.25	
96	137.5	32.5	
96	152.5	32.5	
96	193.75	28.75	
96	207.5	26.25	
96	235	25	
96	248.75	22.5	
96	261.25	22.5	
96	290	18.75	
96	298.75	18.75	
96	306.25	18.75	
96	321.25	17.5	
96	327.5	17.5	
96	338.75	13.75	
96	347.5	7.5	
96	347.5	7.5	
96	347.5	7.5	
96	347.5	7.5	
96	347.5	7.5	
96	347.5	7.5	
96	347.5	7.5	
96	347.5	7.5	
96	347.5	7.5	
96	347.5	7.5	
96	347.5	7.5	
96	347.5	7.5	
96	347.5	7.5	
96	347.5	7.5	
96	347.5	7.5	
96	347.5	7.5	
96	347.5	7.5	
96	347.5	7.5	
96	347.5	7.5	
96	347.5	7.5	
96	347.5	7.5	
96	347.5	7.5	
96	347.5	7.5	
96	347.5	7.5	
96	347.5	7.5	
96	347.5	7.5	
96	347.5	7.5	
96	347.5	7.5	
