Trial	Xii	Yii
1	41.25	6.25	36	-28	
2	50	0	58	-55	
3	48.75	11.25	81	-31	
4	42.5	15	75	-46	
5	45	7.5	59	-40	
6	47.5	0	51	-52	
7	55	10	15	-46	
8	58.75	15	-9	-22	
9	42.5	-6.25	-31	-8	
10	60	-1.25	-18	6	
11	50	20	-25	-4	
12	47.5	12.5	-43	-4	
13	43.75	7.5	-58	12	
14	60	15	-98	9	
15	43.75	10	-85	15	
16	36.25	21.25	-49	12	
17	9.63104339972891	-39.0839545470074	-8	72	
18	41.3297074801935	-36.3100231286299	-28	96	
19	-38.8310623727937	17.8961893988693	-22	155	
20	52.148821014562	-7.8581465239058	-63	44	
21	38.9298472459864	11.3920802930881	-24	9	
22	45.5999236352526	-3.99492984408134	-32	-32	
23	67.3487955596462	-9.18978980526624	-43	51	
24	52.5228921987324	8.14529281734749	-64	6	
25	51.2571054995004	12.4708314002349	-39	-25	
26	40.8449914403665	9.78515070074988	-19	-58	
27	63.3973281609292	5.54786283675504	-4	3	
28	40.8120631493023	0.0223941367640945	28	39	
29	53.7557506069002	-5.94300232952568	-26	32	
30	69.5392260650041	-24.0815497483085	-93	30	
31	58.8847539859567	-3.71964353310361	-95	38	
32	43.8059584508292	-13.9117937090881	-55	90	
33	27.2084840422561	47.3056381007834	-30	96	
34	84.1780938338327	49.4183520415489	-8	66	
35	44.2458862171281	-21.6171587601368	-26	66	
36	44.1800296349996	-2.09164563216519	-7	60	
37	52.4899639076682	1.6174637466383	18	35	
38	41.7037786643639	20.3065837873766	40	12	
39	94.1054918531396	0.637497512684142	118	-2	
40	46.9868893444414	19.8442618843136	20	-13	
41	51.345356218393	8.81571862109586	32	-8	
42	47.9773897326956	10.8849701164969	29	-28	
43	75.3834435213371	-0.385931166634355	76	-8	
44	91.6292408825039	23.0357269322259	66	-43	
45	54.7133227040903	6.74646712569476	21	-41	
46	51.9947137135411	6.09710963054665	69	-50	
47	56.1990732864717	-6.69247052603029	50	-40	
48	64.0137573650131	1.49628473668154	90	-50	
49	31.25	-32.5	124	6	
50	43.75	12.5	67	-7	
51	45	15	17	-47	
52	43.75	0	24	-46	
53	41.25	7.5	26	-49	
54	38.75	16.25	41	-10	
55	48.75	2.5	15	-10	
56	48.75	0	28	-16	
57	37.6864546835185	-25.0944442733269	40	11	
58	53.1722496938805	10.8639018078967	55	-22	
59	46.6233523145711	14.7271184877212	68	-67	
60	42.4519210327047	11.70029489513	48	-100	
61	50.4207124122671	1.75050273905902	39	-100	
62	65.3124723553094	3.94093324441687	21	-106	
63	40.6579558482813	1.78343103012324	-5	-140	
64	43.2224575378096	2.89511042833428	-10	-115	
65	43.6847794408725	-2.38800025174316	-30	-148	
66	41.8025635375566	8.9816859045808	1	-67	
67	47.085674217634	9.44400780764371	-25	-79	
68	47.085674217634	9.44400780764371	-45	-101	
69	60.0293616752319	3.47861134135395	-26	-79	
70	55.2744294803458	17.2586918861852	2	-79	
71	54.7791792862187	12.7790460022768	-3	-43	
72	45.1705300232539	11.0509373999819	-55	-157	
73	-6.86764613565152	43.1895292467453	-35	-115	
74	42.2319571495553	6.06418133948243	-12	-22	
75	41.7367069554281	10.5438272233908	32	-13	
76	106.960928591845	-14.6836560423568	58	9	
77	39.4804198679418	15.1775804083201	46	17	
78	43.9929940429144	5.91007403846145	12	57	
79	40.8120631493023	-0.0223941367640945	-28	89	
80	40.6908841393455	-11.546187594109	3	123	
81	52.9852141017953	-2.86218213727005	23	119	
82	37.8076336934752	36.6182377306718	-26	78	
83	44.0483164707427	36.959380623778	-46	93	
84	46.7445313245278	-3.20332503037622	-30	65	
85	43.0683502367886	-4.65614732169342	-36	51	
86	43.0354219457244	5.10660924229237	-42	18	
87	45.5669953441884	13.7576864080671	-54	20	
88	33.6691307026731	29.8823047592772	31	-20	
89	43.75	-11.25	103	-52	
90	51.25	15	23	-73	
91	38.75	26.25	-35	-52	
92	50	7.5	-67	60	
93	86.25	22.5	-69	12	
94	55	42.5	-120	11	
95	43.75	0	-73	-2	
96	55	1.25	-61	14	
97	67.5	17.5	-82	12	
98	71.25	0	-72	6	
99	53.75	33.75	-91	-40	
100	50	22.5	-26	-37	
101	37.3782400814765	-21.5723704866086	-67	-10	
102	51.8406064125201	-4.3360727371875	-32	-16	
103	52.8311068007744	4.6232190306292	-5	-76	
104	54.0968935000064	0.297680447741824	6	-65	
105	54.0968935000064	0.297680447741824	35	-92	
106	46.5904240235069	4.96436192373536	18	-82	
107	61.8457209964194	-27.4165879429416	-56	-127	
108	53.2934287038373	-0.659891649448237	-126	-154	
109	64.8501504522464	9.22404392449431	-86	-100	
110	50.4536407033313	11.5132593030448	-27	-184	
111	57.189573674726	15.651762293847	-41	-160	
112	55.2744294803458	17.2586918861852	-28	-134	
113	41.3073133434294	4.50204002067245	-46	-121	
114	49.6501759071622	10.5556872058547	-44	-121	
115	50.2995334023104	13.274296196404	-54	-116	
116	39.4250974401135	15.8717261769964	-83	-163	
117	-7.97932553386255	40.6250275572171	-52	-190	
118	46.2163528393365	11.0390774175179	-41	-71	
119	42.7272073436824	1.58453545557408	1	-82	
120	60.832826471401	-4.43618343854401	32	-13	
121	52.6440712086892	3.37850063999745	48	-36	
122	43.6847794408725	2.38800025174316	14	-10	
123	52.3687848977115	-9.90632971070664	4	-22	
124	53.7557506069002	5.94300232952568	5	-46	
125	45.4458163342316	2.23389295072219	-11	-10	
126	48.9349618298857	11.688434912666	-22	5	
127	35.4630958870964	19.9654408942704	-77	42	
128	69.1427607440696	-0.72707405974052	-78	45	
129	46.5245674413784	14.5611512042362	-102	18	
130	51.8076781214559	14.0988293011733	-67	23	
131	74.88819332721	4.093714717274	-71	23	
132	51.3124279273287	18.5784751850816	-44	-28	
133	45	11.25	-149	2	
134	37.5	25	-118	-64	
135	45	12.5	-145	-113	
136	52.5	12.5	-123	-95	
137	58.75	3.75	-83	-71	
138	63.75	8.75	-75	-17	
139	45	35	-83	-14	
140	63.75	11.25	-91	-46	
141	41.6708503732997	-30.0693403513624	-125	9	
142	46.0622455383155	-9.27804052415877	-46	63	
143	-61.2068976555714	-20.4396227797973	-15	-49	
144	57.6189672867247	0.605895049783767	-62	-133	
145	42.8813146447034	-3.34557234893322	-10	-37	
146	46.128102120444	10.2474726038128	-64	-184	
147	48.0432463148241	8.64054301147463	-72	-193	
148	61.4821839665491	7.15479242909321	-71	-160	
149	65.3454006463736	13.7036898084027	-109	-217	
150	62.4397560637392	6.35132763292412	-113	-227	
151	68.096937927987	22.8170888772403	-138	-215	
152	45.6328519263168	5.76782671990445	-114	-199	
153	49.4960686061413	12.3167240992139	-117	-181	
154	57.8060028788099	8.60761472041041	-124	-181	
155	40.5367768383246	13.3072244874682	-116	-235	
156	74.1835134042335	24.2369828774933	-78	-178	
157	-3.03735774689128	46.4033884314217	-118	-259	
158	37.8734902756037	17.0927246027002	-87	-176	
159	54.2180725099631	11.2261130096031	-127	-43	
160	39.2380618480283	-7.87000650636976	-116	-13	
161	65.0266518900315	33.3490561181671	-132	-1	
162	58.6977183938715	11.7213632037303	-85	-26	
163	79.0266963180121	10.8296476886686	-111	2	
164	51.6864991114991	2.57503584382836	-133	2	
165	47.2951039464833	23.3663356710319	-99	33	
166	47.5809244117612	-13.9236536915521	-51	32	
167	95.899457037563	-9.27936635232261	-27	18	
168	45.1046734411255	8.47457572798969	4	-37	
169	65.7747942583723	1.34217743566057	-93	-50	
170	53.722822315836	15.7057588935115	-162	-37	
171	44.6094232469983	12.954221611898	-145	39	
172	69.2863338907904	51.6087825469067	-86	42	
173	45	11.25	-12	-115	
174	42.5	-5	21	-91	
175	41.25	2.5	-50	-130	
176	38.75	-13.75	-73	-158	
177	53.75	0	-93	-175	
178	42.5	11.25	-146	-112	
179	37.5	20	-83	-10	
180	46.25	7.5	-99	-70	
181	80	3.75	-98	-19	
182	45	11.25	-91	-34	
183	71.25	-11.25	-103	-55	
184	41.25	30	-91	-46	
185	33.0197732075249	-32.6009137498264	-62	-10	
186	51.4665352283497	-20.3395120784408	-23	-19	
187	42.7272073436824	-1.58453545557408	-117	-121	
188	57.6518955777889	10.3686516137696	-138	-169	
189	70.4085474433016	-3.59846452314685	-189	-275	
190	47.5479961206969	4.16089712756628	-158	-220	
191	53.2605004127731	-10.422648213434	-226	-280	
192	64.3219719670551	-5.01835852339984	-196	-329	
193	52.7981785097101	-5.13953753335659	-214	-271	
194	46.5574957324427	-4.79839464025043	-232	-328	
195	45.0164227222329	12.811974293341	-209	-329	
196	-67.2276165496895	-2.33400365207869	270	210	
197	45.819887518402	13.7695463905311	-117	-187	
198	49.9583905092042	7.03361341913646	-118	-190	
199	54.3168573831558	18.0621566823542	-119	-223	
200	56.727251771663	20.9348729739244	-111	-232	
201	9.93925800177086	42.6060283337257	-43	-202	
202	44.1141730528712	17.4338674958064	4	-94	
203	42.1107781395985	-5.4596121178625	-87	78	
204	46.2492811304007	1.27632085353213	-86	68	
205	69.670939229261	-14.9694765076347	-54	122	
206	73.8976929389557	13.0530064850907	-66	125	
207	61.4163273844207	12.3707206988784	-87	141	
208	52.6993936365175	34.4278072253139	-114	126	
209	49.7384266260548	10.730862815476	-124	144	
210	68.1851886468795	-1.5305388559096	-140	111	
211	47.2068532275908	2.07978564970122	-125	119	
212	46.6233523145711	-14.7271184877212	-130	108	
213	50.1124978102252	-5.27257652577731	-122	146	
214	49.4960686061413	-12.3167240992139	-66	198	
215	41.3402416344937	-14.2647965846582	-36	246	
216	45.665780217381	-15.5305832838902	15	249	
217	38.75	-37.5	-43	195	
218	46.25	-21.25	35	41	
219	41.25	11.25	-56	-20	
220	60	5	-22	-80	
221	57.5	6.25	-51	-64	
222	40	-7.5	-117	-70	
223	42.5	11.25	-152	-25	
224	66.25	7.5	-130	-10	
225	44.6094232469983	-12.954221611898	-159	-16	
226	47.7021034217179	2.39986023420713	-154	30	
227	45.9410665283588	2.24575293318616	-89	-101	
228	56.0120376943865	-1.30924914459635	-57	-224	
229	46.7445313245278	3.20332503037622	-148	-259	
230	50.0795695191609	-4.49018003820847	-174	-331	
231	45.6328519263168	5.76782671990445	-201	-328	
232	69.1427607440696	0.72707405974052	-215	-283	
233	66.7323663555623	-2.14564223182966	-207	-325	
234	84.0015923960476	-6.84525199888742	-207	-328	
235	49.92546221814	-2.72914314484933	-206	-323	
236	53.3263569949015	9.10286491453755	-136	-307	
237	52.1817493056263	1.90461004007999	-156	-296	
238	40.1956339452184	7.06654171020068	-164	-329	
239	67.2934731318179	21.8595167800503	-151	-316	
240	40.8449914403665	9.78515070074988	-180	-332	
241	-10.1144336113921	56.7825741994914	-91	-269	
242	36.0795250911803	27.009588467707	-64	-101	
243	44.7635305480193	14.7152585052572	-142	32	
244	44.081244761807	27.1966240597922	-162	86	
245	51.1029981984794	-14.231868293594	-113	77	
246	46.5574957324427	4.79839464025043	-118	80	
247	39.4804198679418	15.1775804083201	-99	109	
248	61.9115775785478	7.89107481497001	-73	93	
249	56.1332167043432	12.8330426019413	-107	96	
250	61.3504708022922	31.8962338268499	-144	78	
251	48.1314970337166	12.6460070098561	-147	53	
252	45.9410665283588	-2.24575293318616	-129	78	
253	53.0734648206879	18.4243678840607	-150	87	
254	56.100288413279	22.5957991659271	-169	84	
255	45.0717451500612	18.2373322919755	-87	162	
256	40.2838846641109	14.22000831113	-130	162	
257	62.5	-33.75	-121	174	
258	45	6.25	-64	-46	
259	37.5	32.5	-147	-100	
260	47.5	8.75	-149	-68	
261	50	17.5	-150	78	
262	48.75	15	-238	-7	
263	63.75	20	-244	179	
