Trial	X	Y
1	0	0	
1	0	0	
1	0	0	
1	0	0	
1	0	0	
1	0	0	
1	0	0	
1	0	0	
1	0	0	
1	0	0	
1	0	0	
1	0	0	
1	0	0	
1	0	0	
1	0	0	
1	0	0	
1	0	0	
1	0	0	
1	0	0	
1	0	0	
1	0	0	
1	0	0	
1	0	0	
1	1.25	2.5	
1	5	3.75	
1	7.5	3.75	
1	11.25	6.25	
1	22.5	10	
1	25	11.25	
1	33.75	11.25	
1	38.75	13.75	
1	50	15	
1	60	17.5	
1	72.5	18.75	
1	80	18.75	
1	86.25	18.75	
1	92.5	18.75	
1	113.75	18.75	
1	120	18.75	
1	131.25	18.75	
1	136.25	18.75	
1	147.5	18.75	
1	158.75	18.75	
1	170	18.75	
1	175	18.75	
1	181.25	17.5	
1	186.25	17.5	
1	206.25	15	
1	211.25	15	
1	217.5	15	
1	228.75	13.75	
1	240	13.75	
1	247.5	13.75	
1	252.5	11.25	
1	260	11.25	
1	265	11.25	
1	268.75	10	
1	282.5	7.5	
1	286.25	7.5	
1	291.25	6.25	
1	297.5	3.75	
1	305	2.5	
1	313.75	0	
1	317.5	0	
1	326.25	-3.75	
1	330	-3.75	
1	333.75	-3.75	
1	342.5	-5	
1	345	-5	
1	346.25	-5	
1	348.75	-7.5	
1	348.75	-7.5	
1	348.75	-7.5	
1	348.75	-7.5	
2	0	0	
2	0	0	
2	0	0	
2	0	0	
2	0	0	
2	0	0	
2	0	0	
2	0	0	
2	0	0	
2	0	0	
2	0	0	
2	0	0	
2	0	0	
2	0	0	
2	0	0	
2	0	0	
2	0	0	
2	0	0	
2	0	0	
2	0	0	
2	0	0	
2	0	0	
2	0	0	
2	0	0	
2	0	0	
2	0	0	
2	0	0	
2	0	0	
2	0	0	
2	0	0	
2	0	0	
2	0	0	
2	0	0	
2	0	0	
2	0	0	
2	0	0	
2	0	0	
2	0	0	
2	0	0	
2	0	0	
2	0	0	
2	0	0	
2	0	0	
2	0	0	
2	0	0	
2	0	0	
2	0	0	
2	1.25	1.25	
2	13.75	11.25	
2	13.75	11.25	
2	38.75	23.75	
2	52.5	31.25	
2	67.5	35	
2	112.5	43.75	
2	127.5	43.75	
2	141.25	46.25	
2	167.5	46.25	
2	178.75	46.25	
2	207.5	43.75	
2	216.25	43.75	
2	232.5	38.75	
2	240	38.75	
2	247.5	35	
2	268.75	31.25	
2	275	27.5	
2	283.75	27.5	
2	296.25	23.75	
2	302.5	22.5	
2	315	18.75	
2	317.5	16.25	
2	323.75	15	
2	326.25	12.5	
2	328.75	11.25	
2	333.75	7.5	
3	0	0	
3	0	0	
3	0	0	
3	0	0	
3	0	0	
3	0	0	
3	0	0	
3	0	0	
3	0	0	
3	0	0	
3	0	0	
3	0	0	
3	0	0	
3	0	0	
3	0	0	
3	0	0	
3	0	0	
3	0	0	
3	0	0	
3	0	0	
3	0	0	
3	0	0	
3	0	0	
3	0	0	
3	0	0	
3	1.25	0	
3	3.75	2.5	
3	11.25	3.75	
3	22.5	7.5	
3	38.75	13.75	
3	50	15	
3	63.75	17.5	
3	78.75	18.75	
3	130	25	
3	152.5	26.25	
3	172.5	30	
3	208.75	32.5	
3	222.5	33.75	
3	247.5	33.75	
3	265	33.75	
3	272.5	33.75	
3	278.75	32.5	
3	283.75	30	
3	296.25	26.25	
3	300	26.25	
3	306.25	22.5	
3	310	22.5	
3	316.25	18.75	
3	322.5	15	
3	327.5	13.75	
3	328.75	11.25	
3	331.25	11.25	
3	332.5	10	
3	335	7.5	
3	336.25	7.5	
3	332.5	11.25	
3	333.75	11.25	
3	338.75	10	
3	340	7.5	
3	341.25	7.5	
3	341.25	7.5	
3	341.25	7.5	
3	341.25	7.5	
3	341.25	7.5	
3	341.25	7.5	
3	341.25	7.5	
3	341.25	7.5	
3	341.25	7.5	
3	341.25	7.5	
3	341.25	7.5	
3	341.25	7.5	
3	341.25	7.5	
3	341.25	7.5	
3	341.25	7.5	
4	0	0	
4	-2.5	1.25	
4	-3.75	1.25	
4	-3.75	1.25	
4	-3.75	1.25	
4	-3.75	1.25	
4	-3.75	1.25	
4	-3.75	1.25	
4	-3.75	1.25	
4	-3.75	1.25	
4	-3.75	1.25	
4	-3.75	1.25	
4	-3.75	1.25	
4	-3.75	1.25	
4	-5	1.25	
4	-5	1.25	
4	-6.25	3.75	
4	-8.75	3.75	
4	-10	3.75	
4	-11.25	3.75	
4	-13.75	3.75	
4	-13.75	1.25	
4	-13.75	1.25	
4	-13.75	1.25	
4	-13.75	1.25	
4	-13.75	1.25	
4	-13.75	1.25	
4	-13.75	1.25	
4	-11.25	1.25	
4	-10	0	
4	-3.75	-2.5	
4	0	-2.5	
4	10	-2.5	
4	22.5	-2.5	
4	37.5	-2.5	
4	46.25	-2.5	
4	56.25	-2.5	
4	76.25	-2.5	
4	98.75	-2.5	
4	110	0	
4	132.5	1.25	
4	143.75	1.25	
4	166.25	5	
4	187.5	5	
4	207.5	5	
4	217.5	5	
4	226.25	5	
4	245	3.75	
4	252.5	5	
4	252.5	5	
4	252.5	5	
4	252.5	5	
4	252.5	5	
4	331.25	18.75	
4	331.25	18.75	
4	331.25	18.75	
4	331.25	18.75	
4	331.25	18.75	
4	331.25	18.75	
4	331.25	18.75	
4	331.25	18.75	
4	331.25	18.75	
4	331.25	18.75	
4	331.25	18.75	
4	331.25	18.75	
4	331.25	18.75	
4	331.25	18.75	
4	331.25	18.75	
4	331.25	18.75	
4	331.25	18.75	
4	331.25	18.75	
4	331.25	18.75	
4	331.25	18.75	
4	331.25	18.75	
5	0	0	
5	0	0	
5	0	0	
5	0	0	
5	0	0	
5	0	0	
5	0	0	
5	0	0	
5	0	0	
5	0	0	
5	0	0	
5	0	0	
5	0	0	
5	0	0	
5	0	0	
5	0	0	
5	0	0	
5	0	0	
5	0	0	
5	1.25	0	
5	5	-2.5	
5	8.75	-2.5	
5	21.25	1.25	
5	32.5	3.75	
5	55	7.5	
5	67.5	7.5	
5	81.25	7.5	
5	95	5	
5	136.25	1.25	
5	151.25	1.25	
5	178.75	0	
5	192.5	-2.5	
5	205	-2.5	
5	241.25	-7.5	
5	252.5	-10	
5	261.25	-10	
5	280	-11.25	
5	288.75	-11.25	
5	308.75	-13.75	
5	315	-13.75	
5	325	-10	
5	327.5	-10	
5	331.25	-10	
5	337.5	-10	
5	338.75	-7.5	
5	338.75	-7.5	
5	340	-7.5	
5	340	-7.5	
5	340	-7.5	
5	340	-7.5	
5	340	-7.5	
5	340	-7.5	
5	340	-7.5	
5	340	-7.5	
5	340	-7.5	
5	340	-7.5	
5	340	-7.5	
5	340	-7.5	
5	340	-7.5	
5	340	-7.5	
5	340	-7.5	
5	340	-7.5	
5	340	-7.5	
5	340	-7.5	
5	340	-7.5	
5	341.25	-7.5	
5	341.25	-7.5	
5	341.25	-7.5	
5	341.25	-7.5	
5	341.25	-7.5	
5	341.25	-7.5	
5	341.25	-7.5	
5	341.25	-7.5	
5	341.25	-7.5	
6	0	0	
6	-1.25	0	
6	-1.25	0	
6	-3.75	0	
6	-3.75	0	
6	-3.75	0	
6	-3.75	0	
6	-3.75	0	
6	-5	0	
6	-5	0	
6	-5	0	
6	-5	0	
6	-5	0	
6	-5	0	
6	-5	0	
6	-5	0	
6	-5	0	
6	-5	0	
6	0	0	
6	12.5	0	
6	21.25	0	
6	32.5	0	
6	57.5	0	
6	88.75	-3.75	
6	105	-3.75	
6	138.75	-8.75	
6	156.25	-11.25	
6	191.25	-18.75	
6	223.75	-23.75	
6	237.5	-26.25	
6	251.25	-30	
6	262.5	-30	
6	280	-30	
6	291.25	-30	
6	296.25	-26.25	
6	303.75	-23.75	
6	306.25	-22.5	
6	310	-20	
6	312.5	-18.75	
6	313.75	-18.75	
6	315	-16.25	
6	315	-16.25	
6	321.25	-12.5	
6	327.5	-11.25	
6	335	-5	
6	337.5	-3.75	
6	338.75	-3.75	
6	342.5	0	
6	346.25	0	
6	346.25	0	
6	346.25	0	
6	346.25	0	
6	346.25	0	
6	346.25	0	
6	346.25	0	
6	346.25	0	
6	346.25	0	
6	346.25	0	
6	346.25	0	
6	346.25	0	
6	346.25	0	
6	346.25	0	
6	346.25	0	
6	346.25	0	
6	346.25	0	
6	346.25	0	
6	346.25	0	
6	346.25	0	
6	346.25	0	
6	346.25	0	
6	346.25	0	
6	346.25	0	
6	346.25	0	
6	346.25	0	
7	0	0	
7	0	0	
7	0	0	
7	0	0	
7	0	0	
7	0	0	
7	0	0	
7	0	0	
7	0	0	
7	0	0	
7	0	0	
7	0	0	
7	0	0	
7	0	0	
7	0	0	
7	0	0	
7	0	0	
7	0	0	
7	0	0	
7	0	0	
7	0	0	
7	0	0	
7	0	0	
7	0	0	
7	0	0	
7	0	0	
7	0	0	
7	3.75	-2.5	
7	11.25	-6.25	
7	22.5	-6.25	
7	30	-7.5	
7	38.75	-7.5	
7	50	-10	
7	92.5	-6.25	
7	127.5	-3.75	
7	145	-3.75	
7	162.5	-3.75	
7	196.25	-6.25	
7	230	-3.75	
7	262.5	1.25	
7	278.75	3.75	
7	293.75	5	
7	306.25	8.75	
7	332.5	11.25	
7	341.25	12.5	
7	345	12.5	
7	346.25	12.5	
7	346.25	12.5	
7	346.25	12.5	
7	346.25	12.5	
7	347.5	12.5	
7	346.25	12.5	
7	345	12.5	
7	341.25	12.5	
7	341.25	12.5	
7	340	12.5	
7	340	12.5	
7	340	12.5	
7	340	12.5	
7	340	12.5	
7	340	12.5	
7	340	12.5	
7	340	12.5	
7	340	12.5	
7	340	12.5	
7	340	12.5	
7	340	12.5	
7	340	12.5	
7	340	12.5	
7	340	12.5	
7	340	12.5	
7	340	12.5	
7	340	12.5	
7	340	12.5	
8	0	0	
8	0	0	
8	0	0	
8	0	0	
8	0	0	
8	0	0	
8	0	0	
8	0	0	
8	0	0	
8	0	0	
8	0	0	
8	0	0	
8	0	0	
8	0	0	
8	0	0	
8	0	0	
8	0	0	
8	0	0	
8	12.5	2.5	
8	20	3.75	
8	30	3.75	
8	55	7.5	
8	70	7.5	
8	110	3.75	
8	131.25	3.75	
8	172.5	2.5	
8	195	0	
8	215	0	
8	270	-3.75	
8	285	-3.75	
8	298.75	-5	
8	318.75	-7.5	
8	331.25	-7.5	
8	338.75	-7.5	
8	340	-7.5	
8	341.25	-7.5	
8	341.25	-7.5	
8	341.25	-5	
8	337.5	-3.75	
8	336.25	-3.75	
8	336.25	-3.75	
8	336.25	-3.75	
8	336.25	-3.75	
8	336.25	-3.75	
8	336.25	-3.75	
8	336.25	-3.75	
8	336.25	-3.75	
8	336.25	-3.75	
8	336.25	-3.75	
8	336.25	-3.75	
8	336.25	-3.75	
8	336.25	-3.75	
8	336.25	-3.75	
8	336.25	-3.75	
8	336.25	-3.75	
8	336.25	-3.75	
8	336.25	-3.75	
8	336.25	-3.75	
8	336.25	-3.75	
8	336.25	-3.75	
8	336.25	-3.75	
8	336.25	-3.75	
8	336.25	-3.75	
8	336.25	-3.75	
8	336.25	-3.75	
8	336.25	-3.75	
8	336.25	-3.75	
8	336.25	-3.75	
8	336.25	-3.75	
8	336.25	-3.75	
8	336.25	-3.75	
8	336.25	-3.75	
8	336.25	-3.75	
8	336.25	-3.75	
9	0	0	
9	0	0	
9	0	0	
9	0	0	
9	0	0	
9	0	0	
9	0	0	
9	0	0	
9	0	0	
9	0	0	
9	0	0	
9	0	0	
9	0	0	
9	0	0	
9	0	0	
9	0	0	
9	0	0	
9	0	0	
9	0	0	
9	0	0	
9	0	0	
9	0	0	
9	0	0	
9	0	0	
9	0	0	
9	0	0	
9	0	0	
9	0	0	
9	0	0	
9	0	0	
9	0	0	
9	0	0	
9	0	0	
9	0	0	
9	0	0	
9	0	0	
9	0	0	
9	0	0	
9	1.25	0	
9	10	0	
9	16.25	0	
9	25	2.5	
9	47.5	6.25	
9	73.75	10	
9	86.25	11.25	
9	116.25	17.5	
9	131.25	18.75	
9	147.5	21.25	
9	198.75	26.25	
9	232.5	26.25	
9	248.75	26.25	
9	263.75	26.25	
9	288.75	26.25	
9	310	25	
9	320	25	
9	336.25	22.5	
9	342.5	21.25	
9	348.75	18.75	
9	348.75	18.75	
9	348.75	18.75	
9	348.75	18.75	
9	348.75	18.75	
9	348.75	18.75	
9	348.75	18.75	
9	348.75	18.75	
9	348.75	18.75	
9	348.75	18.75	
9	348.75	18.75	
9	348.75	18.75	
9	348.75	18.75	
9	348.75	18.75	
9	348.75	18.75	
9	348.75	18.75	
9	348.75	18.75	
10	0	0	
10	0	0	
10	0	0	
10	0	0	
10	0	0	
10	0	0	
10	0	0	
10	0	0	
10	0	0	
10	0	0	
10	0	0	
10	0	0	
10	0	0	
10	0	0	
10	0	0	
10	0	0	
10	0	0	
10	0	0	
10	0	0	
10	5	0	
10	8.75	0	
10	16.25	0	
10	25	0	
10	65	6.25	
10	81.25	7.5	
10	98.75	7.5	
10	137.5	6.25	
10	178.75	0	
10	222.5	-5	
10	243.75	-7.5	
10	286.25	-12.5	
10	306.25	-12.5	
10	325	-11.25	
10	325	-11.25	
10	325	-11.25	
10	325	-11.25	
10	325	-11.25	
10	325	-11.25	
10	325	-11.25	
10	325	-11.25	
10	325	-11.25	
10	325	-11.25	
10	325	-11.25	
10	325	-11.25	
10	325	-11.25	
10	325	-11.25	
10	325	-11.25	
10	325	-11.25	
10	325	-11.25	
10	325	-11.25	
10	325	-11.25	
10	325	-11.25	
10	325	-11.25	
10	325	-11.25	
10	325	-11.25	
10	325	-11.25	
10	325	-11.25	
10	325	-11.25	
10	325	-11.25	
10	325	-11.25	
10	325	-11.25	
10	325	-11.25	
10	325	-11.25	
10	325	-11.25	
10	325	-11.25	
10	325	-11.25	
10	325	-11.25	
10	325	-11.25	
10	325	-11.25	
10	325	-11.25	
10	325	-11.25	
10	325	-11.25	
10	325	-11.25	
10	325	-11.25	
11	0	0	
11	0	0	
11	0	0	
11	0	0	
11	0	0	
11	0	0	
11	0	0	
11	0	0	
11	1.25	0	
11	2.5	0	
11	3.75	0	
11	5	2.5	
11	5	2.5	
11	7.5	2.5	
11	7.5	2.5	
11	7.5	2.5	
11	7.5	2.5	
11	8.75	2.5	
11	10	2.5	
11	10	2.5	
11	10	2.5	
11	10	2.5	
11	10	2.5	
11	10	2.5	
11	11.25	2.5	
11	11.25	2.5	
11	11.25	2.5	
11	11.25	2.5	
11	11.25	2.5	
11	11.25	2.5	
11	11.25	2.5	
11	11.25	2.5	
11	11.25	2.5	
11	11.25	2.5	
11	13.75	2.5	
11	20	3.75	
11	26.25	3.75	
11	35	6.25	
11	75	15	
11	90	17.5	
11	108.75	18.75	
11	146.25	22.5	
11	166.25	26.25	
11	228.75	26.25	
11	248.75	26.25	
11	283.75	26.25	
11	300	25	
11	313.75	22.5	
11	346.25	17.5	
11	346.25	17.5	
11	346.25	17.5	
11	346.25	17.5	
11	346.25	17.5	
11	346.25	17.5	
11	346.25	17.5	
11	346.25	17.5	
11	346.25	17.5	
11	346.25	17.5	
11	346.25	17.5	
11	346.25	17.5	
11	346.25	17.5	
11	346.25	17.5	
11	346.25	17.5	
11	346.25	17.5	
11	346.25	17.5	
11	346.25	17.5	
11	346.25	17.5	
11	346.25	17.5	
11	346.25	17.5	
11	346.25	17.5	
11	346.25	17.5	
11	346.25	17.5	
11	346.25	17.5	
11	346.25	17.5	
12	0	0	
12	0	0	
12	0	0	
12	0	0	
12	0	0	
12	0	0	
12	0	0	
12	-1.25	0	
12	-1.25	0	
12	-1.25	0	
12	-1.25	0	
12	-1.25	0	
12	-2.5	0	
12	-2.5	0	
12	-2.5	0	
12	-2.5	0	
12	-2.5	0	
12	-2.5	0	
12	-2.5	0	
12	-2.5	0	
12	-2.5	0	
12	-2.5	0	
12	-2.5	0	
12	-2.5	0	
12	-2.5	0	
12	-2.5	0	
12	-2.5	0	
12	-2.5	0	
12	-2.5	0	
12	-3.75	0	
12	-3.75	0	
12	-3.75	0	
12	-3.75	0	
12	-3.75	0	
12	-3.75	0	
12	-3.75	0	
12	-3.75	0	
12	-3.75	0	
12	-3.75	0	
12	-3.75	0	
12	-3.75	0	
12	-3.75	0	
12	-3.75	0	
12	-3.75	0	
12	-3.75	0	
12	-3.75	0	
12	-3.75	0	
12	-3.75	0	
12	-3.75	0	
12	-3.75	0	
12	-3.75	0	
12	-3.75	0	
12	-3.75	0	
12	-3.75	0	
12	-3.75	0	
12	-3.75	0	
12	-3.75	0	
12	-3.75	0	
12	-3.75	0	
12	-3.75	0	
12	-3.75	0	
12	-3.75	0	
12	-3.75	0	
12	-3.75	0	
12	-3.75	0	
12	-3.75	0	
12	-3.75	0	
12	-3.75	0	
12	-3.75	0	
12	-3.75	0	
12	-3.75	0	
12	-3.75	0	
12	-3.75	0	
12	-3.75	0	
13	0	0	
13	0	0	
13	0	0	
13	0	0	
13	0	0	
13	0	0	
13	0	0	
13	0	0	
13	0	0	
13	0	0	
13	0	0	
13	0	0	
13	0	0	
13	0	0	
13	0	0	
13	0	0	
13	6.25	2.5	
13	15	3.75	
13	53.75	11.25	
13	70	13.75	
13	106.25	15	
13	123.75	15	
13	141.25	15	
13	198.75	11.25	
13	217.5	10	
13	217.5	10	
13	255	3.75	
13	270	2.5	
13	307.5	-3.75	
13	317.5	-3.75	
13	332.5	-7.5	
13	340	-8.75	
13	343.75	-11.25	
13	348.75	-11.25	
13	348.75	-11.25	
13	348.75	-11.25	
13	348.75	-11.25	
13	348.75	-11.25	
13	348.75	-11.25	
13	348.75	-11.25	
13	348.75	-11.25	
13	348.75	-11.25	
13	348.75	-11.25	
13	348.75	-11.25	
13	348.75	-11.25	
13	348.75	-11.25	
13	348.75	-11.25	
13	348.75	-11.25	
13	348.75	-11.25	
13	348.75	-11.25	
13	348.75	-11.25	
13	348.75	-11.25	
13	348.75	-11.25	
13	348.75	-11.25	
13	348.75	-11.25	
13	348.75	-11.25	
13	348.75	-11.25	
13	348.75	-11.25	
13	348.75	-11.25	
13	348.75	-11.25	
13	348.75	-11.25	
13	348.75	-11.25	
13	348.75	-11.25	
13	348.75	-11.25	
13	348.75	-11.25	
13	348.75	-11.25	
13	348.75	-11.25	
13	348.75	-11.25	
13	348.75	-11.25	
13	348.75	-11.25	
13	348.75	-11.25	
13	348.75	-11.25	
13	348.75	-11.25	
13	348.75	-11.25	
14	0	0	
14	0	0	
14	0	0	
14	0	0	
14	0	0	
14	0	0	
14	0	0	
14	0	0	
14	0	0	
14	0	0	
14	0	0	
14	0	0	
14	0	0	
14	0	0	
14	0	0	
14	0	0	
14	0	0	
14	0	0	
14	1.25	0	
14	2.5	-1.25	
14	7.5	0	
14	25	0	
14	37.5	2.5	
14	68.75	6.25	
14	106.25	7.5	
14	126.25	10	
14	171.25	10	
14	193.75	11.25	
14	258.75	10	
14	277.5	10	
14	296.25	10	
14	327.5	7.5	
14	340	7.5	
14	340	7.5	
14	340	7.5	
14	340	7.5	
14	340	7.5	
14	340	7.5	
14	340	7.5	
14	340	7.5	
14	340	7.5	
14	340	7.5	
14	340	7.5	
14	340	7.5	
14	340	7.5	
14	340	7.5	
14	340	7.5	
14	340	7.5	
14	340	7.5	
14	340	7.5	
14	340	7.5	
14	340	7.5	
14	340	7.5	
14	340	7.5	
14	340	7.5	
14	340	7.5	
14	340	7.5	
14	340	7.5	
14	340	7.5	
14	340	7.5	
14	340	7.5	
14	340	7.5	
14	340	7.5	
14	340	7.5	
14	340	7.5	
14	340	7.5	
14	340	7.5	
14	340	7.5	
14	340	7.5	
14	340	7.5	
14	340	7.5	
14	340	7.5	
14	340	7.5	
14	340	7.5	
15	0	0	
15	0	0	
15	0	0	
15	0	0	
15	0	0	
15	0	0	
15	0	0	
15	0	0	
15	0	0	
15	0	0	
15	0	0	
15	0	0	
15	0	0	
15	0	0	
15	0	0	
15	0	0	
15	0	0	
15	0	0	
15	0	0	
15	3.75	0	
15	8.75	0	
15	15	0	
15	36.25	2.5	
15	80	3.75	
15	97.5	2.5	
15	115	0	
15	155	-3.75	
15	176.25	-3.75	
15	218.75	-8.75	
15	258.75	-12.5	
15	276.25	-15	
15	292.5	-15	
15	320	-15	
15	345	-16.25	
15	345	-16.25	
15	345	-16.25	
15	345	-16.25	
15	345	-16.25	
15	345	-16.25	
15	345	-16.25	
15	345	-16.25	
15	345	-16.25	
15	345	-16.25	
15	345	-16.25	
15	345	-16.25	
15	345	-16.25	
15	345	-16.25	
15	345	-16.25	
15	345	-16.25	
15	345	-16.25	
15	345	-16.25	
15	345	-16.25	
15	345	-16.25	
15	345	-16.25	
15	345	-16.25	
15	345	-16.25	
15	345	-16.25	
15	345	-16.25	
15	345	-16.25	
15	345	-16.25	
15	345	-16.25	
15	345	-16.25	
15	345	-16.25	
15	345	-16.25	
15	345	-16.25	
15	345	-16.25	
15	345	-16.25	
15	345	-16.25	
15	345	-16.25	
15	345	-16.25	
15	345	-16.25	
15	345	-16.25	
15	345	-16.25	
15	345	-16.25	
16	0	0	
16	0	0	
16	0	0	
16	0	2.5	
16	0	3.75	
16	0	3.75	
16	0	6.25	
16	0	6.25	
16	0	6.25	
16	1.25	7.5	
16	1.25	7.5	
16	2.5	7.5	
16	3.75	7.5	
16	7.5	10	
16	7.5	10	
16	11.25	10	
16	13.75	10	
16	17.5	10	
16	35	11.25	
16	42.5	13.75	
16	52.5	13.75	
16	76.25	15	
16	91.25	17.5	
16	141.25	18.75	
16	158.75	17.5	
16	196.25	15	
16	215	13.75	
16	232.5	11.25	
16	282.5	11.25	
16	297.5	10	
16	308.75	10	
16	330	7.5	
16	340	6.25	
16	348.75	3.75	
16	348.75	3.75	
16	348.75	3.75	
16	348.75	3.75	
16	348.75	3.75	
16	348.75	3.75	
16	348.75	3.75	
16	348.75	3.75	
16	348.75	3.75	
16	348.75	3.75	
16	348.75	3.75	
16	348.75	3.75	
16	348.75	3.75	
16	348.75	3.75	
16	348.75	3.75	
16	348.75	3.75	
16	348.75	3.75	
16	348.75	3.75	
16	348.75	3.75	
16	348.75	3.75	
16	348.75	3.75	
16	348.75	3.75	
16	348.75	3.75	
16	348.75	3.75	
16	348.75	3.75	
16	348.75	3.75	
16	348.75	3.75	
16	348.75	3.75	
16	348.75	3.75	
16	348.75	3.75	
16	348.75	3.75	
16	348.75	3.75	
16	348.75	3.75	
16	348.75	3.75	
16	348.75	3.75	
16	348.75	3.75	
16	348.75	3.75	
16	348.75	3.75	
16	348.75	3.75	
16	348.75	3.75	
16	348.75	3.75	
17	0	0	
17	0	0	
17	0	0	
17	0	0	
17	0	0	
17	0	0	
17	-1.25	0	
17	-1.25	0	
17	-1.25	0	
17	-1.25	0	
17	-1.25	0	
17	-1.25	0	
17	-1.25	0	
17	-1.25	0	
17	-1.25	0	
17	-1.25	0	
17	-1.25	2.5	
17	-1.25	2.5	
17	-2.5	2.5	
17	-2.5	2.5	
17	-2.5	2.5	
17	-2.5	2.5	
17	-1.25	2.5	
17	11.25	3.75	
17	17.5	3.75	
17	23.75	6.25	
17	38.75	7.5	
17	46.25	11.25	
17	76.25	17.5	
17	90	18.75	
17	117.5	18.75	
17	132.5	18.75	
17	132.5	18.75	
17	191.25	18.75	
17	211.25	18.75	
17	231.25	17.5	
17	250	15	
17	286.25	13.75	
17	332.5	10	
17	343.75	7.5	
17	343.75	7.5	
17	343.75	7.5	
17	343.75	7.5	
17	343.75	7.5	
17	343.75	7.5	
17	343.75	7.5	
17	343.75	7.5	
17	343.75	7.5	
17	343.75	7.5	
17	343.75	7.5	
17	343.75	7.5	
17	343.75	7.5	
17	343.75	7.5	
17	343.75	7.5	
17	343.75	7.5	
17	343.75	7.5	
17	343.75	7.5	
17	343.75	7.5	
17	343.75	7.5	
17	343.75	7.5	
17	343.75	7.5	
17	343.75	7.5	
17	343.75	7.5	
17	343.75	7.5	
17	343.75	7.5	
17	343.75	7.5	
17	343.75	7.5	
17	343.75	7.5	
17	343.75	7.5	
17	343.75	7.5	
17	343.75	7.5	
17	343.75	7.5	
17	343.75	7.5	
17	343.75	7.5	
18	0	0	
18	0	0	
18	0	0	
18	0	0	
18	0	0	
18	0	0	
18	0	0	
18	0	0	
18	0	0	
18	0	0	
18	0	0	
18	0	0	
18	0	0	
18	-1.25	0	
18	-2.5	3.75	
18	-6.25	3.75	
18	-8.75	3.75	
18	-13.75	3.75	
18	-40	0	
18	-52.5	0	
18	-65	-3.75	
18	-96.25	-7.5	
18	-112.5	-7.5	
18	-143.75	-11.25	
18	-173.75	-15	
18	-185	-15	
18	-205	-16.25	
18	-211.25	-16.25	
18	-220	-18.75	
18	-218.75	-18.75	
18	-213.75	-18.75	
18	-205	-16.25	
18	-175	-15	
18	-132.5	-15	
18	-87.5	-15	
18	-66.25	-15	
18	-27.5	-16.25	
18	-8.75	-16.25	
18	43.75	-12.5	
18	60	-12.5	
18	73.75	-11.25	
18	85	-11.25	
18	105	-11.25	
18	120	-11.25	
18	130	-11.25	
18	132.5	-11.25	
18	137.5	-11.25	
18	138.75	-11.25	
18	141.25	-11.25	
18	141.25	-11.25	
18	142.5	-11.25	
18	142.5	-11.25	
18	143.75	-11.25	
18	143.75	-11.25	
18	143.75	-11.25	
18	143.75	-11.25	
18	143.75	-11.25	
18	143.75	-11.25	
18	143.75	-11.25	
18	143.75	-11.25	
18	143.75	-11.25	
18	143.75	-11.25	
18	143.75	-11.25	
18	143.75	-11.25	
18	143.75	-11.25	
18	-118.75	-45	
18	-110	-42.5	
18	-86.25	-37.5	
18	-57.5	-31.25	
18	-26.25	-26.25	
18	-11.25	-23.75	
18	3.75	-22.5	
18	31.25	-20	
18	51.25	-18.75	
19	0	0	
19	0	0	
19	-1.25	1.25	
19	-2.5	-6.25	
19	-2.5	-11.25	
19	-1.25	-17.5	
19	0	-21.25	
19	6.25	-32.5	
19	13.75	-40	
19	20	-45	
19	22.5	-47.5	
19	26.25	-47.5	
19	28.75	-48.75	
19	38.75	-47.5	
19	40	-47.5	
19	41.25	-47.5	
19	42.5	-47.5	
19	43.75	-47.5	
19	43.75	-47.5	
19	45	-47.5	
19	50	-45	
19	53.75	-43.75	
19	60	-41.25	
19	111.25	-30	
19	127.5	-28.75	
19	146.25	-25	
19	166.25	-22.5	
19	208.75	-18.75	
19	251.25	-17.5	
19	272.5	-15	
19	307.5	-13.75	
19	322.5	-13.75	
19	335	-13.75	
19	335	-13.75	
19	335	-13.75	
19	335	-13.75	
19	335	-13.75	
19	335	-13.75	
19	335	-13.75	
19	335	-13.75	
19	335	-13.75	
19	335	-13.75	
19	335	-13.75	
19	335	-13.75	
19	335	-13.75	
19	335	-13.75	
19	335	-13.75	
19	335	-13.75	
19	335	-13.75	
19	335	-13.75	
19	335	-13.75	
19	335	-13.75	
19	335	-13.75	
19	335	-13.75	
19	335	-13.75	
19	335	-13.75	
19	335	-13.75	
19	335	-13.75	
19	335	-13.75	
19	335	-13.75	
19	335	-13.75	
19	335	-13.75	
19	335	-13.75	
19	335	-13.75	
19	335	-13.75	
19	335	-13.75	
19	335	-13.75	
19	335	-13.75	
19	335	-13.75	
19	335	-13.75	
19	335	-13.75	
19	335	-13.75	
19	335	-13.75	
19	335	-13.75	
20	0	0	
20	0	0	
20	0	0	
20	0	0	
20	0	0	
20	0	0	
20	0	0	
20	0	0	
20	0	0	
20	0	0	
20	0	0	
20	0	0	
20	0	0	
20	0	0	
20	0	0	
20	0	0	
20	0	0	
20	0	0	
20	1.25	0	
20	2.5	0	
20	8.75	2.5	
20	13.75	3.75	
20	18.75	3.75	
20	48.75	10	
20	62.5	11.25	
20	95	11.25	
20	115	11.25	
20	136.25	11.25	
20	183.75	11.25	
20	211.25	10	
20	265	7.5	
20	265	7.5	
20	298.75	7.5	
20	327.5	7.5	
20	327.5	7.5	
20	327.5	7.5	
20	327.5	7.5	
20	327.5	7.5	
20	327.5	7.5	
20	327.5	7.5	
20	327.5	7.5	
20	327.5	7.5	
20	327.5	7.5	
20	327.5	7.5	
20	327.5	7.5	
20	327.5	7.5	
20	327.5	7.5	
20	327.5	7.5	
20	327.5	7.5	
20	327.5	7.5	
20	327.5	7.5	
20	327.5	7.5	
20	327.5	7.5	
20	327.5	7.5	
20	327.5	7.5	
20	327.5	7.5	
20	327.5	7.5	
20	327.5	7.5	
20	327.5	7.5	
20	327.5	7.5	
20	327.5	7.5	
20	327.5	7.5	
20	327.5	7.5	
20	327.5	7.5	
20	327.5	7.5	
20	327.5	7.5	
20	327.5	7.5	
20	327.5	7.5	
20	327.5	7.5	
20	327.5	7.5	
20	327.5	7.5	
20	327.5	7.5	
20	327.5	7.5	
20	327.5	7.5	
21	0	0	
21	0	0	
21	0	0	
21	0	0	
21	0	0	
21	0	0	
21	0	0	
21	0	0	
21	0	0	
21	0	0	
21	0	0	
21	0	0	
21	0	0	
21	0	0	
21	0	0	
21	1.25	1.25	
21	5	1.25	
21	11.25	3.75	
21	45	12.5	
21	60	15	
21	78.75	16.25	
21	115	22.5	
21	135	23.75	
21	176.25	27.5	
21	218.75	30	
21	240	30	
21	261.25	30	
21	298.75	30	
21	338.75	27.5	
21	348.75	27.5	
21	348.75	27.5	
21	348.75	27.5	
21	348.75	27.5	
21	348.75	27.5	
21	348.75	27.5	
21	348.75	27.5	
21	348.75	27.5	
21	348.75	27.5	
21	348.75	27.5	
21	348.75	27.5	
21	348.75	27.5	
21	348.75	27.5	
21	348.75	27.5	
21	348.75	27.5	
21	348.75	27.5	
21	348.75	27.5	
21	348.75	27.5	
21	348.75	27.5	
21	348.75	27.5	
21	348.75	27.5	
21	348.75	27.5	
21	348.75	27.5	
21	348.75	27.5	
21	348.75	27.5	
21	348.75	27.5	
21	348.75	27.5	
21	348.75	27.5	
21	348.75	27.5	
21	348.75	27.5	
21	348.75	27.5	
21	348.75	27.5	
21	348.75	27.5	
21	348.75	27.5	
21	348.75	27.5	
21	348.75	27.5	
21	348.75	27.5	
21	348.75	27.5	
21	348.75	27.5	
21	348.75	27.5	
21	348.75	27.5	
21	348.75	27.5	
21	348.75	27.5	
21	348.75	27.5	
21	348.75	27.5	
22	0	0	
22	0	0	
22	0	0	
22	0	0	
22	0	0	
22	0	0	
22	0	0	
22	0	0	
22	0	0	
22	0	0	
22	0	0	
22	0	0	
22	0	0	
22	0	0	
22	0	0	
22	0	0	
22	0	0	
22	0	0	
22	0	0	
22	0	0	
22	0	0	
22	0	0	
22	0	0	
22	10	6.25	
22	17.5	7.5	
22	36.25	13.75	
22	48.75	15	
22	62.5	17.5	
22	116.25	22.5	
22	138.75	22.5	
22	162.5	22.5	
22	188.75	25	
22	238.75	26.25	
22	285	26.25	
22	306.25	26.25	
22	341.25	25	
22	341.25	25	
22	341.25	25	
22	341.25	25	
22	341.25	25	
22	341.25	25	
22	341.25	25	
22	341.25	25	
22	341.25	25	
22	341.25	25	
22	341.25	25	
22	341.25	25	
22	341.25	25	
22	341.25	25	
22	341.25	25	
22	341.25	25	
22	341.25	25	
22	341.25	25	
22	341.25	25	
22	341.25	25	
22	341.25	25	
22	341.25	25	
22	341.25	25	
22	341.25	25	
22	341.25	25	
22	341.25	25	
22	341.25	25	
22	341.25	25	
22	341.25	25	
22	341.25	25	
22	341.25	25	
22	341.25	25	
22	341.25	25	
22	341.25	25	
22	341.25	25	
22	341.25	25	
22	341.25	25	
22	341.25	25	
22	341.25	25	
23	0	0	
23	0	0	
23	0	0	
23	0	0	
23	0	0	
23	0	0	
23	0	0	
23	0	0	
23	0	0	
23	0	0	
23	0	0	
23	0	0	
23	0	0	
23	0	0	
23	0	0	
23	0	0	
23	0	0	
23	0	0	
23	0	2.5	
23	2.5	2.5	
23	6.25	3.75	
23	22.5	6.25	
23	33.75	7.5	
23	87.5	18.75	
23	130	22.5	
23	151.25	22.5	
23	172.5	21.25	
23	193.75	18.75	
23	252.5	10	
23	272.5	6.25	
23	290	2.5	
23	320	-3.75	
23	331.25	-5	
23	347.5	-8.75	
23	347.5	-8.75	
23	347.5	-8.75	
23	347.5	-8.75	
23	347.5	-8.75	
23	347.5	-8.75	
23	347.5	-8.75	
23	347.5	-8.75	
23	347.5	-8.75	
23	347.5	-8.75	
23	347.5	-8.75	
23	347.5	-8.75	
23	347.5	-8.75	
23	347.5	-8.75	
23	347.5	-8.75	
23	347.5	-8.75	
23	347.5	-8.75	
23	347.5	-8.75	
23	347.5	-8.75	
23	347.5	-8.75	
23	347.5	-8.75	
23	347.5	-8.75	
23	347.5	-8.75	
23	347.5	-8.75	
23	347.5	-8.75	
23	347.5	-8.75	
23	347.5	-8.75	
23	347.5	-8.75	
23	347.5	-8.75	
23	347.5	-8.75	
23	347.5	-8.75	
23	347.5	-8.75	
23	347.5	-8.75	
23	347.5	-8.75	
23	347.5	-8.75	
23	347.5	-8.75	
23	347.5	-8.75	
23	347.5	-8.75	
23	347.5	-8.75	
23	347.5	-8.75	
23	347.5	-8.75	
24	0	0	
24	0	0	
24	0	0	
24	0	0	
24	0	0	
24	0	0	
24	0	0	
24	0	0	
24	0	0	
24	0	0	
24	0	0	
24	0	0	
24	0	0	
24	0	0	
24	0	0	
24	0	0	
24	0	0	
24	0	0	
24	0	0	
24	0	0	
24	0	0	
24	0	0	
24	0	0	
24	0	0	
24	0	0	
24	0	0	
24	0	0	
24	0	0	
24	0	0	
24	0	0	
24	0	0	
24	0	0	
24	0	0	
24	0	0	
24	0	0	
24	0	0	
24	0	0	
24	0	0	
24	0	0	
24	0	0	
24	2.5	0	
24	6.25	0	
24	13.75	2.5	
24	53.75	7.5	
24	72.5	10	
24	92.5	11.25	
24	133.75	13.75	
24	155	13.75	
24	197.5	11.25	
24	238.75	10	
24	258.75	7.5	
24	295	3.75	
24	311.25	3.75	
24	347.5	2.5	
24	347.5	2.5	
24	347.5	2.5	
24	347.5	2.5	
24	347.5	2.5	
24	347.5	2.5	
24	347.5	2.5	
24	347.5	2.5	
24	347.5	2.5	
24	347.5	2.5	
24	347.5	2.5	
24	347.5	2.5	
24	347.5	2.5	
24	347.5	2.5	
24	347.5	2.5	
24	347.5	2.5	
24	347.5	2.5	
24	347.5	2.5	
24	347.5	2.5	
24	347.5	2.5	
24	347.5	2.5	
25	0	0	
25	0	0	
25	0	0	
25	0	0	
25	-1.25	0	
25	-1.25	0	
25	-1.25	0	
25	-1.25	0	
25	-1.25	0	
25	-1.25	0	
25	-1.25	0	
25	-1.25	0	
25	-1.25	0	
25	-1.25	0	
25	-1.25	0	
25	-1.25	0	
25	-1.25	0	
25	-1.25	0	
25	-1.25	0	
25	0	0	
25	2.5	2.5	
25	8.75	3.75	
25	27.5	6.25	
25	56.25	7.5	
25	92.5	7.5	
25	112.5	7.5	
25	132.5	7.5	
25	155	6.25	
25	236.25	0	
25	255	0	
25	270	-1.25	
25	283.75	-3.75	
25	306.25	-3.75	
25	320	-3.75	
25	330	-3.75	
25	332.5	-3.75	
25	333.75	-3.75	
25	335	-3.75	
25	338.75	-3.75	
25	340	-3.75	
25	341.25	-3.75	
25	342.5	-3.75	
25	347.5	-1.25	
25	348.75	0	
25	348.75	0	
25	348.75	0	
25	348.75	0	
25	348.75	0	
25	348.75	0	
25	348.75	0	
25	348.75	0	
25	348.75	0	
25	348.75	0	
25	348.75	0	
25	348.75	0	
25	348.75	0	
25	348.75	0	
25	348.75	0	
25	348.75	0	
25	348.75	0	
25	348.75	0	
25	348.75	0	
25	348.75	0	
25	348.75	0	
25	348.75	0	
25	348.75	0	
25	348.75	0	
25	348.75	0	
25	348.75	0	
25	348.75	0	
25	348.75	0	
25	348.75	0	
25	348.75	0	
25	348.75	0	
26	0	0	
26	0	0	
26	0	0	
26	0	0	
26	0	0	
26	0	0	
26	0	0	
26	0	0	
26	0	0	
26	0	0	
26	0	0	
26	0	0	
26	0	0	
26	0	0	
26	1.25	0	
26	2.5	3.75	
26	7.5	6.25	
26	21.25	11.25	
26	45	17.5	
26	75	22.5	
26	91.25	22.5	
26	110	25	
26	127.5	26.25	
26	187.5	26.25	
26	207.5	26.25	
26	246.25	26.25	
26	262.5	25	
26	290	22.5	
26	310	18.75	
26	323.75	17.5	
26	328.75	15	
26	332.5	15	
26	335	15	
26	340	15	
26	342.5	15	
26	342.5	13.75	
26	342.5	13.75	
26	343.75	13.75	
26	345	13.75	
26	345	13.75	
26	345	13.75	
26	345	13.75	
26	345	13.75	
26	345	13.75	
26	345	13.75	
26	345	13.75	
26	345	13.75	
26	345	13.75	
26	345	13.75	
26	345	13.75	
26	345	13.75	
26	345	13.75	
26	345	13.75	
26	345	13.75	
26	345	13.75	
26	345	13.75	
26	345	13.75	
26	345	13.75	
26	345	13.75	
26	345	13.75	
26	345	13.75	
26	345	13.75	
26	345	13.75	
26	345	11.25	
26	345	11.25	
26	345	11.25	
26	345	11.25	
26	345	11.25	
26	345	11.25	
26	345	11.25	
26	345	11.25	
26	345	11.25	
26	345	11.25	
26	345	11.25	
27	0	0	
27	0	0	
27	0	0	
27	0	0	
27	0	0	
27	0	0	
27	0	0	
27	0	0	
27	0	0	
27	0	0	
27	0	0	
27	0	0	
27	0	0	
27	1.25	2.5	
27	6.25	3.75	
27	22.5	6.25	
27	33.75	7.5	
27	47.5	7.5	
27	98.75	13.75	
27	118.75	15	
27	140	15	
27	183.75	15	
27	207.5	15	
27	270	11.25	
27	287.5	11.25	
27	316.25	7.5	
27	326.25	3.75	
27	335	3.75	
27	348.75	2.5	
27	348.75	2.5	
27	348.75	2.5	
27	348.75	2.5	
27	348.75	2.5	
27	348.75	2.5	
27	348.75	2.5	
27	348.75	2.5	
27	348.75	2.5	
27	348.75	2.5	
27	348.75	2.5	
27	348.75	2.5	
27	348.75	2.5	
27	348.75	2.5	
27	348.75	2.5	
27	348.75	2.5	
27	348.75	2.5	
27	348.75	2.5	
27	348.75	2.5	
27	348.75	2.5	
27	348.75	2.5	
27	348.75	2.5	
27	348.75	2.5	
27	348.75	2.5	
27	348.75	2.5	
27	348.75	2.5	
27	348.75	2.5	
27	348.75	2.5	
27	348.75	2.5	
27	348.75	2.5	
27	348.75	2.5	
27	348.75	2.5	
27	348.75	2.5	
27	348.75	2.5	
27	348.75	2.5	
27	348.75	2.5	
27	348.75	2.5	
27	348.75	2.5	
27	348.75	2.5	
27	348.75	2.5	
27	348.75	2.5	
27	348.75	2.5	
27	348.75	2.5	
27	348.75	2.5	
27	348.75	2.5	
27	348.75	2.5	
28	0	0	
28	0	0	
28	0	0	
28	0	0	
28	0	0	
28	0	0	
28	0	0	
28	0	0	
28	0	0	
28	0	0	
28	0	0	
28	0	0	
28	0	0	
28	0	0	
28	0	0	
28	0	0	
28	1.25	0	
28	5	0	
28	23.75	2.5	
28	42.5	3.75	
28	52.5	3.75	
28	65	3.75	
28	78.75	6.25	
28	125	7.5	
28	142.5	6.25	
28	160	6.25	
28	198.75	3.75	
28	217.5	2.5	
28	270	0	
28	285	0	
28	311.25	0	
28	322.5	0	
28	331.25	0	
28	345	0	
28	348.75	0	
28	348.75	0	
28	348.75	0	
28	348.75	0	
28	348.75	0	
28	348.75	0	
28	348.75	0	
28	348.75	0	
28	348.75	0	
28	348.75	0	
28	348.75	0	
28	348.75	0	
28	348.75	0	
28	348.75	0	
28	348.75	0	
28	348.75	0	
28	348.75	0	
28	348.75	0	
28	348.75	0	
28	348.75	0	
28	348.75	0	
28	348.75	0	
28	348.75	0	
28	348.75	0	
28	348.75	0	
28	348.75	0	
28	348.75	0	
28	348.75	0	
28	348.75	0	
28	348.75	0	
28	348.75	0	
28	348.75	0	
28	348.75	0	
28	348.75	0	
28	348.75	0	
28	348.75	0	
28	348.75	0	
28	348.75	0	
28	348.75	0	
28	348.75	0	
29	0	0	
29	0	0	
29	0	0	
29	0	0	
29	0	0	
29	0	0	
29	0	0	
29	0	0	
29	0	0	
29	0	0	
29	0	0	
29	0	0	
29	0	0	
29	0	0	
29	0	0	
29	2.5	0	
29	3.75	2.5	
29	15	3.75	
29	30	3.75	
29	40	6.25	
29	65	7.5	
29	82.5	7.5	
29	101.25	11.25	
29	171.25	13.75	
29	196.25	13.75	
29	221.25	13.75	
29	267.5	11.25	
29	307.5	10	
29	338.75	7.5	
29	338.75	7.5	
29	338.75	7.5	
29	338.75	7.5	
29	338.75	7.5	
29	338.75	7.5	
29	338.75	7.5	
29	338.75	7.5	
29	338.75	7.5	
29	338.75	7.5	
29	338.75	7.5	
29	338.75	7.5	
29	338.75	7.5	
29	338.75	7.5	
29	338.75	7.5	
29	338.75	7.5	
29	338.75	7.5	
29	338.75	7.5	
29	338.75	7.5	
29	338.75	7.5	
29	338.75	7.5	
29	338.75	7.5	
29	338.75	7.5	
29	338.75	7.5	
29	338.75	7.5	
29	338.75	7.5	
29	338.75	7.5	
29	338.75	7.5	
29	338.75	7.5	
29	338.75	7.5	
29	338.75	7.5	
29	338.75	7.5	
29	338.75	7.5	
29	338.75	7.5	
29	338.75	7.5	
29	338.75	7.5	
29	338.75	7.5	
29	338.75	7.5	
29	338.75	7.5	
29	338.75	7.5	
29	338.75	7.5	
29	338.75	7.5	
29	338.75	7.5	
29	338.75	7.5	
29	338.75	7.5	
29	338.75	7.5	
30	0	0	
30	0	0	
30	0	0	
30	0	0	
30	0	0	
30	0	0	
30	0	0	
30	0	0	
30	0	0	
30	0	0	
30	0	0	
30	0	0	
30	0	0	
30	0	0	
30	1.25	0	
30	8.75	3.75	
30	15	3.75	
30	23.75	7.5	
30	57.5	13.75	
30	71.25	15	
30	86.25	18.75	
30	102.5	18.75	
30	137.5	22.5	
30	178.75	22.5	
30	221.25	22.5	
30	240	22.5	
30	275	18.75	
30	290	18.75	
30	325	15	
30	333.75	11.25	
30	342.5	11.25	
30	342.5	11.25	
30	342.5	11.25	
30	342.5	11.25	
30	342.5	11.25	
30	342.5	11.25	
30	342.5	11.25	
30	342.5	11.25	
30	342.5	11.25	
30	342.5	11.25	
30	342.5	11.25	
30	342.5	11.25	
30	342.5	11.25	
30	342.5	11.25	
30	342.5	11.25	
30	342.5	11.25	
30	342.5	11.25	
30	342.5	11.25	
30	342.5	11.25	
30	342.5	11.25	
30	342.5	11.25	
30	342.5	11.25	
30	342.5	11.25	
30	342.5	11.25	
30	342.5	11.25	
30	342.5	11.25	
30	342.5	11.25	
30	342.5	11.25	
30	342.5	11.25	
30	342.5	11.25	
30	342.5	11.25	
30	342.5	11.25	
30	342.5	11.25	
30	342.5	11.25	
30	342.5	11.25	
30	342.5	11.25	
30	342.5	11.25	
30	342.5	11.25	
30	342.5	11.25	
30	342.5	11.25	
30	342.5	11.25	
30	342.5	11.25	
30	342.5	11.25	
30	342.5	11.25	
31	0	0	
31	0	0	
31	0	0	
31	0	0	
31	0	0	
31	0	0	
31	0	0	
31	0	0	
31	0	0	
31	0	0	
31	0	0	
31	0	0	
31	0	0	
31	1.25	0	
31	5	0	
31	11.25	2.5	
31	27.5	3.75	
31	37.5	6.25	
31	62.5	7.5	
31	91.25	11.25	
31	107.5	11.25	
31	123.75	11.25	
31	157.5	11.25	
31	207.5	11.25	
31	223.75	11.25	
31	237.5	11.25	
31	251.25	11.25	
31	273.75	10	
31	291.25	7.5	
31	306.25	7.5	
31	312.5	7.5	
31	317.5	6.25	
31	325	6.25	
31	330	3.75	
31	331.25	3.75	
31	332.5	3.75	
31	332.5	3.75	
31	332.5	3.75	
31	332.5	3.75	
31	332.5	3.75	
31	332.5	3.75	
31	332.5	3.75	
31	332.5	3.75	
31	332.5	3.75	
31	332.5	3.75	
31	332.5	3.75	
31	332.5	3.75	
31	332.5	3.75	
31	332.5	3.75	
31	332.5	3.75	
31	332.5	3.75	
31	332.5	3.75	
31	332.5	3.75	
31	332.5	3.75	
31	332.5	3.75	
31	332.5	3.75	
31	332.5	3.75	
31	332.5	3.75	
31	332.5	3.75	
31	332.5	3.75	
31	332.5	3.75	
31	332.5	3.75	
31	332.5	3.75	
31	332.5	3.75	
31	332.5	3.75	
31	332.5	3.75	
31	332.5	3.75	
31	332.5	3.75	
31	332.5	3.75	
31	332.5	3.75	
31	332.5	3.75	
31	332.5	3.75	
31	332.5	3.75	
31	332.5	3.75	
32	0	0	
32	0	0	
32	0	0	
32	0	0	
32	0	0	
32	0	0	
32	0	0	
32	0	0	
32	0	0	
32	0	0	
32	0	0	
32	0	0	
32	0	0	
32	2.5	0	
32	6.25	0	
32	20	2.5	
32	30	3.75	
32	42.5	3.75	
32	88.75	11.25	
32	125	16.25	
32	145	16.25	
32	163.75	18.75	
32	183.75	18.75	
32	237.5	16.25	
32	253.75	16.25	
32	281.25	15	
32	292.5	15	
32	301.25	11.25	
32	318.75	11.25	
32	323.75	10	
32	326.25	10	
32	327.5	10	
32	328.75	10	
32	331.25	7.5	
32	331.25	7.5	
32	331.25	7.5	
32	332.5	7.5	
32	333.75	7.5	
32	336.25	7.5	
32	337.5	7.5	
32	337.5	7.5	
32	337.5	7.5	
32	337.5	7.5	
32	337.5	7.5	
32	337.5	7.5	
32	337.5	7.5	
32	337.5	7.5	
32	337.5	7.5	
32	337.5	7.5	
32	337.5	7.5	
32	337.5	7.5	
32	337.5	7.5	
32	337.5	7.5	
32	337.5	7.5	
32	337.5	7.5	
32	337.5	7.5	
32	337.5	7.5	
32	337.5	7.5	
32	337.5	7.5	
32	337.5	7.5	
32	337.5	7.5	
32	337.5	7.5	
32	337.5	7.5	
32	337.5	7.5	
32	337.5	7.5	
32	337.5	7.5	
32	337.5	7.5	
32	337.5	7.5	
32	337.5	7.5	
32	337.5	7.5	
32	337.5	7.5	
32	337.5	7.5	
32	337.5	7.5	
32	337.5	7.5	
33	0	0	
33	0	0	
33	0	0	
33	0	0	
33	0	0	
33	0	0	
33	0	0	
33	0	0	
33	0	0	
33	0	0	
33	0	0	
33	0	0	
33	0	0	
33	0	0	
33	0	0	
33	2.5	2.5	
33	7.5	2.5	
33	21.25	3.75	
33	41.25	6.25	
33	66.25	7.5	
33	81.25	10	
33	96.25	11.25	
33	128.75	13.75	
33	168.75	15	
33	188.75	15	
33	207.5	15	
33	243.75	15	
33	260	15	
33	293.75	15	
33	307.5	15	
33	332.5	13.75	
33	342.5	13.75	
33	342.5	13.75	
33	342.5	13.75	
33	342.5	13.75	
33	342.5	13.75	
33	342.5	13.75	
33	342.5	13.75	
33	342.5	13.75	
33	342.5	13.75	
33	342.5	13.75	
33	342.5	13.75	
33	342.5	13.75	
33	342.5	13.75	
33	342.5	13.75	
33	342.5	13.75	
33	342.5	13.75	
33	342.5	13.75	
33	342.5	13.75	
33	342.5	13.75	
33	342.5	13.75	
33	342.5	13.75	
33	342.5	13.75	
33	342.5	13.75	
33	342.5	13.75	
33	342.5	13.75	
33	342.5	13.75	
33	342.5	13.75	
33	342.5	13.75	
33	342.5	13.75	
33	342.5	13.75	
33	342.5	13.75	
33	342.5	13.75	
33	342.5	13.75	
33	342.5	13.75	
33	342.5	13.75	
33	342.5	13.75	
33	342.5	13.75	
33	342.5	13.75	
33	342.5	13.75	
33	342.5	13.75	
33	342.5	13.75	
33	342.5	13.75	
33	342.5	13.75	
34	0	0	
34	0	0	
34	0	0	
34	0	0	
34	0	0	
34	0	0	
34	0	0	
34	0	0	
34	0	0	
34	0	0	
34	0	0	
34	0	0	
34	0	0	
34	0	0	
34	0	0	
34	0	0	
34	0	0	
34	0	0	
34	0	0	
34	0	0	
34	0	0	
34	3.75	0	
34	8.75	0	
34	21.25	1.25	
34	28.75	1.25	
34	60	5	
34	77.5	5	
34	96.25	8.75	
34	162.5	12.5	
34	186.25	12.5	
34	210	12.5	
34	257.5	16.25	
34	281.25	17.5	
34	325	17.5	
34	325	17.5	
34	325	17.5	
34	325	17.5	
34	325	17.5	
34	325	17.5	
34	325	17.5	
34	325	17.5	
34	325	17.5	
34	325	17.5	
34	325	17.5	
34	325	17.5	
34	325	17.5	
34	325	17.5	
34	325	17.5	
34	325	17.5	
34	325	17.5	
34	325	17.5	
34	325	17.5	
34	325	17.5	
34	325	17.5	
34	325	17.5	
34	325	17.5	
34	325	17.5	
34	325	17.5	
34	325	17.5	
34	325	17.5	
34	325	17.5	
34	325	17.5	
34	325	17.5	
34	325	17.5	
34	325	17.5	
34	325	17.5	
34	325	17.5	
34	325	17.5	
34	325	17.5	
34	325	17.5	
34	325	17.5	
34	325	17.5	
34	325	17.5	
34	325	17.5	
35	0	0	
35	0	0	
35	0	0	
35	0	0	
35	0	0	
35	0	0	
35	0	0	
35	0	0	
35	0	0	
35	0	0	
35	0	0	
35	0	0	
35	0	0	
35	0	0	
35	0	0	
35	0	0	
35	0	0	
35	0	0	
35	0	0	
35	0	0	
35	0	0	
35	2.5	0	
35	12.5	1.25	
35	40	7.5	
35	52.5	8.75	
35	65	8.75	
35	92.5	13.75	
35	108.75	16.25	
35	155	20	
35	171.25	21.25	
35	187.5	21.25	
35	202.5	23.75	
35	231.25	23.75	
35	272.5	25	
35	287.5	25	
35	300	25	
35	322.5	28.75	
35	331.25	28.75	
35	338.75	28.75	
35	338.75	28.75	
35	338.75	28.75	
35	338.75	28.75	
35	338.75	28.75	
35	338.75	28.75	
35	338.75	28.75	
35	338.75	28.75	
35	338.75	28.75	
35	338.75	28.75	
35	338.75	28.75	
35	338.75	28.75	
35	338.75	28.75	
35	338.75	28.75	
35	338.75	28.75	
35	338.75	28.75	
35	338.75	28.75	
35	338.75	28.75	
35	338.75	28.75	
35	338.75	28.75	
35	338.75	28.75	
35	338.75	28.75	
35	338.75	28.75	
35	338.75	28.75	
35	338.75	28.75	
35	338.75	28.75	
35	338.75	28.75	
35	338.75	28.75	
35	338.75	28.75	
35	338.75	28.75	
35	338.75	28.75	
35	338.75	28.75	
35	338.75	28.75	
35	338.75	28.75	
35	338.75	28.75	
35	338.75	28.75	
36	0	0	
36	0	0	
36	0	0	
36	0	0	
36	0	0	
36	0	0	
36	0	0	
36	0	0	
36	0	0	
36	0	0	
36	0	0	
36	0	0	
36	0	0	
36	-2.5	0	
36	-2.5	0	
36	-2.5	0	
36	-2.5	0	
36	-2.5	0	
36	-2.5	0	
36	-2.5	0	
36	-2.5	0	
36	-2.5	0	
36	-2.5	0	
36	-2.5	0	
36	0	0	
36	1.25	0	
36	3.75	0	
36	8.75	2.5	
36	18.75	3.75	
36	33.75	10	
36	43.75	11.25	
36	67.5	17.5	
36	80	18.75	
36	121.25	25	
36	136.25	26.25	
36	151.25	26.25	
36	166.25	28.75	
36	196.25	30	
36	222.5	28.75	
36	247.5	26.25	
36	258.75	26.25	
36	277.5	25	
36	286.25	22.5	
36	300	22.5	
36	311.25	18.75	
36	315	18.75	
36	318.75	18.75	
36	325	17.5	
36	328.75	15	
36	331.25	15	
36	333.75	15	
36	333.75	15	
36	333.75	15	
36	333.75	15	
36	333.75	15	
36	333.75	15	
36	333.75	15	
36	333.75	15	
36	333.75	15	
36	333.75	15	
36	333.75	15	
36	335	15	
36	335	15	
36	335	15	
36	335	15	
36	335	15	
36	335	15	
36	335	15	
36	335	15	
36	335	15	
36	335	15	
36	335	15	
36	335	15	
36	335	15	
37	0	0	
37	0	0	
37	0	0	
37	0	0	
37	0	0	
37	0	0	
37	0	0	
37	0	0	
37	0	0	
37	0	0	
37	0	0	
37	0	0	
37	0	0	
37	0	0	
37	0	0	
37	0	0	
37	0	0	
37	0	0	
37	0	0	
37	2.5	0	
37	6.25	0	
37	11.25	2.5	
37	17.5	2.5	
37	42.5	3.75	
37	53.75	3.75	
37	65	3.75	
37	91.25	3.75	
37	105	3.75	
37	143.75	3.75	
37	161.25	3.75	
37	193.75	3.75	
37	193.75	3.75	
37	212.5	3.75	
37	260	3.75	
37	272.5	6.25	
37	283.75	6.25	
37	298.75	6.25	
37	312.5	6.25	
37	322.5	6.25	
37	326.25	7.5	
37	330	7.5	
37	332.5	7.5	
37	333.75	7.5	
37	336.25	7.5	
37	336.25	7.5	
37	336.25	7.5	
37	336.25	7.5	
37	337.5	7.5	
37	337.5	7.5	
37	337.5	7.5	
37	337.5	7.5	
37	337.5	7.5	
37	337.5	7.5	
37	337.5	7.5	
37	337.5	7.5	
37	337.5	7.5	
37	337.5	7.5	
37	337.5	7.5	
37	337.5	7.5	
37	337.5	7.5	
37	337.5	7.5	
37	337.5	7.5	
37	337.5	7.5	
37	337.5	7.5	
37	337.5	7.5	
37	337.5	7.5	
37	337.5	7.5	
37	337.5	7.5	
37	337.5	7.5	
37	337.5	7.5	
37	337.5	7.5	
37	337.5	7.5	
37	337.5	7.5	
37	337.5	7.5	
38	0	0	
38	0	0	
38	0	0	
38	0	0	
38	0	0	
38	0	0	
38	0	0	
38	0	0	
38	0	0	
38	0	0	
38	0	0	
38	0	0	
38	0	0	
38	0	0	
38	0	0	
38	0	0	
38	0	0	
38	0	0	
38	0	0	
38	0	0	
38	0	0	
38	0	0	
38	2.5	1.25	
38	16.25	3.75	
38	40	7.5	
38	53.75	8.75	
38	68.75	8.75	
38	98.75	12.5	
38	132.5	16.25	
38	151.25	17.5	
38	190	17.5	
38	208.75	20	
38	226.25	21.25	
38	273.75	21.25	
38	298.75	21.25	
38	310	23.75	
38	318.75	23.75	
38	332.5	23.75	
38	340	25	
38	343.75	25	
38	346.25	25	
38	347.5	25	
38	347.5	25	
38	348.75	25	
38	348.75	25	
38	348.75	25	
38	348.75	25	
38	348.75	25	
38	348.75	25	
38	348.75	25	
38	348.75	25	
38	348.75	25	
38	348.75	25	
38	348.75	25	
38	348.75	25	
38	348.75	25	
38	348.75	25	
38	348.75	25	
38	348.75	25	
38	348.75	25	
38	347.5	23.75	
38	347.5	23.75	
38	347.5	23.75	
38	346.25	23.75	
38	346.25	23.75	
38	346.25	23.75	
38	346.25	23.75	
38	346.25	23.75	
38	346.25	23.75	
38	346.25	23.75	
38	346.25	23.75	
38	346.25	23.75	
38	346.25	23.75	
38	346.25	23.75	
39	0	0	
39	0	0	
39	0	0	
39	0	0	
39	0	0	
39	0	0	
39	0	0	
39	0	0	
39	0	0	
39	0	0	
39	0	0	
39	0	0	
39	0	0	
39	0	0	
39	0	0	
39	0	0	
39	0	0	
39	0	0	
39	0	0	
39	0	0	
39	0	0	
39	0	0	
39	0	0	
39	0	0	
39	0	0	
39	0	0	
39	0	0	
39	0	0	
39	0	0	
39	0	0	
39	0	0	
39	0	0	
39	5	0	
39	22.5	1.25	
39	33.75	1.25	
39	47.5	1.25	
39	68.75	1.25	
39	88.75	1.25	
39	146.25	-2.5	
39	166.25	-3.75	
39	186.25	-7.5	
39	226.25	-8.75	
39	247.5	-11.25	
39	281.25	-12.5	
39	305	-15	
39	315	-15	
39	321.25	-15	
39	327.5	-16.25	
39	337.5	-18.75	
39	338.75	-18.75	
39	341.25	-18.75	
39	341.25	-18.75	
39	341.25	-18.75	
39	341.25	-18.75	
39	341.25	-18.75	
39	341.25	-18.75	
39	341.25	-18.75	
39	341.25	-18.75	
39	341.25	-18.75	
39	341.25	-18.75	
39	341.25	-18.75	
39	341.25	-18.75	
39	341.25	-18.75	
39	341.25	-18.75	
39	341.25	-18.75	
39	341.25	-18.75	
39	341.25	-18.75	
39	341.25	-18.75	
39	341.25	-18.75	
39	341.25	-18.75	
39	341.25	-18.75	
39	341.25	-18.75	
39	341.25	-18.75	
39	341.25	-18.75	
40	0	0	
40	0	0	
40	0	0	
40	0	0	
40	0	0	
40	0	0	
40	0	0	
40	0	0	
40	0	0	
40	0	-1.25	
40	-1.25	-3.75	
40	-1.25	-3.75	
40	-1.25	-5	
40	-1.25	-7.5	
40	-1.25	-7.5	
40	-1.25	-8.75	
40	-1.25	-11.25	
40	0	-11.25	
40	5	-12.5	
40	12.5	-15	
40	16.25	-15	
40	21.25	-15	
40	32.5	-15	
40	46.25	-15	
40	55	-15	
40	72.5	-15	
40	81.25	-15	
40	92.5	-15	
40	125	-15	
40	150	-15	
40	162.5	-15	
40	175	-12.5	
40	198.75	-11.25	
40	220	-11.25	
40	230	-11.25	
40	248.75	-8.75	
40	257.5	-8.75	
40	265	-8.75	
40	285	-7.5	
40	292.5	-7.5	
40	296.25	-7.5	
40	297.5	-7.5	
40	300	-7.5	
40	302.5	-7.5	
40	302.5	-7.5	
40	302.5	-7.5	
40	302.5	-7.5	
40	303.75	-7.5	
40	303.75	-7.5	
40	303.75	-7.5	
40	303.75	-7.5	
40	303.75	-7.5	
40	303.75	-7.5	
40	303.75	-7.5	
40	303.75	-7.5	
40	303.75	-7.5	
40	303.75	-7.5	
40	303.75	-7.5	
40	303.75	-7.5	
40	303.75	-7.5	
40	303.75	-7.5	
40	303.75	-7.5	
40	303.75	-7.5	
40	303.75	-7.5	
40	303.75	-7.5	
40	303.75	-7.5	
40	303.75	-7.5	
40	303.75	-7.5	
40	303.75	-7.5	
40	303.75	-7.5	
40	303.75	-7.5	
40	303.75	-7.5	
40	303.75	-7.5	
40	303.75	-7.5	
41	0	0	
41	0	0	
41	0	0	
41	0	0	
41	0	0	
41	0	0	
41	0	0	
41	0	0	
41	0	0	
41	0	0	
41	0	0	
41	0	0	
41	0	0	
41	0	0	
41	0	0	
41	0	0	
41	0	0	
41	0	0	
41	0	0	
41	0	0	
41	0	0	
41	0	0	
41	0	0	
41	0	0	
41	0	0	
41	0	0	
41	0	0	
41	0	0	
41	0	0	
41	0	0	
41	0	0	
41	0	0	
41	0	0	
41	1.25	0	
41	6.25	0	
41	11.25	0	
41	17.5	1.25	
41	33.75	1.25	
41	67.5	5	
41	82.5	5	
41	96.25	8.75	
41	126.25	11.25	
41	140	12.5	
41	168.75	16.25	
41	193.75	16.25	
41	206.25	18.75	
41	216.25	20	
41	236.25	20	
41	261.25	22.5	
41	268.75	22.5	
41	275	22.5	
41	285	22.5	
41	290	22.5	
41	300	20	
41	307.5	20	
41	311.25	20	
41	313.75	18.75	
41	320	16.25	
41	328.75	12.5	
41	331.25	12.5	
41	333.75	12.5	
41	335	11.25	
41	336.25	11.25	
41	336.25	11.25	
41	337.5	8.75	
41	337.5	8.75	
41	337.5	8.75	
41	337.5	8.75	
41	337.5	8.75	
41	337.5	8.75	
41	337.5	8.75	
41	337.5	8.75	
41	337.5	8.75	
41	337.5	8.75	
42	0	0	
42	0	0	
42	0	0	
42	0	0	
42	0	0	
42	0	0	
42	0	0	
42	0	0	
42	0	0	
42	0	0	
42	0	0	
42	0	0	
42	0	0	
42	0	0	
42	0	0	
42	0	0	
42	0	0	
42	0	0	
42	0	0	
42	0	0	
42	1.25	0	
42	3.75	0	
42	8.75	2.5	
42	45	7.5	
42	58.75	10	
42	73.75	11.25	
42	90	13.75	
42	125	18.75	
42	160	21.25	
42	177.5	21.25	
42	211.25	21.25	
42	211.25	21.25	
42	230	18.75	
42	268.75	18.75	
42	283.75	17.5	
42	288.75	15	
42	292.5	15	
42	298.75	15	
42	303.75	13.75	
42	306.25	13.75	
42	310	11.25	
42	311.25	11.25	
42	313.75	11.25	
42	323.75	7.5	
42	328.75	6.25	
42	331.25	3.75	
42	333.75	3.75	
42	335	3.75	
42	336.25	3.75	
42	337.5	3.75	
42	337.5	3.75	
42	337.5	3.75	
42	337.5	3.75	
42	337.5	3.75	
42	337.5	3.75	
42	337.5	3.75	
42	337.5	3.75	
42	337.5	3.75	
42	337.5	3.75	
42	337.5	3.75	
42	337.5	3.75	
42	337.5	3.75	
42	337.5	3.75	
42	337.5	3.75	
42	337.5	3.75	
42	337.5	3.75	
42	337.5	3.75	
42	337.5	3.75	
42	337.5	3.75	
42	337.5	3.75	
42	337.5	3.75	
42	337.5	3.75	
42	337.5	3.75	
42	337.5	3.75	
43	0	0	
43	0	0	
43	0	0	
43	0	0	
43	0	0	
43	0	0	
43	0	0	
43	0	0	
43	0	0	
43	0	0	
43	0	0	
43	0	0	
43	0	0	
43	0	0	
43	0	0	
43	0	0	
43	0	0	
43	0	0	
43	0	1.25	
43	3.75	1.25	
43	7.5	3.75	
43	22.5	7.5	
43	33.75	8.75	
43	77.5	16.25	
43	95	16.25	
43	112.5	20	
43	150	22.5	
43	170	23.75	
43	227.5	23.75	
43	245	23.75	
43	261.25	23.75	
43	286.25	23.75	
43	296.25	23.75	
43	313.75	22.5	
43	317.5	22.5	
43	320	22.5	
43	323.75	22.5	
43	323.75	22.5	
43	325	22.5	
43	325	22.5	
43	326.25	22.5	
43	326.25	22.5	
43	326.25	22.5	
43	331.25	20	
43	332.5	20	
43	332.5	18.75	
43	335	18.75	
43	335	16.25	
43	335	16.25	
43	335	16.25	
43	335	16.25	
43	335	16.25	
43	335	16.25	
43	335	16.25	
43	335	16.25	
43	335	16.25	
43	335	16.25	
43	335	16.25	
43	335	16.25	
43	335	16.25	
43	335	16.25	
43	335	16.25	
43	335	16.25	
43	335	16.25	
43	335	16.25	
43	335	16.25	
43	335	16.25	
43	335	16.25	
43	335	16.25	
43	335	16.25	
43	335	16.25	
43	335	16.25	
43	335	16.25	
43	335	16.25	
44	0	0	
44	0	0	
44	0	0	
44	0	0	
44	0	0	
44	0	0	
44	0	0	
44	0	0	
44	0	0	
44	0	0	
44	0	0	
44	0	0	
44	0	0	
44	0	0	
44	0	0	
44	0	0	
44	0	0	
44	0	0	
44	11.25	3.75	
44	18.75	6.25	
44	27.5	7.5	
44	38.75	7.5	
44	56.25	11.25	
44	90	13.75	
44	127.5	17.5	
44	146.25	18.75	
44	163.75	18.75	
44	200	18.75	
44	236.25	17.5	
44	266.25	13.75	
44	278.75	11.25	
44	290	11.25	
44	298.75	7.5	
44	316.25	6.25	
44	321.25	3.75	
44	326.25	3.75	
44	327.5	3.75	
44	330	3.75	
44	331.25	3.75	
44	331.25	3.75	
44	331.25	3.75	
44	332.5	3.75	
44	332.5	3.75	
44	332.5	3.75	
44	332.5	3.75	
44	332.5	3.75	
44	332.5	3.75	
44	332.5	3.75	
44	332.5	3.75	
44	332.5	3.75	
44	332.5	3.75	
44	332.5	3.75	
44	332.5	3.75	
44	332.5	3.75	
44	332.5	3.75	
44	332.5	3.75	
44	332.5	3.75	
44	332.5	3.75	
44	332.5	3.75	
44	332.5	3.75	
44	332.5	3.75	
44	332.5	3.75	
44	332.5	3.75	
44	332.5	3.75	
44	332.5	3.75	
44	332.5	3.75	
44	332.5	3.75	
44	332.5	3.75	
44	332.5	3.75	
44	332.5	3.75	
44	332.5	3.75	
44	332.5	3.75	
44	332.5	3.75	
44	332.5	3.75	
