155
19
10
110
71
85
104
193
87
153
235
128
151
63
36
178
39
207
89
141
177
12
259
209
169
103
27
172
126
111
59
3
175
49
195
9
124
32
76
251
108
188
69
229
253
88
56
26
5
101
181
114
184
213
50
136
68
187
132
112
97
191
118
134
248
176
44
125
162
31
8
174
220
256
150
67
252
113
192
34
189
38
107
7
246
79
247
245
219
13
226
238
52
57
133
53
81
83
105
40
91
123
117
115
196
66
223
121
167
218
74
224
37
75
242
30
236
164
84
144
264
130
145
28
217
152
29
231
94
98
204
72
140
25
99
163
194
61
77
4
24
143
202
249
64
210
43
198
222
221
96
173
73
55
122
212
211
233
243
127
240
225
250
23
149
46
263
201
82
138
237
241
65
92
158
244
14
102
70
15
203
230
215
160
159
109
17
51
18
186
120
200
20
258
165
80
214
137
16
262
208
171
41
199
260
135
190
93
42
228
154
254
139
185
60
47
197
35
119
33
100
170
180
21
261
206
146
147
183
257
182
86
232
157
90
216
255
168
1
95
106
179
58
148
11
62
22
129
116
45
78
6
48
239
131
2
142
54
161
156
234
166
227
205
