57
104
31
107
167
172
175
243
182
117
82
215
141
201
67
133
242
150
250
138
121
205
220
68
177
66
94
56
163
43
194
125
191
168
9
226
233
225
195
248
80
206
51
47
160
23
164
124
207
114
35
109
96
135
3
62
24
61
71
129
1
241
111
219
261
87
131
196
128
246
224
32
115
102
192
49
98
178
254
39
152
214
10
263
140
155
257
50
26
183
218
123
157
38
15
120
199
42
136
13
126
86
146
119
118
170
25
85
79
147
22
90
255
95
48
72
60
166
76
165
174
258
81
239
11
75
148
137
54
180
227
21
99
151
189
58
101
158
259
29
12
222
187
113
16
53
204
198
97
264
176
262
149
74
44
77
8
156
27
69
237
78
190
210
251
173
20
209
108
93
234
229
162
45
142
252
92
244
19
153
197
249
106
193
144
103
18
208
236
73
2
17
33
88
30
122
100
14
238
130
247
231
212
159
260
5
171
232
64
179
127
240
188
253
6
91
112
59
181
200
84
217
161
7
134
116
4
216
65
245
203
235
41
55
230
89
145
63
132
223
139
110
185
40
228
105
221
36
83
70
213
256
28
211
143
46
37
52
184
186
202
34
154
169
