65
21
251
263
171
185
197
76
145
146
8
7
206
169
245
215
247
136
34
144
205
158
67
18
78
97
246
106
191
138
113
126
35
68
261
227
116
53
210
2
262
74
202
70
95
170
220
24
233
93
188
201
29
55
72
66
63
77
240
224
62
85
244
86
49
232
142
48
257
1
250
102
38
243
238
71
189
156
219
223
187
83
58
4
127
87
162
242
208
198
192
105
167
194
88
217
82
182
135
222
204
94
226
36
52
258
139
160
107
195
133
221
69
230
168
125
163
59
134
248
10
235
109
26
3
100
237
81
11
115
101
117
180
172
17
44
155
60
79
150
166
33
23
148
121
149
111
249
42
6
16
175
184
254
91
25
96
32
231
61
90
39
112
128
89
239
41
181
141
209
104
132
143
12
193
99
98
213
20
259
236
120
260
140
186
157
137
214
152
256
229
203
207
177
30
216
165
119
84
75
147
196
28
103
211
5
179
51
176
9
159
123
212
37
27
56
50
252
200
118
131
47
130
228
19
218
122
129
190
45
124
178
151
241
264
73
92
14
164
15
154
153
64
80
57
234
114
13
108
174
40
46
173
31
43
225
199
54
161
253
110
22
255
183
