Trial	X	Y
1	0	0	
1	0	0	
1	0	0	
1	0	0	
1	0	0	
1	0	0	
1	0	0	
1	0	0	
1	0	0	
1	0	0	
1	0	0	
1	0	0	
1	0	0	
1	0	0	
1	0	0	
1	0	0	
1	0	0	
1	0	0	
1	0	0	
1	0	0	
1	0	0	
1	0	0	
1	0	0	
1	0	0	
1	0	0	
1	0	0	
1	0	0	
1	0	0	
1	0	0	
1	0	0	
1	0	0	
1	0	0	
1	0	0	
1	0	0	
1	0	0	
1	0	0	
1	0	0	
1	0	0	
1	0	0	
1	156.25	-35	
1	162.5	-33.75	
1	165	-30	
1	172.5	-26.25	
1	177.5	-23.75	
1	183.75	-22.5	
1	197.5	-15	
1	213.75	-8.75	
1	223.75	-7.5	
1	233.75	-5	
1	253.75	-1.25	
1	275	3.75	
1	296.25	8.75	
1	307.5	12.5	
1	317.5	12.5	
1	327.5	12.5	
1	346.25	12.5	
1	346.25	12.5	
1	346.25	12.5	
1	346.25	12.5	
1	346.25	12.5	
1	346.25	12.5	
1	346.25	12.5	
1	346.25	12.5	
1	346.25	12.5	
1	346.25	12.5	
1	346.25	12.5	
1	346.25	12.5	
1	346.25	12.5	
1	346.25	12.5	
1	346.25	12.5	
1	346.25	12.5	
1	346.25	12.5	
1	346.25	12.5	
1	346.25	12.5	
2	0	0	
2	0	0	
2	0	0	
2	0	0	
2	0	0	
2	0	0	
2	0	0	
2	0	0	
2	0	0	
2	0	0	
2	0	0	
2	0	0	
2	0	0	
2	0	0	
2	0	0	
2	0	0	
2	0	0	
2	0	0	
2	0	0	
2	0	0	
2	0	0	
2	0	0	
2	0	0	
2	0	0	
2	0	0	
2	0	0	
2	0	0	
2	0	0	
2	1.25	0	
2	2.5	0	
2	8.75	3.75	
2	16.25	7.5	
2	20	7.5	
2	25	11.25	
2	37.5	15	
2	52.5	18.75	
2	61.25	21.25	
2	78.75	26.25	
2	86.25	31.25	
2	95	35	
2	117.5	42.5	
2	130	46.25	
2	135	50	
2	141.25	50	
2	150	50	
2	158.75	52.5	
2	165	52.5	
2	176.25	53.75	
2	182.5	53.75	
2	187.5	53.75	
2	202.5	57.5	
2	215	57.5	
2	220	57.5	
2	226.25	57.5	
2	236.25	57.5	
2	242.5	57.5	
2	245	56.25	
2	246.25	52.5	
2	247.5	46.25	
2	248.75	42.5	
2	250	22.5	
2	250	17.5	
2	251.25	11.25	
2	251.25	0	
2	251.25	-3.75	
2	252.5	-11.25	
2	252.5	-15	
2	252.5	-15	
2	252.5	-16.25	
2	252.5	-16.25	
2	252.5	-16.25	
2	252.5	-16.25	
2	252.5	-16.25	
2	252.5	-18.75	
3	0	0	
3	0	0	
3	0	0	
3	0	0	
3	0	0	
3	0	0	
3	0	0	
3	0	0	
3	0	0	
3	0	0	
3	0	0	
3	0	0	
3	0	0	
3	0	0	
3	0	0	
3	0	0	
3	0	0	
3	0	0	
3	0	0	
3	0	0	
3	0	0	
3	0	0	
3	0	0	
3	0	0	
3	0	0	
3	0	0	
3	0	0	
3	0	0	
3	0	0	
3	0	0	
3	0	0	
3	0	1.25	
3	1.25	1.25	
3	2.5	1.25	
3	7.5	1.25	
3	17.5	5	
3	23.75	5	
3	28.75	7.5	
3	35	8.75	
3	50	12.5	
3	65	16.25	
3	71.25	16.25	
3	83.75	20	
3	95	23.75	
3	100	26.25	
3	111.25	27.5	
3	123.75	30	
3	128.75	30	
3	135	30	
3	145	27.5	
3	156.25	27.5	
3	162.5	23.75	
3	171.25	23.75	
3	181.25	20	
3	186.25	18.75	
3	197.5	15	
3	208.75	12.5	
3	215	8.75	
3	220	8.75	
3	230	5	
3	235	1.25	
3	237.5	1.25	
3	238.75	-2.5	
3	241.25	-6.25	
3	241.25	-10	
3	242.5	-17.5	
3	242.5	-21.25	
3	242.5	-22.5	
3	242.5	-25	
3	242.5	-25	
3	242.5	-25	
3	242.5	-25	
3	242.5	-25	
3	242.5	-25	
4	0	0	
4	0	0	
4	0	0	
4	0	0	
4	0	0	
4	0	0	
4	0	0	
4	0	0	
4	0	0	
4	0	0	
4	0	0	
4	0	0	
4	0	0	
4	0	0	
4	0	0	
4	0	0	
4	0	0	
4	1.25	0	
4	1.25	0	
4	1.25	0	
4	1.25	0	
4	1.25	0	
4	1.25	0	
4	1.25	0	
4	1.25	0	
4	1.25	0	
4	1.25	0	
4	2.5	0	
4	2.5	2.5	
4	5	3.75	
4	8.75	3.75	
4	13.75	6.25	
4	16.25	7.5	
4	21.25	10	
4	26.25	11.25	
4	43.75	15	
4	58.75	18.75	
4	67.5	18.75	
4	77.5	22.5	
4	96.25	26.25	
4	116.25	30	
4	136.25	33.75	
4	146.25	33.75	
4	155	37.5	
4	163.75	37.5	
4	186.25	40	
4	198.75	36.25	
4	206.25	33.75	
4	213.75	30	
4	227.5	26.25	
4	240	25	
4	246.25	22.5	
4	260	25	
4	268.75	25	
4	275	26.25	
4	286.25	26.25	
4	288.75	26.25	
4	290	26.25	
4	291.25	26.25	
4	292.5	22.5	
4	292.5	18.75	
4	292.5	18.75	
4	292.5	17.5	
4	293.75	17.5	
4	293.75	17.5	
4	293.75	15	
4	293.75	15	
4	293.75	15	
4	293.75	15	
4	293.75	15	
4	293.75	15	
4	293.75	15	
4	293.75	15	
4	293.75	15	
5	0	0	
5	0	0	
5	0	0	
5	0	0	
5	0	0	
5	0	0	
5	0	0	
5	0	0	
5	0	0	
5	0	0	
5	0	0	
5	0	0	
5	0	0	
5	0	0	
5	0	0	
5	0	0	
5	0	0	
5	0	0	
5	0	0	
5	0	0	
5	0	0	
5	0	0	
5	0	0	
5	0	0	
5	0	0	
5	0	0	
5	0	0	
5	0	0	
5	0	0	
5	0	0	
5	0	0	
5	0	0	
5	0	0	
5	0	0	
5	0	0	
5	0	0	
5	0	0	
5	0	0	
5	0	0	
5	0	0	
5	0	0	
5	0	0	
5	0	0	
5	0	0	
5	1.25	0	
5	5	0	
5	7.5	2.5	
5	10	3.75	
5	16.25	6.25	
5	20	7.5	
5	36.25	11.25	
5	43.75	15	
5	60	18.75	
5	70	22.5	
5	78.75	22.5	
5	107.5	28.75	
5	116.25	30	
5	126.25	32.5	
5	142.5	36.25	
5	151.25	36.25	
5	173.75	33.75	
5	181.25	33.75	
5	197.5	32.5	
5	205	32.5	
5	211.25	32.5	
5	231.25	32.5	
5	237.5	32.5	
5	243.75	32.5	
5	255	33.75	
5	262.5	33.75	
5	271.25	32.5	
5	275	32.5	
5	278.75	32.5	
5	280	30	
6	0	0	
6	0	0	
6	0	0	
6	0	0	
6	0	0	
6	0	0	
6	0	0	
6	0	0	
6	0	0	
6	0	0	
6	0	0	
6	0	0	
6	0	0	
6	0	0	
6	0	0	
6	0	0	
6	0	0	
6	0	0	
6	0	0	
6	0	0	
6	0	0	
6	0	0	
6	0	0	
6	0	0	
6	0	0	
6	0	0	
6	0	0	
6	1.25	0	
6	1.25	0	
6	2.5	0	
6	7.5	2.5	
6	10	3.75	
6	12.5	3.75	
6	20	7.5	
6	28.75	11.25	
6	41.25	15	
6	47.5	17.5	
6	63.75	22.5	
6	72.5	22.5	
6	82.5	26.25	
6	112.5	33.75	
6	123.75	36.25	
6	135	37.5	
6	157.5	41.25	
6	178.75	45	
6	197.5	48.75	
6	206.25	51.25	
6	225	51.25	
6	233.75	48.75	
6	241.25	47.5	
6	260	41.25	
6	266.25	40	
6	273.75	37.5	
6	286.25	36.25	
6	292.5	33.75	
6	308.75	30	
6	313.75	30	
6	322.5	28.75	
6	327.5	28.75	
6	330	28.75	
6	336.25	28.75	
6	336.25	28.75	
6	337.5	28.75	
6	337.5	26.25	
6	338.75	26.25	
6	338.75	22.5	
6	338.75	22.5	
6	338.75	21.25	
6	338.75	21.25	
6	338.75	21.25	
6	338.75	21.25	
6	338.75	21.25	
6	338.75	21.25	
6	338.75	21.25	
7	0	0	
7	0	0	
7	0	0	
7	0	0	
7	0	0	
7	0	0	
7	0	0	
7	0	0	
7	0	0	
7	0	0	
7	0	0	
7	1.25	0	
7	1.25	0	
7	1.25	0	
7	1.25	0	
7	1.25	0	
7	1.25	0	
7	1.25	0	
7	1.25	0	
7	1.25	0	
7	1.25	0	
7	1.25	0	
7	1.25	0	
7	1.25	0	
7	1.25	0	
7	1.25	0	
7	1.25	0	
7	2.5	-1.25	
7	2.5	-1.25	
7	2.5	-1.25	
7	3.75	-1.25	
7	5	-1.25	
7	6.25	-1.25	
7	10	0	
7	12.5	0	
7	21.25	3.75	
7	25	6.25	
7	36.25	10	
7	41.25	11.25	
7	47.5	13.75	
7	70	18.75	
7	77.5	21.25	
7	85	22.5	
7	102.5	26.25	
7	111.25	26.25	
7	128.75	30	
7	146.25	30	
7	163.75	32.5	
7	171.25	32.5	
7	181.25	32.5	
7	211.25	28.75	
7	220	26.25	
7	227.5	25	
7	241.25	21.25	
7	247.5	18.75	
7	258.75	15	
7	271.25	11.25	
7	281.25	11.25	
7	285	10	
7	288.75	10	
7	301.25	7.5	
7	306.25	7.5	
7	308.75	7.5	
7	312.5	7.5	
7	315	7.5	
7	316.25	7.5	
7	316.25	7.5	
7	316.25	7.5	
7	316.25	7.5	
7	316.25	7.5	
7	316.25	7.5	
7	316.25	7.5	
7	316.25	7.5	
7	316.25	7.5	
8	0	0	
8	0	0	
8	0	0	
8	0	0	
8	0	0	
8	0	0	
8	0	0	
8	0	0	
8	0	0	
8	0	0	
8	0	0	
8	0	0	
8	0	0	
8	0	0	
8	0	0	
8	0	0	
8	0	0	
8	0	0	
8	0	0	
8	0	0	
8	0	0	
8	0	0	
8	0	0	
8	0	0	
8	0	0	
8	0	0	
8	0	0	
8	0	0	
8	0	0	
8	0	0	
8	0	0	
8	0	0	
8	0	0	
8	0	0	
8	0	0	
8	0	0	
8	3.75	0	
8	5	0	
8	7.5	0	
8	12.5	1.25	
8	26.25	5	
8	32.5	5	
8	38.75	8.75	
8	51.25	8.75	
8	60	11.25	
8	77.5	15	
8	96.25	18.75	
8	106.25	20	
8	116.25	20	
8	123.75	22.5	
8	160	23.75	
8	168.75	23.75	
8	178.75	23.75	
8	196.25	23.75	
8	202.5	22.5	
8	215	20	
8	227.5	20	
8	235	20	
8	241.25	22.5	
8	247.5	22.5	
8	265	23.75	
8	270	23.75	
8	275	23.75	
8	281.25	23.75	
8	291.25	23.75	
8	297.5	23.75	
8	301.25	23.75	
8	302.5	23.75	
8	302.5	23.75	
8	303.75	23.75	
8	303.75	23.75	
8	303.75	23.75	
8	303.75	23.75	
8	303.75	23.75	
9	0	0	
9	0	0	
9	0	0	
9	0	0	
9	0	0	
9	0	0	
9	0	0	
9	0	0	
9	0	0	
9	0	0	
9	0	0	
9	0	0	
9	0	0	
9	0	0	
9	0	0	
9	0	0	
9	1.25	2.5	
9	1.25	2.5	
9	1.25	2.5	
9	1.25	2.5	
9	2.5	2.5	
9	2.5	2.5	
9	2.5	2.5	
9	2.5	2.5	
9	2.5	2.5	
9	3.75	2.5	
9	6.25	3.75	
9	7.5	3.75	
9	8.75	3.75	
9	13.75	3.75	
9	17.5	7.5	
9	20	7.5	
9	25	10	
9	28.75	11.25	
9	36.25	13.75	
9	46.25	15	
9	58.75	18.75	
9	65	18.75	
9	72.5	22.5	
9	80	22.5	
9	105	26.25	
9	115	26.25	
9	135	26.25	
9	156.25	26.25	
9	167.5	26.25	
9	188.75	26.25	
9	207.5	26.25	
9	216.25	26.25	
9	225	26.25	
9	233.75	26.25	
9	260	26.25	
9	267.5	25	
9	280	22.5	
9	286.25	21.25	
9	298.75	18.75	
9	312.5	17.5	
9	327.5	15	
9	332.5	15	
9	336.25	15	
9	340	15	
9	346.25	15	
9	346.25	15	
9	347.5	15	
9	347.5	15	
9	347.5	15	
9	347.5	15	
9	347.5	15	
9	347.5	15	
9	347.5	15	
9	347.5	15	
9	347.5	15	
9	347.5	15	
9	347.5	15	
9	347.5	15	
10	0	0	
10	0	0	
10	0	0	
10	0	0	
10	0	0	
10	0	0	
10	0	0	
10	0	0	
10	0	0	
10	0	0	
10	0	0	
10	0	0	
10	0	0	
10	0	0	
10	0	0	
10	0	0	
10	0	0	
10	0	0	
10	0	0	
10	0	0	
10	0	0	
10	0	0	
10	0	0	
10	0	0	
10	0	0	
10	0	0	
10	0	0	
10	0	0	
10	0	0	
10	0	0	
10	1.25	0	
10	3.75	3.75	
10	6.25	3.75	
10	8.75	3.75	
10	12.5	6.25	
10	26.25	10	
10	31.25	11.25	
10	42.5	15	
10	56.25	17.5	
10	62.5	18.75	
10	77.5	21.25	
10	91.25	22.5	
10	98.75	22.5	
10	105	22.5	
10	112.5	22.5	
10	135	22.5	
10	152.5	25	
10	160	26.25	
10	167.5	26.25	
10	180	25	
10	193.75	21.25	
10	210	18.75	
10	218.75	15	
10	226.25	15	
10	232.5	13.75	
10	250	10	
10	261.25	6.25	
10	266.25	3.75	
10	272.5	2.5	
10	281.25	0	
10	288.75	-1.25	
10	293.75	-3.75	
10	297.5	-3.75	
10	298.75	-5	
10	301.25	-5	
10	310	-7.5	
10	315	-7.5	
10	317.5	-7.5	
10	320	-7.5	
10	323.75	-7.5	
10	326.25	-7.5	
10	327.5	-7.5	
10	328.75	-7.5	
10	328.75	-7.5	
11	0	0	
11	0	0	
11	0	0	
11	0	0	
11	0	0	
11	0	0	
11	0	0	
11	0	0	
11	0	0	
11	0	0	
11	0	0	
11	0	0	
11	0	0	
11	0	0	
11	0	0	
11	0	0	
11	0	0	
11	0	0	
11	0	0	
11	0	0	
11	0	0	
11	0	0	
11	0	0	
11	0	0	
11	0	0	
11	0	0	
11	0	0	
11	0	0	
11	0	0	
11	0	2.5	
11	2.5	6.25	
11	2.5	7.5	
11	3.75	7.5	
11	5	10	
11	10	13.75	
11	15	17.5	
11	18.75	18.75	
11	27.5	25	
11	32.5	26.25	
11	38.75	30	
11	63.75	41.25	
11	70	43.75	
11	76.25	45	
11	83.75	47.5	
11	98.75	48.75	
11	115	52.5	
11	122.5	52.5	
11	138.75	52.5	
11	146.25	52.5	
11	156.25	52.5	
11	182.5	52.5	
11	198.75	52.5	
11	207.5	51.25	
11	215	48.75	
11	228.75	47.5	
11	245	43.75	
11	251.25	41.25	
11	265	37.5	
11	270	36.25	
11	275	33.75	
11	288.75	28.75	
11	297.5	25	
11	301.25	22.5	
11	306.25	21.25	
11	311.25	17.5	
11	317.5	15	
11	318.75	13.75	
11	325	11.25	
11	328.75	11.25	
11	331.25	11.25	
11	340	10	
11	343.75	7.5	
11	346.25	7.5	
11	346.25	7.5	
12	0	0	
12	0	0	
12	0	0	
12	0	0	
12	0	0	
12	0	0	
12	0	0	
12	0	0	
12	0	0	
12	0	0	
12	0	0	
12	0	0	
12	0	0	
12	0	0	
12	0	0	
12	0	0	
12	0	0	
12	0	0	
12	0	0	
12	0	0	
12	0	0	
12	0	0	
12	0	0	
12	0	0	
12	0	0	
12	0	0	
12	0	0	
12	0	0	
12	0	0	
12	0	0	
12	0	0	
12	0	0	
12	0	0	
12	0	0	
12	3.75	0	
12	8.75	3.75	
12	13.75	3.75	
12	22.5	7.5	
12	26.25	10	
12	31.25	11.25	
12	48.75	13.75	
12	55	13.75	
12	61.25	15	
12	76.25	15	
12	82.5	15	
12	105	11.25	
12	112.5	11.25	
12	120	10	
12	135	6.25	
12	143.75	3.75	
12	167.5	0	
12	176.25	0	
12	183.75	-1.25	
12	200	-5	
12	207.5	-7.5	
12	232.5	-8.75	
12	238.75	-11.25	
12	245	-11.25	
12	256.25	-12.5	
12	261.25	-15	
12	275	-15	
12	280	-15	
12	285	-12.5	
12	296.25	-11.25	
12	301.25	-11.25	
12	312.5	-7.5	
12	316.25	-7.5	
12	318.75	-5	
12	322.5	-5	
12	323.75	-5	
12	325	-3.75	
12	325	-3.75	
12	325	-3.75	
12	325	-3.75	
13	0	0	
13	0	0	
13	0	0	
13	0	0	
13	0	0	
13	0	0	
13	0	0	
13	0	0	
13	0	0	
13	0	0	
13	0	0	
13	0	0	
13	0	0	
13	0	0	
13	0	0	
13	0	0	
13	0	0	
13	0	0	
13	0	0	
13	0	0	
13	0	0	
13	0	0	
13	0	0	
13	0	0	
13	0	0	
13	0	0	
13	0	0	
13	0	0	
13	0	0	
13	0	0	
13	0	0	
13	0	0	
13	1.25	0	
13	5	1.25	
13	6.25	1.25	
13	12.5	3.75	
13	21.25	5	
13	31.25	7.5	
13	37.5	8.75	
13	43.75	8.75	
13	62.5	12.5	
13	70	15	
13	77.5	16.25	
13	93.75	20	
13	103.75	20	
13	122.5	23.75	
13	141.25	27.5	
13	160	30	
13	170	31.25	
13	180	31.25	
13	208.75	31.25	
13	217.5	31.25	
13	226.25	30	
13	241.25	27.5	
13	250	27.5	
13	266.25	27.5	
13	281.25	26.25	
13	293.75	26.25	
13	300	26.25	
13	306.25	26.25	
13	321.25	27.5	
13	326.25	27.5	
13	331.25	27.5	
13	337.5	27.5	
13	341.25	27.5	
13	346.25	27.5	
13	348.75	27.5	
13	348.75	27.5	
13	348.75	27.5	
13	348.75	27.5	
13	348.75	27.5	
13	348.75	27.5	
13	348.75	27.5	
13	348.75	27.5	
14	0	0	
14	0	0	
14	0	0	
14	0	0	
14	0	0	
14	0	0	
14	0	0	
14	0	0	
14	0	0	
14	0	0	
14	0	0	
14	0	0	
14	0	0	
14	0	0	
14	0	0	
14	0	0	
14	0	0	
14	0	0	
14	0	0	
14	0	0	
14	0	0	
14	0	0	
14	0	0	
14	0	0	
14	0	0	
14	0	0	
14	0	0	
14	0	0	
14	1.25	2.5	
14	2.5	3.75	
14	8.75	7.5	
14	12.5	7.5	
14	21.25	11.25	
14	27.5	13.75	
14	33.75	15	
14	52.5	18.75	
14	60	18.75	
14	67.5	21.25	
14	85	25	
14	93.75	26.25	
14	121.25	32.5	
14	131.25	33.75	
14	150	36.25	
14	158.75	37.5	
14	167.5	37.5	
14	195	37.5	
14	203.75	36.25	
14	212.5	33.75	
14	221.25	32.5	
14	238.75	28.75	
14	261.25	21.25	
14	267.5	18.75	
14	273.75	15	
14	283.75	11.25	
14	288.75	11.25	
14	302.5	7.5	
14	306.25	7.5	
14	310	7.5	
14	312.5	7.5	
14	316.25	3.75	
14	322.5	0	
14	323.75	0	
14	325	-1.25	
14	328.75	-3.75	
14	330	-5	
14	335	-8.75	
14	335	-8.75	
14	336.25	-11.25	
14	336.25	-11.25	
14	337.5	-11.25	
14	340	-11.25	
14	341.25	-11.25	
14	341.25	-11.25	
14	341.25	-11.25	
15	0	0	
15	0	0	
15	0	0	
15	0	0	
15	0	0	
15	0	0	
15	0	0	
15	0	0	
15	0	0	
15	0	0	
15	0	0	
15	0	0	
15	0	0	
15	0	0	
15	0	0	
15	0	0	
15	0	0	
15	0	0	
15	0	0	
15	0	0	
15	0	0	
15	0	0	
15	0	0	
15	0	0	
15	0	0	
15	0	0	
15	0	0	
15	0	0	
15	0	0	
15	0	0	
15	3.75	0	
15	5	0	
15	7.5	2.5	
15	15	3.75	
15	18.75	6.25	
15	33.75	7.5	
15	38.75	10	
15	43.75	10	
15	57.5	11.25	
15	65	13.75	
15	80	15	
15	95	17.5	
15	102.5	17.5	
15	111.25	18.75	
15	130	18.75	
15	161.25	22.5	
15	170	22.5	
15	180	22.5	
15	188.75	22.5	
15	206.25	18.75	
15	225	17.5	
15	242.5	11.25	
15	248.75	11.25	
15	260	7.5	
15	265	3.75	
15	280	0	
15	285	0	
15	290	0	
15	292.5	-1.25	
15	300	-1.25	
15	305	-3.75	
15	308.75	-3.75	
15	310	-3.75	
15	312.5	-3.75	
15	312.5	-3.75	
15	315	-3.75	
15	316.25	-3.75	
15	316.25	-3.75	
15	317.5	-3.75	
15	318.75	-3.75	
15	318.75	-3.75	
15	318.75	-3.75	
15	318.75	-3.75	
15	318.75	-3.75	
16	0	0	
16	0	0	
16	0	0	
16	0	0	
16	0	0	
16	0	0	
16	0	0	
16	0	0	
16	0	0	
16	0	0	
16	0	0	
16	0	0	
16	0	0	
16	0	0	
16	0	0	
16	0	0	
16	0	0	
16	0	0	
16	0	0	
16	0	0	
16	0	0	
16	0	0	
16	0	0	
16	0	0	
16	0	0	
16	1.25	2.5	
16	3.75	3.75	
16	8.75	3.75	
16	12.5	6.25	
16	16.25	7.5	
16	32.5	13.75	
16	38.75	15	
16	45	17.5	
16	60	21.25	
16	66.25	22.5	
16	81.25	22.5	
16	95	22.5	
16	111.25	25	
16	118.75	25	
16	128.75	26.25	
16	156.25	30	
16	166.25	30	
16	173.75	30	
16	190	30	
16	198.75	30	
16	216.25	32.5	
16	233.75	33.75	
16	247.5	33.75	
16	255	33.75	
16	261.25	33.75	
16	277.5	32.5	
16	282.5	32.5	
16	286.25	30	
16	293.75	30	
16	297.5	28.75	
16	302.5	26.25	
16	307.5	25	
16	311.25	22.5	
16	313.75	22.5	
16	316.25	21.25	
16	323.75	18.75	
16	326.25	18.75	
16	327.5	17.5	
16	330	17.5	
16	332.5	17.5	
16	332.5	15	
16	332.5	15	
16	332.5	15	
16	332.5	15	
16	332.5	15	
16	332.5	15	
16	332.5	15	
16	332.5	15	
16	332.5	15	
17	0	0	
17	0	0	
17	0	0	
17	0	0	
17	0	0	
17	0	0	
17	0	0	
17	0	0	
17	0	0	
17	0	0	
17	0	0	
17	0	0	
17	0	0	
17	0	0	
17	0	0	
17	-55	-28.75	
17	-55	-28.75	
17	-55	-28.75	
17	-55	-28.75	
17	-46.25	-33.75	
17	-45	-36.25	
17	-45	-40	
17	-43.75	-40	
17	-43.75	-40	
17	-42.5	-40	
17	-42.5	-41.25	
17	-41.25	-41.25	
17	-41.25	-41.25	
17	-41.25	-41.25	
17	-41.25	-41.25	
17	-41.25	-41.25	
17	-41.25	-41.25	
17	-41.25	-41.25	
17	-40	-40	
17	-40	-40	
17	-36.25	-30	
17	-35	-28.75	
17	-30	-21.25	
17	-28.75	-17.5	
17	-27.5	-15	
17	-21.25	-10	
17	-12.5	-2.5	
17	-6.25	1.25	
17	-1.25	3.75	
17	5	5	
17	20	8.75	
17	25	8.75	
17	36.25	12.5	
17	36.25	12.5	
17	43.75	15	
17	60	16.25	
17	71.25	16.25	
17	76.25	16.25	
17	82.5	16.25	
17	90	18.75	
17	106.25	18.75	
17	112.5	18.75	
17	127.5	18.75	
17	133.75	16.25	
17	141.25	16.25	
17	158.75	16.25	
17	168.75	15	
17	173.75	15	
17	182.5	16.25	
17	191.25	16.25	
17	215	20	
17	221.25	22.5	
17	230	23.75	
17	235	23.75	
17	237.5	23.75	
17	245	27.5	
17	251.25	30	
17	253.75	30	
17	256.25	31.25	
18	0	0	
18	0	0	
18	0	0	
18	0	0	
18	0	0	
18	0	0	
18	0	0	
18	0	0	
18	0	0	
18	0	0	
18	0	0	
18	0	0	
18	0	0	
18	0	0	
18	0	0	
18	0	0	
18	0	0	
18	0	0	
18	0	0	
18	0	0	
18	0	0	
18	0	0	
18	0	0	
18	0	0	
18	0	0	
18	2.5	0	
18	3.75	0	
18	5	0	
18	12.5	0	
18	17.5	2.5	
18	36.25	6.25	
18	42.5	6.25	
18	48.75	7.5	
18	55	7.5	
18	72.5	6.25	
18	103.75	6.25	
18	113.75	3.75	
18	125	3.75	
18	145	0	
18	155	0	
18	183.75	-3.75	
18	193.75	-1.25	
18	205	0	
18	216.25	0	
18	235	3.75	
18	253.75	6.25	
18	258.75	3.75	
18	265	3.75	
18	276.25	2.5	
18	281.25	2.5	
18	291.25	2.5	
18	298.75	2.5	
18	302.5	2.5	
18	308.75	2.5	
18	312.5	3.75	
18	322.5	6.25	
18	325	6.25	
18	326.25	6.25	
18	328.75	7.5	
18	328.75	7.5	
18	330	7.5	
18	330	7.5	
18	330	7.5	
18	330	7.5	
18	330	7.5	
18	330	7.5	
18	330	7.5	
18	330	7.5	
18	330	7.5	
18	330	7.5	
18	330	7.5	
18	330	7.5	
18	330	7.5	
18	330	7.5	
19	0	0	
19	0	0	
19	0	0	
19	0	0	
19	0	0	
19	0	0	
19	0	0	
19	0	0	
19	0	0	
19	0	0	
19	0	0	
19	0	0	
19	0	0	
19	0	0	
19	0	0	
19	0	0	
19	0	0	
19	0	0	
19	0	0	
19	0	0	
19	0	0	
19	0	0	
19	0	0	
19	0	0	
19	0	0	
19	0	0	
19	0	0	
19	1.25	2.5	
19	2.5	2.5	
19	3.75	3.75	
19	8.75	6.25	
19	12.5	7.5	
19	20	10	
19	25	11.25	
19	30	13.75	
19	48.75	17.5	
19	56.25	18.75	
19	71.25	18.75	
19	80	21.25	
19	90	22.5	
19	123.75	30	
19	136.25	33.75	
19	161.25	40	
19	173.75	41.25	
19	186.25	43.75	
19	218.75	45	
19	227.5	45	
19	237.5	41.25	
19	245	37.5	
19	253.75	33.75	
19	277.5	26.25	
19	283.75	22.5	
19	295	18.75	
19	298.75	17.5	
19	303.75	15	
19	320	11.25	
19	328.75	11.25	
19	332.5	11.25	
19	333.75	11.25	
19	336.25	11.25	
19	338.75	7.5	
19	338.75	6.25	
19	340	3.75	
19	340	0	
19	340	0	
19	340	-1.25	
19	340	-1.25	
19	340	-1.25	
19	340	-1.25	
19	340	-1.25	
19	340	-1.25	
19	340	-1.25	
19	340	-1.25	
19	340	-1.25	
20	0	0	
20	0	0	
20	0	0	
20	0	0	
20	0	0	
20	0	0	
20	0	0	
20	0	0	
20	0	0	
20	0	0	
20	0	0	
20	0	0	
20	0	0	
20	0	0	
20	0	0	
20	0	0	
20	0	0	
20	0	0	
20	0	0	
20	0	0	
20	0	0	
20	0	0	
20	0	0	
20	0	0	
20	0	1.25	
20	6.25	3.75	
20	10	5	
20	12.5	5	
20	16.25	8.75	
20	25	8.75	
20	42.5	12.5	
20	50	12.5	
20	58.75	12.5	
20	75	12.5	
20	83.75	12.5	
20	116.25	16.25	
20	127.5	16.25	
20	137.5	16.25	
20	147.5	16.25	
20	167.5	18.75	
20	200	20	
20	212.5	22.5	
20	223.75	23.75	
20	243.75	23.75	
20	252.5	23.75	
20	267.5	23.75	
20	281.25	23.75	
20	288.75	23.75	
20	296.25	23.75	
20	306.25	22.5	
20	320	20	
20	325	20	
20	328.75	20	
20	332.5	18.75	
20	333.75	18.75	
20	335	16.25	
20	336.25	16.25	
20	336.25	16.25	
20	336.25	16.25	
20	336.25	16.25	
20	336.25	16.25	
20	336.25	16.25	
20	336.25	16.25	
20	336.25	16.25	
20	336.25	16.25	
20	336.25	16.25	
20	336.25	16.25	
20	336.25	16.25	
20	336.25	16.25	
20	336.25	16.25	
20	336.25	16.25	
20	336.25	16.25	
20	336.25	16.25	
20	336.25	16.25	
21	0	0	
21	0	0	
21	0	0	
21	0	0	
21	0	0	
21	0	0	
21	0	0	
21	0	0	
21	0	0	
21	0	0	
21	0	0	
21	0	0	
21	0	0	
21	0	0	
21	0	0	
21	0	0	
21	0	0	
21	0	0	
21	0	0	
21	0	0	
21	0	0	
21	0	0	
21	0	0	
21	0	0	
21	0	0	
21	0	0	
21	0	0	
21	1.25	0	
21	2.5	0	
21	5	0	
21	10	1.25	
21	18.75	1.25	
21	23.75	1.25	
21	28.75	3.75	
21	40	3.75	
21	60	1.25	
21	67.5	3.75	
21	76.25	3.75	
21	93.75	3.75	
21	103.75	3.75	
21	122.5	1.25	
21	141.25	1.25	
21	152.5	1.25	
21	163.75	1.25	
21	186.25	5	
21	218.75	7.5	
21	228.75	8.75	
21	240	8.75	
21	258.75	11.25	
21	267.5	12.5	
21	283.75	12.5	
21	297.5	15	
21	303.75	15	
21	315	15	
21	321.25	15	
21	336.25	16.25	
21	340	16.25	
21	342.5	16.25	
21	345	16.25	
21	346.25	16.25	
21	347.5	16.25	
21	347.5	16.25	
21	347.5	16.25	
21	347.5	16.25	
21	347.5	16.25	
21	348.75	16.25	
21	348.75	16.25	
21	348.75	16.25	
21	348.75	16.25	
21	348.75	16.25	
21	348.75	16.25	
21	348.75	16.25	
21	348.75	16.25	
21	348.75	16.25	
22	0	0	
22	0	0	
22	0	0	
22	0	0	
22	0	0	
22	0	0	
22	0	0	
22	0	0	
22	0	0	
22	0	0	
22	0	0	
22	0	0	
22	0	0	
22	0	0	
22	0	0	
22	0	0	
22	0	0	
22	0	0	
22	0	0	
22	0	0	
22	0	0	
22	0	0	
22	0	0	
22	0	0	
22	0	0	
22	0	0	
22	0	0	
22	0	0	
22	1.25	1.25	
22	2.5	1.25	
22	6.25	1.25	
22	12.5	1.25	
22	17.5	3.75	
22	21.25	3.75	
22	31.25	5	
22	37.5	5	
22	53.75	8.75	
22	75	12.5	
22	86.25	16.25	
22	97.5	20	
22	132.5	26.25	
22	146.25	27.5	
22	158.75	27.5	
22	171.25	27.5	
22	198.75	30	
22	223.75	31.25	
22	245	30	
22	266.25	27.5	
22	277.5	27.5	
22	287.5	30	
22	305	31.25	
22	312.5	31.25	
22	325	35	
22	328.75	35	
22	332.5	35	
22	337.5	35	
22	338.75	35	
22	338.75	35	
22	340	33.75	
22	340	31.25	
22	340	30	
22	340	30	
22	341.25	30	
22	341.25	30	
22	341.25	30	
22	341.25	30	
22	341.25	30	
22	341.25	30	
22	341.25	30	
22	341.25	30	
22	341.25	30	
22	341.25	30	
22	341.25	30	
22	341.25	30	
23	0	0	
23	0	0	
23	0	0	
23	0	0	
23	0	0	
23	0	0	
23	0	0	
23	0	0	
23	0	0	
23	0	0	
23	0	0	
23	0	0	
23	0	0	
23	0	0	
23	0	0	
23	0	0	
23	0	0	
23	0	0	
23	0	0	
23	0	0	
23	0	0	
23	0	0	
23	0	0	
23	0	0	
23	0	0	
23	0	0	
23	0	0	
23	0	0	
23	1.25	0	
23	2.5	0	
23	7.5	0	
23	13.75	1.25	
23	17.5	1.25	
23	21.25	1.25	
23	25	1.25	
23	40	1.25	
23	45	1.25	
23	50	3.75	
23	61.25	3.75	
23	67.5	3.75	
23	91.25	8.75	
23	101.25	12.5	
23	122.5	16.25	
23	131.25	20	
23	141.25	20	
23	170	22.5	
23	181.25	23.75	
23	192.5	23.75	
23	215	27.5	
23	226.25	30	
23	248.75	31.25	
23	255	31.25	
23	268.75	27.5	
23	275	27.5	
23	281.25	27.5	
23	302.5	31.25	
23	308.75	31.25	
23	316.25	33.75	
23	326.25	35	
23	330	35	
23	335	37.5	
23	336.25	37.5	
23	337.5	37.5	
23	337.5	37.5	
23	337.5	37.5	
23	337.5	37.5	
23	337.5	37.5	
23	337.5	37.5	
23	337.5	37.5	
23	337.5	37.5	
23	337.5	37.5	
23	337.5	37.5	
23	337.5	37.5	
23	337.5	37.5	
24	0	0	
24	0	0	
24	0	0	
24	0	0	
24	0	0	
24	0	0	
24	0	0	
24	0	0	
24	0	0	
24	0	0	
24	0	0	
24	0	0	
24	0	0	
24	0	0	
24	0	0	
24	0	0	
24	0	0	
24	0	0	
24	0	0	
24	0	0	
24	0	0	
24	0	0	
24	0	0	
24	0	0	
24	0	0	
24	0	0	
24	0	0	
24	0	0	
24	0	-1.25	
24	1.25	-1.25	
24	8.75	-1.25	
24	12.5	0	
24	17.5	0	
24	31.25	2.5	
24	46.25	3.75	
24	63.75	2.5	
24	72.5	2.5	
24	92.5	0	
24	103.75	2.5	
24	116.25	3.75	
24	155	7.5	
24	167.5	7.5	
24	178.75	7.5	
24	202.5	7.5	
24	225	7.5	
24	250	7.5	
24	262.5	7.5	
24	283.75	7.5	
24	292.5	10	
24	301.25	10	
24	322.5	11.25	
24	328.75	11.25	
24	333.75	13.75	
24	341.25	15	
24	341.25	15	
24	341.25	15	
24	341.25	15	
24	341.25	15	
24	341.25	15	
24	341.25	15	
24	341.25	15	
24	341.25	15	
24	341.25	15	
24	341.25	15	
24	341.25	15	
24	341.25	15	
24	341.25	15	
24	341.25	15	
24	341.25	15	
24	341.25	15	
24	341.25	15	
24	341.25	15	
24	341.25	15	
24	341.25	15	
25	0	0	
25	0	0	
25	0	0	
25	0	0	
25	0	0	
25	0	0	
25	0	0	
25	0	0	
25	0	0	
25	0	0	
25	0	0	
25	0	0	
25	0	0	
25	0	0	
25	0	0	
25	0	0	
25	0	0	
25	0	0	
25	0	0	
25	0	0	
25	0	0	
25	0	0	
25	0	0	
25	0	0	
25	0	0	
25	0	0	
25	0	0	
25	0	0	
25	1.25	0	
25	1.25	0	
25	6.25	0	
25	12.5	0	
25	18.75	0	
25	23.75	0	
25	31.25	0	
25	50	-2.5	
25	58.75	-3.75	
25	77.5	-3.75	
25	88.75	-3.75	
25	112.5	-2.5	
25	132.5	-3.75	
25	152.5	-6.25	
25	162.5	-7.5	
25	172.5	-10	
25	182.5	-10	
25	217.5	-7.5	
25	228.75	-7.5	
25	247.5	-6.25	
25	257.5	-6.25	
25	272.5	-3.75	
25	281.25	-2.5	
25	297.5	1.25	
25	303.75	1.25	
25	310	3.75	
25	316.25	5	
25	331.25	8.75	
25	337.5	8.75	
25	341.25	11.25	
25	342.5	11.25	
25	346.25	12.5	
25	347.5	12.5	
25	347.5	12.5	
25	347.5	12.5	
25	347.5	12.5	
25	347.5	12.5	
25	347.5	12.5	
25	347.5	12.5	
25	347.5	12.5	
25	347.5	12.5	
25	347.5	12.5	
25	347.5	12.5	
25	347.5	12.5	
25	347.5	12.5	
25	347.5	12.5	
26	0	0	
26	0	0	
26	0	0	
26	0	0	
26	0	0	
26	0	0	
26	0	0	
26	0	0	
26	0	0	
26	0	0	
26	0	0	
26	0	0	
26	0	0	
26	-1.25	0	
26	-1.25	0	
26	-1.25	0	
26	-1.25	0	
26	-1.25	0	
26	-1.25	0	
26	-1.25	0	
26	-1.25	0	
26	-1.25	0	
26	-1.25	0	
26	-1.25	0	
26	-1.25	0	
26	-1.25	0	
26	-1.25	0	
26	0	0	
26	1.25	0	
26	2.5	0	
26	10	1.25	
26	17.5	1.25	
26	17.5	1.25	
26	28.75	5	
26	35	5	
26	50	8.75	
26	66.25	15	
26	75	16.25	
26	85	20	
26	108.75	27.5	
26	142.5	33.75	
26	155	33.75	
26	167.5	35	
26	195	35	
26	210	37.5	
26	237.5	41.25	
26	265	45	
26	277.5	48.75	
26	290	50	
26	311.25	57.5	
26	327.5	61.25	
26	331.25	63.75	
26	332.5	65	
26	336.25	65	
26	336.25	63.75	
26	337.5	61.25	
26	338.75	61.25	
26	338.75	61.25	
26	338.75	61.25	
26	338.75	61.25	
26	338.75	61.25	
26	338.75	61.25	
26	338.75	61.25	
26	338.75	61.25	
26	338.75	61.25	
26	338.75	61.25	
26	338.75	61.25	
26	338.75	61.25	
26	338.75	61.25	
26	338.75	61.25	
26	338.75	61.25	
26	338.75	61.25	
26	338.75	61.25	
26	338.75	61.25	
27	0	0	
27	-1.25	0	
27	-1.25	0	
27	-1.25	0	
27	-1.25	2.5	
27	-1.25	2.5	
27	-1.25	2.5	
27	-1.25	2.5	
27	-2.5	0	
27	-2.5	0	
27	-2.5	0	
27	-2.5	0	
27	-2.5	0	
27	-2.5	0	
27	-2.5	0	
27	-2.5	0	
27	-2.5	0	
27	-2.5	0	
27	-2.5	0	
27	-2.5	0	
27	-2.5	0	
27	-2.5	0	
27	-2.5	0	
27	-2.5	0	
27	-1.25	0	
27	5	0	
27	6.25	0	
27	10	0	
27	12.5	0	
27	18.75	0	
27	26.25	0	
27	37.5	0	
27	37.5	0	
27	52.5	2.5	
27	60	3.75	
27	76.25	3.75	
27	85	3.75	
27	105	6.25	
27	116.25	7.5	
27	127.5	10	
27	162.5	17.5	
27	172.5	18.75	
27	183.75	18.75	
27	205	22.5	
27	217.5	25	
27	257.5	33.75	
27	268.75	37.5	
27	281.25	40	
27	302.5	45	
27	312.5	48.75	
27	336.25	55	
27	342.5	56.25	
27	342.5	56.25	
27	342.5	56.25	
27	342.5	56.25	
27	342.5	56.25	
27	342.5	56.25	
27	342.5	56.25	
27	342.5	56.25	
27	342.5	56.25	
27	342.5	56.25	
27	342.5	56.25	
27	342.5	56.25	
27	342.5	56.25	
27	342.5	56.25	
27	342.5	56.25	
27	342.5	56.25	
27	342.5	56.25	
27	342.5	56.25	
27	342.5	56.25	
27	342.5	56.25	
27	342.5	56.25	
27	342.5	56.25	
27	342.5	56.25	
28	0	0	
28	0	0	
28	0	0	
28	0	0	
28	0	0	
28	0	0	
28	0	0	
28	0	0	
28	0	0	
28	0	0	
28	0	0	
28	0	0	
28	0	0	
28	0	0	
28	0	0	
28	0	0	
28	0	0	
28	0	0	
28	0	0	
28	0	0	
28	0	0	
28	0	0	
28	0	0	
28	0	0	
28	0	0	
28	0	0	
28	1.25	2.5	
28	3.75	6.25	
28	6.25	7.5	
28	8.75	10	
28	20	15	
28	25	17.5	
28	30	18.75	
28	40	21.25	
28	46.25	22.5	
28	60	26.25	
28	70	30	
28	90	40	
28	100	45	
28	110	48.75	
28	141.25	60	
28	151.25	63.75	
28	171.25	63.75	
28	182.5	63.75	
28	193.75	63.75	
28	226.25	63.75	
28	235	63.75	
28	252.5	63.75	
28	261.25	62.5	
28	268.75	60	
28	290	56.25	
28	297.5	56.25	
28	305	56.25	
28	311.25	56.25	
28	322.5	55	
28	331.25	52.5	
28	335	52.5	
28	337.5	51.25	
28	342.5	48.75	
28	343.75	47.5	
28	345	45	
28	345	45	
28	345	45	
28	345	45	
28	345	45	
28	345	45	
28	345	45	
28	345	45	
28	345	45	
28	345	45	
28	345	45	
28	345	45	
28	345	45	
28	345	45	
29	0	0	
29	0	0	
29	0	0	
29	0	0	
29	0	0	
29	0	0	
29	0	0	
29	0	0	
29	0	0	
29	0	0	
29	0	0	
29	0	0	
29	0	0	
29	0	0	
29	0	0	
29	0	0	
29	0	0	
29	0	0	
29	0	0	
29	0	0	
29	0	0	
29	0	0	
29	0	0	
29	2.5	0	
29	3.75	2.5	
29	6.25	3.75	
29	12.5	7.5	
29	16.25	10	
29	20	11.25	
29	25	13.75	
29	48.75	22.5	
29	55	22.5	
29	61.25	25	
29	77.5	26.25	
29	85	26.25	
29	106.25	30	
29	128.75	33.75	
29	140	36.25	
29	150	33.75	
29	161.25	33.75	
29	207.5	26.25	
29	220	26.25	
29	232.5	26.25	
29	245	26.25	
29	266.25	25	
29	286.25	22.5	
29	303.75	22.5	
29	312.5	22.5	
29	320	22.5	
29	326.25	22.5	
29	347.5	25	
29	347.5	25	
29	347.5	25	
29	347.5	25	
29	347.5	25	
29	347.5	25	
29	347.5	25	
29	347.5	25	
29	347.5	25	
29	347.5	25	
29	347.5	25	
29	347.5	25	
29	347.5	25	
29	347.5	25	
29	347.5	25	
29	347.5	25	
29	347.5	25	
29	347.5	25	
29	347.5	25	
29	347.5	25	
29	347.5	25	
29	347.5	25	
29	347.5	25	
29	347.5	25	
30	0	0	
30	0	0	
30	0	0	
30	0	0	
30	0	0	
30	0	0	
30	0	0	
30	0	0	
30	0	0	
30	0	0	
30	0	0	
30	0	0	
30	0	0	
30	0	0	
30	0	0	
30	0	2.5	
30	1.25	0	
30	1.25	0	
30	1.25	2.5	
30	1.25	2.5	
30	1.25	3.75	
30	1.25	3.75	
30	1.25	3.75	
30	1.25	3.75	
30	2.5	3.75	
30	7.5	7.5	
30	10	7.5	
30	13.75	7.5	
30	21.25	11.25	
30	26.25	15	
30	46.25	22.5	
30	53.75	25	
30	60	26.25	
30	68.75	28.75	
30	85	30	
30	118.75	37.5	
30	130	40	
30	142.5	40	
30	165	40	
30	176.25	37.5	
30	211.25	32.5	
30	222.5	30	
30	235	30	
30	247.5	30	
30	268.75	30	
30	295	26.25	
30	302.5	26.25	
30	308.75	26.25	
30	321.25	26.25	
30	327.5	26.25	
30	336.25	28.75	
30	342.5	28.75	
30	346.25	28.75	
30	347.5	30	
30	347.5	30	
30	347.5	30	
30	347.5	30	
30	347.5	30	
30	347.5	30	
30	347.5	30	
30	347.5	30	
30	347.5	30	
30	347.5	30	
30	347.5	30	
30	347.5	30	
30	347.5	30	
30	347.5	30	
30	347.5	30	
30	347.5	30	
30	347.5	30	
30	347.5	30	
30	347.5	30	
30	347.5	30	
30	347.5	30	
31	0	0	
31	0	0	
31	0	0	
31	0	0	
31	0	0	
31	0	0	
31	0	0	
31	0	0	
31	0	0	
31	0	0	
31	0	0	
31	0	0	
31	0	0	
31	0	0	
31	0	0	
31	0	0	
31	0	0	
31	0	0	
31	0	0	
31	0	0	
31	0	0	
31	0	0	
31	0	0	
31	0	0	
31	0	0	
31	0	0	
31	0	0	
31	0	0	
31	0	0	
31	1.25	0	
31	5	0	
31	8.75	2.5	
31	11.25	2.5	
31	13.75	3.75	
31	17.5	3.75	
31	30	6.25	
31	35	7.5	
31	50	11.25	
31	58.75	13.75	
31	78.75	18.75	
31	103.75	26.25	
31	130	33.75	
31	142.5	37.5	
31	155	37.5	
31	166.25	40	
31	203.75	41.25	
31	217.5	41.25	
31	243.75	41.25	
31	255	41.25	
31	275	37.5	
31	291.25	36.25	
31	305	33.75	
31	311.25	32.5	
31	316.25	30	
31	320	30	
31	333.75	26.25	
31	337.5	25	
31	342.5	22.5	
31	346.25	22.5	
31	346.25	22.5	
31	346.25	22.5	
31	346.25	22.5	
31	346.25	22.5	
31	346.25	22.5	
31	346.25	22.5	
31	346.25	22.5	
31	346.25	22.5	
31	346.25	22.5	
31	346.25	22.5	
31	346.25	22.5	
31	346.25	22.5	
31	346.25	22.5	
31	346.25	22.5	
31	346.25	22.5	
32	0	0	
32	0	0	
32	-1.25	0	
32	-1.25	0	
32	-1.25	0	
32	-1.25	0	
32	-1.25	0	
32	-1.25	0	
32	-1.25	0	
32	-1.25	0	
32	-1.25	0	
32	-1.25	0	
32	-1.25	0	
32	-1.25	0	
32	-1.25	0	
32	-1.25	0	
32	-1.25	0	
32	-1.25	0	
32	-1.25	0	
32	-1.25	0	
32	-1.25	0	
32	-1.25	0	
32	-1.25	0	
32	-1.25	0	
32	-1.25	0	
32	0	0	
32	2.5	2.5	
32	5	3.75	
32	10	6.25	
32	11.25	6.25	
32	20	7.5	
32	23.75	7.5	
32	33.75	10	
32	40	11.25	
32	46.25	15	
32	65	18.75	
32	82.5	26.25	
32	92.5	28.75	
32	102.5	30	
32	112.5	32.5	
32	158.75	45	
32	170	47.5	
32	181.25	48.75	
32	192.5	48.75	
32	215	48.75	
32	228.75	48.75	
32	252.5	48.75	
32	262.5	47.5	
32	271.25	47.5	
32	286.25	45	
32	303.75	43.75	
32	308.75	43.75	
32	313.75	41.25	
32	321.25	41.25	
32	325	41.25	
32	331.25	41.25	
32	336.25	40	
32	338.75	40	
32	340	37.5	
32	341.25	37.5	
32	342.5	37.5	
32	342.5	37.5	
32	342.5	37.5	
32	343.75	37.5	
32	343.75	37.5	
32	343.75	37.5	
32	343.75	36.25	
32	343.75	36.25	
32	343.75	36.25	
32	343.75	36.25	
32	343.75	36.25	
32	343.75	36.25	
32	343.75	36.25	
32	343.75	37.5	
33	0	0	
33	0	0	
33	0	0	
33	0	0	
33	0	0	
33	0	0	
33	0	0	
33	0	0	
33	0	0	
33	0	0	
33	0	0	
33	0	0	
33	0	0	
33	0	0	
33	0	0	
33	0	0	
33	0	0	
33	0	0	
33	0	0	
33	0	0	
33	0	0	
33	0	0	
33	0	0	
33	0	0	
33	0	0	
33	0	0	
33	26.25	6.25	
33	30	6.25	
33	38.75	6.25	
33	45	6.25	
33	57.5	7.5	
33	72.5	10	
33	80	11.25	
33	96.25	11.25	
33	105	13.75	
33	133.75	17.5	
33	143.75	18.75	
33	153.75	18.75	
33	171.25	22.5	
33	180	22.5	
33	197.5	22.5	
33	212.5	22.5	
33	217.5	22.5	
33	225	22.5	
33	227.5	22.5	
33	232.5	25	
33	232.5	26.25	
33	228.75	28.75	
33	223.75	30	
33	222.5	32.5	
33	220	33.75	
33	218.75	33.75	
33	218.75	33.75	
33	218.75	33.75	
33	218.75	32.5	
33	223.75	28.75	
33	223.75	28.75	
33	225	28.75	
33	231.25	30	
33	235	30	
33	245	36.25	
33	256.25	41.25	
33	271.25	48.75	
33	280	52.5	
33	288.75	55	
33	308.75	60	
33	313.75	60	
33	316.25	62.5	
33	320	63.75	
33	321.25	63.75	
33	322.5	60	
33	323.75	60	
33	323.75	60	
33	323.75	60	
34	0	0	
34	0	0	
34	0	0	
34	0	0	
34	0	0	
34	0	0	
34	0	0	
34	0	0	
34	0	0	
34	0	-1.25	
34	0	0	
34	0	0	
34	0	0	
34	0	0	
34	0	-1.25	
34	0	-1.25	
34	0	-1.25	
34	0	-1.25	
34	0	0	
34	0	0	
34	0	0	
34	1.25	0	
34	1.25	0	
34	6.25	0	
34	8.75	2.5	
34	16.25	3.75	
34	25	7.5	
34	37.5	13.75	
34	45	17.5	
34	51.25	18.75	
34	67.5	26.25	
34	78.75	28.75	
34	88.75	32.5	
34	112.5	37.5	
34	125	43.75	
34	165	58.75	
34	178.75	62.5	
34	203.75	67.5	
34	216.25	70	
34	228.75	71.25	
34	261.25	75	
34	271.25	77.5	
34	280	78.75	
34	291.25	78.75	
34	295	78.75	
34	301.25	78.75	
34	306.25	77.5	
34	311.25	75	
34	313.75	75	
34	316.25	75	
34	325	75	
34	326.25	75	
34	328.75	75	
34	331.25	73.75	
34	332.5	73.75	
34	332.5	73.75	
34	332.5	73.75	
34	332.5	73.75	
34	332.5	73.75	
34	332.5	73.75	
34	332.5	73.75	
34	332.5	73.75	
34	332.5	73.75	
34	332.5	73.75	
34	332.5	73.75	
34	332.5	73.75	
34	332.5	73.75	
34	332.5	73.75	
34	332.5	73.75	
34	332.5	73.75	
34	332.5	73.75	
34	332.5	73.75	
34	332.5	73.75	
34	332.5	73.75	
35	0	0	
35	0	0	
35	0	0	
35	0	0	
35	0	0	
35	0	0	
35	0	0	
35	0	0	
35	0	0	
35	0	0	
35	0	-1.25	
35	0	-1.25	
35	0	-1.25	
35	0	-1.25	
35	0	-1.25	
35	0	-1.25	
35	0	-1.25	
35	0	-1.25	
35	0	-1.25	
35	0	-1.25	
35	0	-1.25	
35	0	-1.25	
35	0	-1.25	
35	0	-1.25	
35	0	-1.25	
35	0	0	
35	0	0	
35	2.5	0	
35	5	3.75	
35	10	6.25	
35	17.5	7.5	
35	21.25	10	
35	28.75	13.75	
35	33.75	15	
35	38.75	15	
35	60	28.75	
35	60	28.75	
35	85	43.75	
35	85	43.75	
35	100	51.25	
35	140	71.25	
35	161.25	78.75	
35	171.25	82.5	
35	180	85	
35	200	86.25	
35	218.75	88.75	
35	228.75	90	
35	243.75	90	
35	250	90	
35	258.75	88.75	
35	268.75	86.25	
35	278.75	82.5	
35	283.75	82.5	
35	287.5	81.25	
35	296.25	81.25	
35	306.25	81.25	
35	308.75	82.5	
35	315	82.5	
35	317.5	82.5	
35	320	85	
35	322.5	85	
35	323.75	86.25	
35	323.75	86.25	
35	323.75	86.25	
35	323.75	86.25	
35	325	86.25	
35	325	86.25	
35	325	86.25	
35	325	86.25	
35	325	86.25	
35	325	86.25	
35	325	86.25	
35	325	86.25	
35	325	86.25	
36	0	0	
36	0	0	
36	0	0	
36	0	0	
36	0	0	
36	0	0	
36	0	0	
36	0	0	
36	0	0	
36	0	0	
36	0	0	
36	0	0	
36	0	0	
36	0	0	
36	0	0	
36	0	0	
36	0	0	
36	0	0	
36	0	0	
36	0	0	
36	2.5	0	
36	3.75	2.5	
36	3.75	2.5	
36	7.5	3.75	
36	8.75	3.75	
36	17.5	10	
36	20	11.25	
36	30	17.5	
36	36.25	18.75	
36	41.25	22.5	
36	60	28.75	
36	67.5	30	
36	75	33.75	
36	95	41.25	
36	105	45	
36	128.75	56.25	
36	151.25	67.5	
36	162.5	71.25	
36	172.5	75	
36	191.25	78.75	
36	211.25	82.5	
36	221.25	86.25	
36	242.5	90	
36	252.5	90	
36	260	93.75	
36	280	96.25	
36	285	96.25	
36	292.5	97.5	
36	296.25	97.5	
36	298.75	97.5	
36	305	100	
36	305	100	
36	307.5	100	
36	307.5	101.25	
36	307.5	101.25	
36	308.75	101.25	
36	308.75	101.25	
36	308.75	101.25	
36	308.75	101.25	
36	308.75	101.25	
36	308.75	101.25	
36	308.75	101.25	
36	310	101.25	
36	310	101.25	
36	310	101.25	
36	310	101.25	
36	310	101.25	
36	310	101.25	
36	310	101.25	
36	310	101.25	
36	310	101.25	
36	310	101.25	
36	310	101.25	
36	310	101.25	
37	0	0	
37	0	0	
37	0	1.25	
37	0	1.25	
37	0	1.25	
37	0	1.25	
37	0	1.25	
37	0	1.25	
37	0	1.25	
37	0	1.25	
37	0	1.25	
37	0	1.25	
37	0	1.25	
37	0	1.25	
37	0	1.25	
37	0	1.25	
37	0	1.25	
37	0	1.25	
37	0	1.25	
37	0	1.25	
37	0	1.25	
37	0	1.25	
37	0	1.25	
37	0	1.25	
37	1.25	1.25	
37	5	1.25	
37	6.25	1.25	
37	10	3.75	
37	13.75	3.75	
37	16.25	5	
37	30	7.5	
37	33.75	8.75	
37	40	8.75	
37	51.25	12.5	
37	58.75	15	
37	82.5	23.75	
37	92.5	27.5	
37	111.25	35	
37	121.25	37.5	
37	130	41.25	
37	148.75	45	
37	160	46.25	
37	170	50	
37	192.5	56.25	
37	202.5	57.5	
37	230	61.25	
37	236.25	63.75	
37	246.25	65	
37	252.5	65	
37	257.5	67.5	
37	276.25	72.5	
37	282.5	75	
37	288.75	76.25	
37	300	82.5	
37	302.5	83.75	
37	310	87.5	
37	311.25	87.5	
37	312.5	87.5	
37	312.5	87.5	
37	313.75	87.5	
37	313.75	87.5	
37	313.75	87.5	
37	313.75	87.5	
37	313.75	87.5	
37	313.75	87.5	
37	313.75	87.5	
37	313.75	87.5	
37	313.75	87.5	
37	313.75	87.5	
37	313.75	87.5	
37	313.75	87.5	
37	313.75	87.5	
37	313.75	87.5	
37	313.75	87.5	
38	0	0	
38	0	0	
38	0	0	
38	0	0	
38	0	0	
38	0	0	
38	0	0	
38	0	0	
38	0	0	
38	0	0	
38	0	0	
38	0	0	
38	0	0	
38	0	0	
38	0	0	
38	0	0	
38	0	0	
38	0	0	
38	0	0	
38	0	0	
38	0	0	
38	0	0	
38	0	0	
38	0	0	
38	0	0	
38	0	0	
38	1.25	0	
38	1.25	0	
38	6.25	3.75	
38	10	6.25	
38	22.5	15	
38	22.5	15	
38	35	22.5	
38	41.25	26.25	
38	48.75	30	
38	73.75	45	
38	83.75	48.75	
38	92.5	52.5	
38	113.75	62.5	
38	133.75	70	
38	152.5	77.5	
38	162.5	78.75	
38	183.75	86.25	
38	193.75	88.75	
38	203.75	90	
38	231.25	97.5	
38	240	97.5	
38	246.25	100	
38	258.75	101.25	
38	270	105	
38	280	105	
38	285	107.5	
38	291.25	108.75	
38	293.75	108.75	
38	296.25	108.75	
38	301.25	112.5	
38	302.5	112.5	
38	303.75	112.5	
38	305	112.5	
38	305	112.5	
38	305	112.5	
38	305	112.5	
38	305	112.5	
38	305	112.5	
38	305	112.5	
38	305	112.5	
38	305	112.5	
38	305	112.5	
38	305	112.5	
38	305	112.5	
38	305	112.5	
38	305	112.5	
38	305	112.5	
38	305	112.5	
39	0	0	
39	0	0	
39	0	0	
39	0	0	
39	0	0	
39	0	0	
39	0	0	
39	0	0	
39	0	0	
39	0	0	
39	0	0	
39	0	0	
39	0	0	
39	0	0	
39	0	0	
39	0	0	
39	0	0	
39	0	0	
39	0	0	
39	0	0	
39	0	0	
39	0	0	
39	0	0	
39	0	0	
39	1.25	0	
39	5	2.5	
39	6.25	2.5	
39	8.75	2.5	
39	11.25	3.75	
39	18.75	7.5	
39	27.5	11.25	
39	38.75	18.75	
39	46.25	22.5	
39	63.75	36.25	
39	73.75	43.75	
39	95	56.25	
39	117.5	70	
39	117.5	70	
39	146.25	85	
39	161.25	92.5	
39	193.75	108.75	
39	223.75	123.75	
39	245	133.75	
39	251.25	135	
39	257.5	138.75	
39	268.75	142.5	
39	270	142.5	
39	272.5	142.5	
39	278.75	142.5	
39	282.5	142.5	
39	287.5	145	
39	290	146.25	
39	293.75	146.25	
39	295	146.25	
39	295	146.25	
39	296.25	146.25	
39	296.25	146.25	
39	296.25	146.25	
39	297.5	148.75	
39	297.5	148.75	
39	297.5	148.75	
39	297.5	148.75	
39	297.5	148.75	
39	297.5	148.75	
39	297.5	148.75	
39	297.5	148.75	
39	297.5	148.75	
39	297.5	148.75	
39	297.5	148.75	
39	297.5	148.75	
39	297.5	148.75	
39	297.5	148.75	
39	297.5	148.75	
39	297.5	148.75	
40	0	0	
40	0	0	
40	0	0	
40	0	0	
40	0	0	
40	0	0	
40	0	0	
40	0	0	
40	0	0	
40	0	0	
40	0	0	
40	0	0	
40	0	0	
40	0	0	
40	0	0	
40	0	0	
40	0	0	
40	0	0	
40	0	0	
40	0	0	
40	0	0	
40	0	0	
40	0	0	
40	0	0	
40	0	0	
40	0	0	
40	0	0	
40	0	0	
40	1.25	2.5	
40	2.5	2.5	
40	8.75	6.25	
40	11.25	7.5	
40	12.5	7.5	
40	15	10	
40	21.25	11.25	
40	32.5	18.75	
40	36.25	22.5	
40	41.25	26.25	
40	52.5	33.75	
40	57.5	37.5	
40	75	52.5	
40	81.25	56.25	
40	88.75	60	
40	97.5	63.75	
40	113.75	75	
40	137.5	86.25	
40	146.25	90	
40	155	93.75	
40	173.75	101.25	
40	182.5	105	
40	198.75	112.5	
40	212.5	116.25	
40	217.5	116.25	
40	222.5	120	
40	231.25	123.75	
40	245	127.5	
40	250	131.25	
40	255	133.75	
40	262.5	137.5	
40	265	138.75	
40	268.75	141.25	
40	271.25	142.5	
40	271.25	142.5	
40	272.5	142.5	
40	273.75	142.5	
40	273.75	142.5	
40	273.75	142.5	
40	273.75	142.5	
40	273.75	142.5	
40	273.75	142.5	
40	273.75	142.5	
40	273.75	142.5	
40	273.75	142.5	
40	273.75	142.5	
41	0	0	
41	0	0	
41	0	0	
41	0	0	
41	0	0	
41	0	0	
41	0	0	
41	0	0	
41	0	0	
41	0	0	
41	0	0	
41	0	0	
41	0	0	
41	0	0	
41	0	0	
41	0	0	
41	0	0	
41	0	0	
41	0	0	
41	0	0	
41	0	0	
41	0	0	
41	0	0	
41	0	0	
41	0	0	
41	0	0	
41	0	0	
41	1.25	0	
41	1.25	2.5	
41	3.75	3.75	
41	8.75	10	
41	12.5	11.25	
41	15	15	
41	18.75	18.75	
41	28.75	26.25	
41	37.5	33.75	
41	47.5	40	
41	53.75	43.75	
41	68.75	52.5	
41	76.25	58.75	
41	107.5	81.25	
41	117.5	88.75	
41	127.5	93.75	
41	137.5	97.5	
41	157.5	105	
41	177.5	115	
41	188.75	120	
41	213.75	130	
41	233.75	137.5	
41	243.75	138.75	
41	261.25	141.25	
41	270	141.25	
41	278.75	141.25	
41	288.75	142.5	
41	305	142.5	
41	316.25	141.25	
41	316.25	141.25	
41	316.25	141.25	
41	316.25	141.25	
41	316.25	141.25	
41	316.25	141.25	
41	316.25	141.25	
41	316.25	141.25	
41	316.25	141.25	
41	316.25	141.25	
41	316.25	141.25	
41	316.25	141.25	
41	316.25	141.25	
41	316.25	141.25	
41	316.25	141.25	
41	316.25	141.25	
41	316.25	141.25	
41	316.25	141.25	
41	316.25	141.25	
42	0	0	
42	0	0	
42	0	0	
42	0	0	
42	0	0	
42	0	0	
42	-18.75	-18.75	
42	-18.75	-18.75	
42	-18.75	-18.75	
42	-18.75	-18.75	
42	-18.75	-18.75	
42	-18.75	-18.75	
42	-18.75	-18.75	
42	-18.75	-18.75	
42	-18.75	-18.75	
42	-18.75	-18.75	
42	-18.75	-18.75	
42	-18.75	-18.75	
42	-18.75	-18.75	
42	-18.75	-18.75	
42	-18.75	-18.75	
42	-18.75	-18.75	
42	-18.75	-18.75	
42	-18.75	-18.75	
42	-18.75	-18.75	
42	-18.75	-18.75	
42	-18.75	-18.75	
42	-18.75	-18.75	
42	-18.75	-18.75	
42	-18.75	-18.75	
42	-18.75	-18.75	
42	-5	-12.5	
42	2.5	-8.75	
42	7.5	-7.5	
42	17.5	-3.75	
42	30	2.5	
42	43.75	10	
42	51.25	11.25	
42	60	15	
42	67.5	18.75	
42	91.25	22.5	
42	107.5	22.5	
42	116.25	22.5	
42	123.75	25	
42	143.75	30	
42	163.75	36.25	
42	173.75	37.5	
42	190	41.25	
42	198.75	43.75	
42	207.5	45	
42	235	48.75	
42	252.5	51.25	
42	258.75	51.25	
42	265	51.25	
42	276.25	48.75	
42	287.5	47.5	
42	292.5	47.5	
42	305	47.5	
42	311.25	48.75	
42	316.25	48.75	
42	332.5	52.5	
42	342.5	55	
42	345	56.25	
42	345	56.25	
42	345	56.25	
42	345	56.25	
42	345	56.25	
42	345	56.25	
42	345	56.25	
42	345	56.25	
42	345	56.25	
42	345	56.25	
42	345	56.25	
42	345	56.25	
43	0	0	
43	0	0	
43	0	0	
43	0	0	
43	0	0	
43	0	0	
43	0	0	
43	0	0	
43	0	0	
43	-1.25	0	
43	-1.25	0	
43	-1.25	0	
43	-1.25	0	
43	-1.25	0	
43	-1.25	0	
43	-1.25	0	
43	-1.25	0	
43	-1.25	0	
43	-1.25	0	
43	-1.25	0	
43	-1.25	0	
43	-1.25	-2.5	
43	-1.25	-2.5	
43	-2.5	0	
43	-2.5	0	
43	0	1.25	
43	2.5	1.25	
43	5	1.25	
43	11.25	3.75	
43	16.25	3.75	
43	26.25	7.5	
43	38.75	11.25	
43	45	12.5	
43	52.5	11.25	
43	52.5	11.25	
43	88.75	12.5	
43	98.75	16.25	
43	106.25	16.25	
43	115	18.75	
43	131.25	20	
43	147.5	20	
43	163.75	23.75	
43	172.5	26.25	
43	181.25	27.5	
43	190	31.25	
43	216.25	33.75	
43	223.75	35	
43	233.75	35	
43	241.25	35	
43	256.25	33.75	
43	267.5	31.25	
43	272.5	31.25	
43	282.5	31.25	
43	287.5	31.25	
43	293.75	31.25	
43	311.25	37.5	
43	316.25	37.5	
43	322.5	38.75	
43	327.5	38.75	
43	336.25	38.75	
43	343.75	38.75	
43	347.5	38.75	
43	347.5	38.75	
43	347.5	38.75	
43	347.5	38.75	
43	347.5	38.75	
43	347.5	38.75	
43	347.5	38.75	
43	347.5	38.75	
43	347.5	38.75	
43	347.5	38.75	
43	347.5	38.75	
43	347.5	38.75	
43	347.5	38.75	
44	0	0	
44	0	0	
44	0	0	
44	0	0	
44	0	0	
44	0	0	
44	0	0	
44	0	0	
44	0	0	
44	0	1.25	
44	0	1.25	
44	0	1.25	
44	0	1.25	
44	0	1.25	
44	0	1.25	
44	0	1.25	
44	0	1.25	
44	0	1.25	
44	0	1.25	
44	0	1.25	
44	0	1.25	
44	0	1.25	
44	0	1.25	
44	0	1.25	
44	0	1.25	
44	0	1.25	
44	0	1.25	
44	1.25	1.25	
44	2.5	1.25	
44	5	0	
44	11.25	0	
44	15	0	
44	17.5	1.25	
44	25	1.25	
44	28.75	1.25	
44	38.75	3.75	
44	48.75	5	
44	55	5	
44	66.25	7.5	
44	72.5	8.75	
44	95	16.25	
44	102.5	20	
44	110	22.5	
44	122.5	26.25	
44	130	27.5	
44	145	31.25	
44	162.5	33.75	
44	171.25	35	
44	187.5	37.5	
44	196.25	38.75	
44	221.25	35	
44	230	35	
44	238.75	37.5	
44	256.25	38.75	
44	265	38.75	
44	282.5	42.5	
44	297.5	41.25	
44	305	41.25	
44	317.5	38.75	
44	323.75	38.75	
44	337.5	38.75	
44	341.25	38.75	
44	345	38.75	
44	347.5	38.75	
44	347.5	38.75	
44	347.5	38.75	
44	347.5	38.75	
44	347.5	38.75	
44	347.5	38.75	
44	347.5	38.75	
44	347.5	38.75	
44	347.5	38.75	
44	347.5	38.75	
44	347.5	38.75	
45	0	0	
45	-1.25	0	
45	-1.25	0	
45	-1.25	0	
45	-1.25	0	
45	-1.25	0	
45	-1.25	0	
45	-1.25	0	
45	-1.25	0	
45	-1.25	0	
45	-1.25	0	
45	-1.25	0	
45	-1.25	0	
45	-1.25	0	
45	-1.25	0	
45	-1.25	0	
45	-1.25	0	
45	-1.25	0	
45	-1.25	0	
45	-1.25	0	
45	-1.25	0	
45	-1.25	0	
45	-1.25	0	
45	-1.25	0	
45	-1.25	0	
45	-1.25	0	
45	-1.25	0	
45	-1.25	0	
45	0	0	
45	1.25	0	
45	6.25	2.5	
45	10	3.75	
45	13.75	6.25	
45	22.5	10	
45	27.5	11.25	
45	42.5	13.75	
45	48.75	13.75	
45	55	15	
45	62.5	15	
45	77.5	15	
45	91.25	15	
45	107.5	13.75	
45	115	11.25	
45	132.5	11.25	
45	141.25	11.25	
45	158.75	11.25	
45	175	10	
45	183.75	7.5	
45	191.25	7.5	
45	207.5	6.25	
45	225	3.75	
45	237.5	2.5	
45	243.75	2.5	
45	253.75	0	
45	258.75	-1.25	
45	267.5	-1.25	
45	276.25	2.5	
45	281.25	3.75	
45	286.25	6.25	
45	293.75	10	
45	301.25	13.75	
45	308.75	15	
45	312.5	15	
45	316.25	17.5	
45	316.25	17.5	
45	318.75	18.75	
45	318.75	18.75	
45	318.75	18.75	
45	318.75	18.75	
45	318.75	18.75	
45	318.75	18.75	
45	318.75	18.75	
45	318.75	18.75	
45	318.75	18.75	
46	0	0	
46	0	2.5	
46	0	0	
46	0	0	
46	0	2.5	
46	0	2.5	
46	0	2.5	
46	0	2.5	
46	0	2.5	
46	0	2.5	
46	0	2.5	
46	0	2.5	
46	0	2.5	
46	0	2.5	
46	0	2.5	
46	0	2.5	
46	0	2.5	
46	0	2.5	
46	0	2.5	
46	0	2.5	
46	0	2.5	
46	0	2.5	
46	0	2.5	
46	0	2.5	
46	0	2.5	
46	0	2.5	
46	0	2.5	
46	0	2.5	
46	2.5	2.5	
46	5	2.5	
46	11.25	3.75	
46	18.75	3.75	
46	23.75	3.75	
46	27.5	3.75	
46	32.5	3.75	
46	55	3.75	
46	62.5	3.75	
46	68.75	3.75	
46	75	2.5	
46	88.75	0	
46	103.75	-3.75	
46	122.5	-3.75	
46	131.25	-5	
46	140	-3.75	
46	148.75	-3.75	
46	180	-3.75	
46	190	-3.75	
46	198.75	-3.75	
46	208.75	0	
46	228.75	6.25	
46	246.25	11.25	
46	261.25	15	
46	267.5	15	
46	273.75	15	
46	280	15	
46	303.75	18.75	
46	308.75	18.75	
46	311.25	18.75	
46	313.75	18.75	
46	317.5	18.75	
46	320	18.75	
46	320	18.75	
46	320	18.75	
46	321.25	18.75	
46	321.25	18.75	
46	321.25	18.75	
46	321.25	18.75	
46	321.25	18.75	
46	321.25	18.75	
46	321.25	18.75	
46	321.25	18.75	
46	321.25	18.75	
46	321.25	18.75	
46	321.25	18.75	
47	0	0	
47	0	0	
47	0	0	
47	0	0	
47	0	0	
47	0	0	
47	0	0	
47	0	0	
47	0	0	
47	0	0	
47	0	0	
47	0	0	
47	0	0	
47	0	0	
47	0	0	
47	-1.25	0	
47	-1.25	0	
47	-1.25	0	
47	-1.25	0	
47	-1.25	0	
47	-2.5	0	
47	-2.5	0	
47	-2.5	0	
47	-2.5	0	
47	-2.5	0	
47	-2.5	0	
47	-2.5	0	
47	-2.5	2.5	
47	-2.5	0	
47	2.5	2.5	
47	8.75	3.75	
47	16.25	3.75	
47	18.75	3.75	
47	22.5	3.75	
47	28.75	6.25	
47	36.25	6.25	
47	41.25	6.25	
47	51.25	6.25	
47	63.75	3.75	
47	70	3.75	
47	82.5	6.25	
47	97.5	7.5	
47	97.5	7.5	
47	106.25	10	
47	125	11.25	
47	141.25	11.25	
47	155	11.25	
47	162.5	10	
47	176.25	7.5	
47	185	7.5	
47	208.75	7.5	
47	215	7.5	
47	220	7.5	
47	225	7.5	
47	235	7.5	
47	246.25	13.75	
47	258.75	21.25	
47	265	26.25	
47	277.5	33.75	
47	283.75	36.25	
47	295	40	
47	298.75	41.25	
47	302.5	41.25	
47	305	41.25	
47	308.75	45	
47	313.75	45	
47	315	43.75	
47	317.5	43.75	
47	320	43.75	
47	320	43.75	
47	321.25	43.75	
47	321.25	43.75	
47	321.25	43.75	
47	321.25	43.75	
48	0	0	
48	0	0	
48	0	0	
48	0	0	
48	0	0	
48	0	0	
48	0	0	
48	0	0	
48	0	0	
48	0	0	
48	-1.25	0	
48	-1.25	0	
48	-1.25	0	
48	-1.25	0	
48	-1.25	0	
48	-1.25	0	
48	-1.25	0	
48	-1.25	0	
48	-1.25	0	
48	-1.25	0	
48	-1.25	0	
48	-1.25	0	
48	-1.25	0	
48	-1.25	0	
48	-1.25	0	
48	1.25	2.5	
48	2.5	3.75	
48	5	3.75	
48	7.5	3.75	
48	11.25	6.25	
48	15	7.5	
48	21.25	10	
48	25	10	
48	32.5	11.25	
48	37.5	15	
48	57.5	22.5	
48	63.75	26.25	
48	71.25	28.75	
48	78.75	32.5	
48	93.75	37.5	
48	107.5	40	
48	122.5	41.25	
48	131.25	45	
48	140	45	
48	147.5	47.5	
48	167.5	51.25	
48	173.75	48.75	
48	180	48.75	
48	193.75	52.5	
48	201.25	55	
48	217.5	60	
48	231.25	62.5	
48	241.25	62.5	
48	246.25	63.75	
48	250	63.75	
48	265	63.75	
48	270	63.75	
48	273.75	63.75	
48	282.5	63.75	
48	285	62.5	
48	290	60	
48	296.25	56.25	
48	301.25	52.5	
48	303.75	52.5	
48	306.25	48.75	
48	312.5	43.75	
48	316.25	41.25	
48	318.75	37.5	
48	323.75	33.75	
48	326.25	32.5	
48	332.5	26.25	
48	335	22.5	
48	336.25	22.5	
48	337.5	21.25	
49	0	0	
49	0	0	
49	0	0	
49	0	0	
49	0	0	
49	0	0	
49	0	0	
49	0	0	
49	0	0	
49	0	0	
49	0	0	
49	0	0	
49	0	0	
49	0	0	
49	0	0	
49	0	0	
49	0	0	
49	0	0	
49	0	0	
49	0	0	
49	5	1.25	
49	6.25	1.25	
49	10	3.75	
49	11.25	5	
49	17.5	7.5	
49	27.5	8.75	
49	30	8.75	
49	35	11.25	
49	40	12.5	
49	51.25	15	
49	62.5	16.25	
49	68.75	20	
49	82.5	23.75	
49	90	26.25	
49	97.5	27.5	
49	123.75	38.75	
49	141.25	48.75	
49	151.25	53.75	
49	161.25	57.5	
49	180	60	
49	201.25	61.25	
49	212.5	61.25	
49	237.5	65	
49	250	68.75	
49	261.25	71.25	
49	295	78.75	
49	306.25	80	
49	316.25	83.75	
49	331.25	87.5	
49	337.5	91.25	
49	337.5	91.25	
49	337.5	91.25	
49	337.5	91.25	
49	337.5	91.25	
49	337.5	91.25	
49	337.5	91.25	
49	337.5	91.25	
49	337.5	91.25	
49	337.5	91.25	
49	337.5	91.25	
49	337.5	91.25	
49	337.5	91.25	
49	337.5	91.25	
49	337.5	91.25	
49	337.5	91.25	
49	337.5	91.25	
49	337.5	91.25	
49	337.5	91.25	
49	337.5	91.25	
49	337.5	91.25	
49	337.5	91.25	
49	337.5	91.25	
49	337.5	91.25	
49	337.5	91.25	
50	0	0	
50	0	0	
50	0	0	
50	0	0	
50	0	0	
50	0	0	
50	0	0	
50	0	0	
50	0	0	
50	0	0	
50	0	0	
50	0	0	
50	0	0	
50	0	0	
50	0	0	
50	0	0	
50	0	0	
50	0	0	
50	0	0	
50	0	0	
50	0	0	
50	0	0	
50	0	0	
50	0	0	
50	0	0	
50	0	0	
50	0	0	
50	0	0	
50	0	0	
50	1.25	0	
50	3.75	3.75	
50	6.25	3.75	
50	7.5	3.75	
50	8.75	6.25	
50	13.75	10	
50	21.25	13.75	
50	25	15	
50	36.25	21.25	
50	50	28.75	
50	57.5	32.5	
50	73.75	40	
50	91.25	47.5	
50	100	51.25	
50	110	56.25	
50	131.25	67.5	
50	157.5	81.25	
50	170	86.25	
50	193.75	97.5	
50	217.5	103.75	
50	228.75	105	
50	248.75	107.5	
50	268.75	108.75	
50	277.5	111.25	
50	287.5	112.5	
50	303.75	112.5	
50	317.5	115	
50	322.5	115	
50	322.5	115	
50	322.5	115	
50	322.5	115	
50	322.5	115	
50	322.5	115	
50	322.5	115	
50	322.5	115	
50	322.5	115	
50	322.5	115	
50	322.5	115	
50	322.5	115	
50	322.5	115	
50	322.5	115	
50	322.5	115	
50	322.5	115	
50	322.5	115	
50	322.5	115	
51	0	0	
51	0	0	
51	0	0	
51	0	0	
51	0	0	
51	0	0	
51	0	0	
51	0	0	
51	0	0	
51	0	0	
51	0	0	
51	0	0	
51	0	0	
51	0	0	
51	0	-1.25	
51	0	0	
51	0	0	
51	0	0	
51	0	0	
51	0	0	
51	0	0	
51	0	0	
51	0	0	
51	0	0	
51	0	0	
51	0	0	
51	0	0	
51	0	0	
51	0	0	
51	0	0	
51	1.25	0	
51	2.5	0	
51	5	3.75	
51	7.5	3.75	
51	13.75	7.5	
51	22.5	11.25	
51	30	15	
51	36.25	17.5	
51	50	22.5	
51	58.75	22.5	
51	85	30	
51	95	32.5	
51	116.25	41.25	
51	127.5	47.5	
51	141.25	55	
51	177.5	71.25	
51	188.75	77.5	
51	198.75	82.5	
51	208.75	85	
51	228.75	92.5	
51	248.75	97.5	
51	265	101.25	
51	271.25	101.25	
51	283.75	103.75	
51	288.75	103.75	
51	300	103.75	
51	312.5	105	
51	317.5	105	
51	323.75	107.5	
51	323.75	107.5	
51	323.75	107.5	
51	323.75	107.5	
51	323.75	107.5	
51	323.75	107.5	
51	323.75	107.5	
51	323.75	107.5	
51	323.75	107.5	
51	323.75	107.5	
51	323.75	107.5	
51	323.75	107.5	
51	323.75	107.5	
51	323.75	107.5	
51	323.75	107.5	
51	323.75	107.5	
52	0	0	
52	0	0	
52	0	0	
52	0	0	
52	0	0	
52	0	-2.5	
52	0	-2.5	
52	0	-2.5	
52	0	-2.5	
52	0	-2.5	
52	0	-2.5	
52	0	-2.5	
52	0	-2.5	
52	0	-2.5	
52	0	-2.5	
52	0	-2.5	
52	0	-2.5	
52	0	-2.5	
52	0	-2.5	
52	0	-2.5	
52	0	-2.5	
52	0	-2.5	
52	0	-2.5	
52	0	-2.5	
52	0	-2.5	
52	0	-2.5	
52	0	-2.5	
52	0	0	
52	1.25	0	
52	2.5	0	
52	11.25	1.25	
52	13.75	3.75	
52	17.5	5	
52	22.5	5	
52	31.25	8.75	
52	52.5	15	
52	60	16.25	
52	76.25	22.5	
52	83.75	23.75	
52	92.5	23.75	
52	121.25	35	
52	131.25	37.5	
52	142.5	38.75	
52	152.5	42.5	
52	172.5	50	
52	198.75	56.25	
52	206.25	57.5	
52	215	60	
52	228.75	61.25	
52	235	61.25	
52	250	60	
52	253.75	60	
52	257.5	60	
52	261.25	61.25	
52	268.75	61.25	
52	281.25	65	
52	283.75	65	
52	287.5	67.5	
52	290	68.75	
52	292.5	68.75	
52	293.75	68.75	
52	293.75	68.75	
52	293.75	68.75	
52	293.75	68.75	
52	293.75	68.75	
52	293.75	68.75	
52	293.75	68.75	
52	293.75	68.75	
52	293.75	68.75	
52	293.75	68.75	
52	293.75	68.75	
52	293.75	68.75	
52	293.75	68.75	
52	293.75	68.75	
53	0	0	
53	0	0	
53	0	0	
53	0	0	
53	0	0	
53	0	0	
53	0	0	
53	0	0	
53	0	0	
53	0	0	
53	0	0	
53	0	0	
53	0	0	
53	0	0	
53	0	0	
53	0	0	
53	0	0	
53	0	0	
53	0	0	
53	0	0	
53	0	0	
53	0	0	
53	0	0	
53	0	0	
53	0	0	
53	5	2.5	
53	7.5	3.75	
53	11.25	6.25	
53	15	7.5	
53	26.25	15	
53	43.75	25	
53	50	26.25	
53	57.5	30	
53	72.5	33.75	
53	80	36.25	
53	107.5	45	
53	118.75	48.75	
53	130	55	
53	140	60	
53	161.25	67.5	
53	188.75	77.5	
53	197.5	78.75	
53	207.5	82.5	
53	225	86.25	
53	233.75	90	
53	257.5	96.25	
53	263.75	96.25	
53	268.75	97.5	
53	275	97.5	
53	277.5	97.5	
53	281.25	97.5	
53	283.75	97.5	
53	283.75	97.5	
53	285	97.5	
53	285	97.5	
53	285	97.5	
53	285	97.5	
53	285	97.5	
53	285	97.5	
53	285	97.5	
53	285	97.5	
53	285	97.5	
53	286.25	97.5	
53	286.25	97.5	
53	286.25	97.5	
53	286.25	97.5	
53	286.25	97.5	
53	287.5	97.5	
53	287.5	97.5	
53	287.5	97.5	
53	287.5	97.5	
53	287.5	97.5	
53	287.5	97.5	
53	287.5	97.5	
54	0	0	
54	0	0	
54	0	0	
54	0	0	
54	0	0	
54	0	0	
54	0	0	
54	0	0	
54	0	0	
54	0	0	
54	0	0	
54	0	0	
54	0	0	
54	0	0	
54	0	0	
54	0	0	
54	0	0	
54	0	0	
54	0	0	
54	0	0	
54	0	0	
54	0	0	
54	0	0	
54	0	0	
54	0	0	
54	0	0	
54	0	0	
54	0	0	
54	0	0	
54	0	0	
54	2.5	2.5	
54	3.75	2.5	
54	7.5	3.75	
54	10	3.75	
54	12.5	6.25	
54	25	11.25	
54	30	11.25	
54	41.25	15	
54	46.25	17.5	
54	52.5	18.75	
54	65	22.5	
54	82.5	28.75	
54	92.5	32.5	
54	101.25	36.25	
54	118.75	43.75	
54	137.5	51.25	
54	146.25	55	
54	165	62.5	
54	175	67.5	
54	183.75	71.25	
54	212.5	82.5	
54	228.75	88.75	
54	236.25	90	
54	242.5	90	
54	252.5	92.5	
54	261.25	93.75	
54	265	93.75	
54	275	96.25	
54	280	97.5	
54	285	97.5	
54	293.75	97.5	
54	297.5	97.5	
54	300	100	
54	301.25	100	
54	303.75	100	
54	310	101.25	
54	313.75	103.75	
54	318.75	105	
54	320	105	
54	321.25	105	
54	322.5	105	
54	322.5	105	
54	323.75	105	
54	323.75	105	
55	0	0	
55	0	0	
55	0	0	
55	0	0	
55	0	0	
55	0	0	
55	0	0	
55	0	0	
55	0	0	
55	0	0	
55	0	-2.5	
55	0	-2.5	
55	0	-2.5	
55	0	-2.5	
55	0	-2.5	
55	0	-2.5	
55	0	-2.5	
55	0	-2.5	
55	0	-2.5	
55	0	-2.5	
55	0	-2.5	
55	0	-2.5	
55	0	-2.5	
55	0	-2.5	
55	0	-2.5	
55	5	1.25	
55	8.75	5	
55	11.25	7.5	
55	15	8.75	
55	22.5	12.5	
55	32.5	16.25	
55	38.75	18.75	
55	51.25	23.75	
55	58.75	27.5	
55	66.25	30	
55	88.75	37.5	
55	105	41.25	
55	115	45	
55	123.75	50	
55	146.25	61.25	
55	167.5	71.25	
55	177.5	72.5	
55	197.5	76.25	
55	207.5	80	
55	220	83.75	
55	257.5	98.75	
55	280	108.75	
55	290	112.5	
55	296.25	113.75	
55	302.5	116.25	
55	315	117.5	
55	318.75	117.5	
55	325	117.5	
55	327.5	117.5	
55	327.5	117.5	
55	327.5	117.5	
55	327.5	117.5	
55	327.5	117.5	
55	327.5	117.5	
55	327.5	117.5	
55	327.5	117.5	
55	327.5	117.5	
55	327.5	117.5	
55	327.5	117.5	
55	327.5	117.5	
55	327.5	117.5	
55	327.5	117.5	
55	327.5	117.5	
55	327.5	117.5	
55	327.5	117.5	
55	327.5	117.5	
55	327.5	117.5	
55	327.5	117.5	
55	327.5	117.5	
56	0	0	
56	0	0	
56	0	0	
56	0	0	
56	0	0	
56	0	0	
56	0	0	
56	0	0	
56	0	0	
56	0	0	
56	0	0	
56	0	0	
56	0	0	
56	0	0	
56	0	0	
56	0	0	
56	0	0	
56	0	0	
56	0	0	
56	0	0	
56	0	0	
56	0	0	
56	0	0	
56	0	0	
56	0	0	
56	2.5	1.25	
56	3.75	1.25	
56	6.25	3.75	
56	12.5	7.5	
56	21.25	11.25	
56	31.25	16.25	
56	45	22.5	
56	52.5	26.25	
56	61.25	31.25	
56	68.75	35	
56	96.25	42.5	
56	106.25	46.25	
56	117.5	50	
56	142.5	61.25	
56	168.75	76.25	
56	196.25	87.5	
56	207.5	91.25	
56	225	98.75	
56	233.75	102.5	
56	241.25	105	
56	265	116.25	
56	272.5	117.5	
56	280	121.25	
56	290	125	
56	298.75	128.75	
56	302.5	131.25	
56	303.75	131.25	
56	306.25	132.5	
56	306.25	132.5	
56	306.25	132.5	
56	306.25	132.5	
56	306.25	132.5	
56	306.25	132.5	
56	306.25	132.5	
56	306.25	132.5	
56	306.25	132.5	
56	306.25	132.5	
56	306.25	132.5	
56	306.25	132.5	
56	306.25	132.5	
56	306.25	132.5	
56	306.25	132.5	
56	306.25	132.5	
56	306.25	132.5	
56	306.25	132.5	
56	306.25	132.5	
56	306.25	132.5	
56	306.25	132.5	
56	306.25	132.5	
57	0	0	
57	-10	-1.25	
57	-20	-3.75	
57	-35	-7.5	
57	-42.5	-11.25	
57	-55	-16.25	
57	-57.5	-18.75	
57	-58.75	-20	
57	-61.25	-23.75	
57	-61.25	-26.25	
57	-61.25	-30	
57	-61.25	-30	
57	-60	-30	
57	-60	-30	
57	-60	-30	
57	-61.25	-33.75	
57	-61.25	-33.75	
57	-62.5	-33.75	
57	-65	-37.5	
57	-66.25	-38.75	
57	-67.5	-41.25	
57	-68.75	-42.5	
57	-70	-45	
57	-71.25	-45	
57	-71.25	-45	
57	-71.25	-45	
57	-71.25	-45	
57	-71.25	-45	
57	-71.25	-46.25	
57	-71.25	-46.25	
57	-71.25	-46.25	
57	-71.25	-46.25	
57	-67.5	-46.25	
57	-65	-46.25	
57	-61.25	-45	
57	-38.75	-30	
57	-28.75	-22.5	
57	-17.5	-15	
57	5	-3.75	
57	15	2.5	
57	37.5	13.75	
57	61.25	22.5	
57	85	28.75	
57	95	30	
57	105	30	
57	133.75	32.5	
57	143.75	33.75	
57	153.75	33.75	
57	171.25	37.5	
57	177.5	37.5	
57	191.25	40	
57	206.25	40	
57	222.5	40	
57	227.5	37.5	
57	231.25	37.5	
57	237.5	37.5	
57	238.75	36.25	
57	240	33.75	
57	241.25	30	
57	242.5	30	
57	242.5	26.25	
57	242.5	25	
57	242.5	25	
57	242.5	22.5	
57	242.5	22.5	
57	243.75	22.5	
57	243.75	22.5	
57	243.75	22.5	
57	243.75	22.5	
57	243.75	22.5	
57	243.75	22.5	
57	243.75	22.5	
57	243.75	22.5	
57	243.75	22.5	
58	0	0	
58	0	0	
58	0	0	
58	0	0	
58	0	0	
58	0	-1.25	
58	0	-1.25	
58	0	-1.25	
58	0	-1.25	
58	1.25	-1.25	
58	1.25	-1.25	
58	1.25	-1.25	
58	1.25	-1.25	
58	1.25	-3.75	
58	1.25	-3.75	
58	1.25	-3.75	
58	1.25	-3.75	
58	1.25	-3.75	
58	1.25	-3.75	
58	1.25	-3.75	
58	1.25	-3.75	
58	1.25	-3.75	
58	1.25	-3.75	
58	1.25	-3.75	
58	1.25	-3.75	
58	1.25	-3.75	
58	3.75	-3.75	
58	3.75	-3.75	
58	5	-3.75	
58	10	-1.25	
58	15	0	
58	18.75	2.5	
58	26.25	3.75	
58	31.25	3.75	
58	36.25	6.25	
58	53.75	10	
58	67.5	15	
58	77.5	18.75	
58	86.25	21.25	
58	103.75	26.25	
58	122.5	30	
58	132.5	30	
58	153.75	33.75	
58	165	37.5	
58	176.25	37.5	
58	202.5	40	
58	225	41.25	
58	236.25	45	
58	246.25	47.5	
58	257.5	48.75	
58	286.25	60	
58	293.75	63.75	
58	306.25	67.5	
58	312.5	71.25	
58	318.75	73.75	
58	332.5	77.5	
58	336.25	77.5	
58	337.5	77.5	
58	340	78.75	
58	340	77.5	
58	341.25	75	
58	341.25	75	
58	341.25	73.75	
58	341.25	71.25	
58	341.25	71.25	
58	341.25	71.25	
58	341.25	71.25	
58	341.25	71.25	
58	341.25	71.25	
58	341.25	71.25	
58	341.25	71.25	
58	341.25	71.25	
58	341.25	71.25	
58	341.25	71.25	
59	0	0	
59	0	0	
59	0	0	
59	0	0	
59	0	0	
59	0	0	
59	0	0	
59	0	0	
59	0	0	
59	0	0	
59	0	0	
59	0	0	
59	0	0	
59	-1.25	0	
59	-1.25	0	
59	-1.25	0	
59	-1.25	0	
59	-1.25	0	
59	-1.25	0	
59	-1.25	0	
59	-1.25	0	
59	-1.25	0	
59	-1.25	0	
59	-1.25	0	
59	-1.25	0	
59	0	0	
59	3.75	0	
59	6.25	2.5	
59	8.75	2.5	
59	15	3.75	
59	27.5	10	
59	33.75	11.25	
59	38.75	15	
59	45	15	
59	52.5	18.75	
59	72.5	22.5	
59	80	25	
59	87.5	26.25	
59	97.5	30	
59	115	33.75	
59	142.5	37.5	
59	150	37.5	
59	160	37.5	
59	178.75	41.25	
59	188.75	45	
59	218.75	52.5	
59	227.5	55	
59	235	55	
59	250	55	
59	256.25	56.25	
59	278.75	58.75	
59	285	60	
59	291.25	60	
59	301.25	60	
59	306.25	60	
59	318.75	56.25	
59	322.5	56.25	
59	326.25	56.25	
59	331.25	55	
59	333.75	55	
59	340	52.5	
59	341.25	52.5	
59	342.5	52.5	
59	345	52.5	
59	345	52.5	
59	345	52.5	
59	345	52.5	
59	345	52.5	
59	345	52.5	
59	345	52.5	
59	345	52.5	
59	345	52.5	
59	345	52.5	
59	345	52.5	
60	0	0	
60	0	0	
60	0	0	
60	0	0	
60	0	0	
60	0	0	
60	0	0	
60	0	0	
60	0	0	
60	0	0	
60	0	0	
60	0	0	
60	0	0	
60	0	0	
60	0	0	
60	0	0	
60	0	0	
60	0	0	
60	0	0	
60	0	0	
60	0	0	
60	0	0	
60	0	0	
60	0	0	
60	0	0	
60	0	0	
60	0	0	
60	0	0	
60	0	0	
60	0	0	
60	0	0	
60	0	0	
60	2.5	0	
60	5	0	
60	7.5	2.5	
60	20	3.75	
60	25	6.25	
60	30	6.25	
60	42.5	3.75	
60	48.75	3.75	
60	63.75	6.25	
60	72.5	7.5	
60	91.25	11.25	
60	110	15	
60	118.75	15	
60	136.25	18.75	
60	156.25	22.5	
60	167.5	25	
60	180	26.25	
60	192.5	28.75	
60	225	33.75	
60	235	33.75	
60	255	36.25	
60	265	36.25	
60	272.5	37.5	
60	292.5	36.25	
60	297.5	36.25	
60	302.5	36.25	
60	307.5	36.25	
60	313.75	33.75	
60	317.5	33.75	
60	320	33.75	
60	321.25	33.75	
60	321.25	33.75	
60	321.25	33.75	
60	321.25	33.75	
60	321.25	33.75	
60	321.25	33.75	
60	321.25	33.75	
60	321.25	33.75	
60	321.25	33.75	
60	321.25	33.75	
60	321.25	33.75	
60	321.25	33.75	
61	0	0	
61	0	0	
61	0	0	
61	0	0	
61	0	0	
61	0	0	
61	0	0	
61	0	0	
61	0	0	
61	0	0	
61	0	0	
61	0	0	
61	0	0	
61	0	0	
61	0	0	
61	0	0	
61	0	0	
61	0	0	
61	0	0	
61	0	0	
61	0	0	
61	0	0	
61	0	0	
61	0	0	
61	0	0	
61	0	0	
61	0	0	
61	0	0	
61	0	0	
61	0	0	
61	2.5	0	
61	5	0	
61	7.5	0	
61	8.75	2.5	
61	12.5	3.75	
61	23.75	10	
61	28.75	11.25	
61	33.75	13.75	
61	38.75	15	
61	50	21.25	
61	63.75	26.25	
61	71.25	28.75	
61	86.25	32.5	
61	93.75	33.75	
61	102.5	36.25	
61	127.5	43.75	
61	143.75	48.75	
61	151.25	48.75	
61	158.75	48.75	
61	166.25	51.25	
61	190	52.5	
61	200	55	
61	220	58.75	
61	227.5	60	
61	236.25	60	
61	256.25	62.5	
61	270	63.75	
61	276.25	63.75	
61	282.5	63.75	
61	287.5	63.75	
61	300	60	
61	303.75	60	
61	311.25	56.25	
61	315	56.25	
61	317.5	55	
61	326.25	51.25	
61	328.75	48.75	
61	330	48.75	
61	331.25	48.75	
61	332.5	48.75	
61	332.5	48.75	
61	332.5	48.75	
61	332.5	48.75	
61	332.5	48.75	
62	0	0	
62	0	0	
62	0	0	
62	0	0	
62	0	0	
62	0	0	
62	0	0	
62	0	0	
62	0	0	
62	0	0	
62	0	0	
62	0	0	
62	0	0	
62	0	0	
62	0	0	
62	0	0	
62	0	0	
62	0	0	
62	0	0	
62	0	0	
62	0	0	
62	0	0	
62	0	0	
62	0	0	
62	0	0	
62	0	0	
62	0	0	
62	0	0	
62	0	0	
62	0	0	
62	0	0	
62	0	0	
62	1.25	2.5	
62	1.25	2.5	
62	2.5	2.5	
62	8.75	3.75	
62	12.5	7.5	
62	16.25	10	
62	25	15	
62	35	18.75	
62	46.25	22.5	
62	51.25	22.5	
62	63.75	26.25	
62	71.25	28.75	
62	78.75	30	
62	105	37.5	
62	113.75	40	
62	121.25	41.25	
62	138.75	43.75	
62	155	45	
62	171.25	47.5	
62	180	45	
62	193.75	43.75	
62	200	41.25	
62	207.5	40	
62	226.25	37.5	
62	232.5	36.25	
62	237.5	33.75	
62	247.5	33.75	
62	250	32.5	
62	263.75	28.75	
62	267.5	28.75	
62	275	26.25	
62	277.5	26.25	
62	281.25	26.25	
62	290	22.5	
62	292.5	22.5	
62	296.25	22.5	
62	301.25	21.25	
62	302.5	18.75	
62	306.25	18.75	
62	308.75	18.75	
62	311.25	18.75	
62	312.5	21.25	
63	0	0	
63	0	0	
63	0	0	
63	0	0	
63	0	0	
63	0	0	
63	0	0	
63	0	-2.5	
63	0	0	
63	0	0	
63	0	-2.5	
63	0	0	
63	0	-2.5	
63	0	-2.5	
63	0	-2.5	
63	0	-2.5	
63	0	-2.5	
63	0	-2.5	
63	0	-2.5	
63	0	-2.5	
63	0	-2.5	
63	0	-2.5	
63	0	-2.5	
63	0	-2.5	
63	0	-2.5	
63	3.75	0	
63	5	1.25	
63	7.5	1.25	
63	12.5	3.75	
63	16.25	5	
63	22.5	5	
63	30	7.5	
63	38.75	8.75	
63	43.75	8.75	
63	48.75	11.25	
63	66.25	12.5	
63	73.75	15	
63	80	16.25	
63	92.5	20	
63	100	22.5	
63	112.5	23.75	
63	118.75	23.75	
63	131.25	23.75	
63	143.75	23.75	
63	150	22.5	
63	163.75	22.5	
63	177.5	20	
63	183.75	18.75	
63	190	16.25	
63	206.25	16.25	
63	222.5	18.75	
63	237.5	20	
63	243.75	22.5	
63	248.75	23.75	
63	253.75	23.75	
63	263.75	27.5	
63	273.75	27.5	
63	277.5	27.5	
63	280	30	
63	285	30	
63	288.75	30	
63	292.5	31.25	
63	295	31.25	
63	301.25	35	
63	305	38.75	
63	312.5	46.25	
63	318.75	48.75	
63	320	50	
63	321.25	50	
63	322.5	53.75	
63	323.75	53.75	
63	323.75	53.75	
63	323.75	53.75	
63	323.75	53.75	
64	0	0	
64	0	0	
64	0	0	
64	0	0	
64	0	0	
64	0	0	
64	0	0	
64	0	0	
64	0	0	
64	0	0	
64	0	0	
64	0	0	
64	0	0	
64	0	0	
64	0	0	
64	0	0	
64	0	0	
64	0	0	
64	0	0	
64	0	0	
64	0	0	
64	0	0	
64	0	0	
64	0	0	
64	0	0	
64	1.25	0	
64	2.5	1.25	
64	7.5	3.75	
64	10	3.75	
64	12.5	5	
64	21.25	8.75	
64	25	8.75	
64	30	11.25	
64	38.75	16.25	
64	45	18.75	
64	65	23.75	
64	72.5	26.25	
64	87.5	27.5	
64	95	30	
64	103.75	30	
64	128.75	31.25	
64	136.25	31.25	
64	143.75	31.25	
64	158.75	27.5	
64	165	26.25	
64	188.75	23.75	
64	196.25	23.75	
64	212.5	26.25	
64	221.25	26.25	
64	227.5	27.5	
64	248.75	27.5	
64	255	30	
64	262.5	31.25	
64	273.75	33.75	
64	280	35	
64	293.75	37.5	
64	297.5	37.5	
64	306.25	38.75	
64	310	38.75	
64	312.5	38.75	
64	320	41.25	
64	321.25	41.25	
64	323.75	42.5	
64	325	41.25	
64	327.5	42.5	
64	332.5	42.5	
64	333.75	42.5	
64	335	42.5	
64	335	42.5	
64	335	42.5	
64	335	42.5	
64	335	42.5	
64	335	42.5	
64	335	42.5	
65	0	0	
65	0	0	
65	0	0	
65	0	0	
65	0	0	
65	0	0	
65	0	0	
65	0	0	
65	0	0	
65	0	0	
65	0	0	
65	0	0	
65	0	0	
65	0	0	
65	0	0	
65	0	0	
65	0	0	
65	0	0	
65	0	0	
65	0	0	
65	0	0	
65	0	0	
65	0	0	
65	0	0	
65	0	0	
65	3.75	1.25	
65	6.25	1.25	
65	8.75	3.75	
65	12.5	3.75	
65	20	5	
65	33.75	5	
65	37.5	5	
65	43.75	7.5	
65	55	8.75	
65	61.25	8.75	
65	76.25	12.5	
65	86.25	16.25	
65	93.75	18.75	
65	108.75	22.5	
65	123.75	23.75	
65	142.5	27.5	
65	162.5	31.25	
65	172.5	35	
65	182.5	37.5	
65	192.5	38.75	
65	210	42.5	
65	227.5	46.25	
65	235	46.25	
65	242.5	48.75	
65	253.75	50	
65	266.25	48.75	
65	268.75	46.25	
65	272.5	48.75	
65	278.75	46.25	
65	281.25	48.75	
65	285	50	
65	286.25	50	
65	286.25	50	
65	288.75	50	
65	288.75	50	
65	290	50	
65	290	50	
65	290	50	
65	290	50	
65	290	50	
65	290	50	
65	290	50	
65	290	50	
65	290	50	
65	290	50	
65	292.5	53.75	
65	295	56.25	
65	296.25	57.5	
65	298.75	57.5	
66	0	0	
66	0	0	
66	0	0	
66	0	0	
66	0	0	
66	0	0	
66	0	0	
66	0	0	
66	0	0	
66	0	0	
66	0	0	
66	0	0	
66	0	0	
66	0	0	
66	0	0	
66	0	0	
66	0	0	
66	0	0	
66	0	0	
66	0	0	
66	0	0	
66	0	0	
66	0	0	
66	0	0	
66	0	0	
66	0	0	
66	0	0	
66	0	0	
66	0	0	
66	0	0	
66	0	0	
66	2.5	1.25	
66	3.75	1.25	
66	3.75	3.75	
66	5	3.75	
66	8.75	7.5	
66	10	7.5	
66	11.25	8.75	
66	13.75	8.75	
66	17.5	12.5	
66	22.5	16.25	
66	30	20	
66	32.5	23.75	
66	40	27.5	
66	43.75	27.5	
66	55	35	
66	60	35	
66	65	35	
66	70	38.75	
66	80	41.25	
66	88.75	42.5	
66	98.75	46.25	
66	103.75	50	
66	113.75	53.75	
66	118.75	53.75	
66	131.25	57.5	
66	131.25	57.5	
66	131.25	57.5	
66	131.25	57.5	
66	131.25	57.5	
66	156.25	60	
66	156.25	60	
66	156.25	60	
66	156.25	60	
66	156.25	60	
66	186.25	56.25	
66	190	56.25	
66	196.25	56.25	
66	200	56.25	
66	203.75	56.25	
66	212.5	56.25	
66	218.75	57.5	
66	221.25	57.5	
66	223.75	57.5	
67	0	0	
67	0	0	
67	0	0	
67	0	0	
67	0	0	
67	0	0	
67	0	0	
67	0	0	
67	0	0	
67	0	0	
67	0	0	
67	0	0	
67	0	0	
67	0	0	
67	0	0	
67	0	0	
67	0	0	
67	0	0	
67	0	0	
67	0	0	
67	0	0	
67	0	0	
67	0	0	
67	0	0	
67	0	0	
67	1.25	0	
67	3.75	2.5	
67	5	2.5	
67	6.25	2.5	
67	8.75	3.75	
67	18.75	7.5	
67	22.5	10	
67	26.25	11.25	
67	37.5	18.75	
67	43.75	22.5	
67	66.25	33.75	
67	82.5	41.25	
67	90	45	
67	97.5	47.5	
67	103.75	48.75	
67	126.25	52.5	
67	133.75	56.25	
67	143.75	60	
67	162.5	66.25	
67	172.5	70	
67	198.75	75	
67	206.25	78.75	
67	220	81.25	
67	226.25	82.5	
67	232.5	82.5	
67	248.75	86.25	
67	252.5	86.25	
67	256.25	86.25	
67	263.75	85	
67	267.5	85	
67	278.75	85	
67	281.25	85	
67	285	85	
67	287.5	85	
67	288.75	85	
67	293.75	86.25	
67	295	86.25	
67	295	86.25	
67	297.5	86.25	
67	298.75	86.25	
67	301.25	88.75	
67	302.5	88.75	
67	302.5	88.75	
67	302.5	88.75	
67	303.75	88.75	
67	303.75	88.75	
67	303.75	88.75	
67	303.75	88.75	
67	303.75	88.75	
68	0	0	
68	0	0	
68	0	0	
68	0	0	
68	0	0	
68	0	0	
68	0	0	
68	0	0	
68	0	0	
68	0	0	
68	0	0	
68	0	0	
68	0	0	
68	0	-2.5	
68	0	-2.5	
68	0	-2.5	
68	0	-2.5	
68	0	-2.5	
68	0	-2.5	
68	0	-2.5	
68	0	-2.5	
68	0	-2.5	
68	0	-2.5	
68	0	-2.5	
68	0	-3.75	
68	0	-2.5	
68	0	-2.5	
68	0	-3.75	
68	0	-3.75	
68	1.25	-3.75	
68	0	-3.75	
68	0	-3.75	
68	0	-3.75	
68	0	-3.75	
68	0	-3.75	
68	0	-3.75	
68	0	-3.75	
68	0	-3.75	
68	1.25	-3.75	
68	2.5	-3.75	
68	2.5	-3.75	
68	2.5	-3.75	
68	2.5	-3.75	
68	3.75	-3.75	
68	3.75	-3.75	
68	3.75	-3.75	
68	3.75	-3.75	
68	3.75	-3.75	
68	3.75	-6.25	
68	3.75	-6.25	
68	3.75	-6.25	
68	3.75	-6.25	
68	3.75	-6.25	
68	3.75	-6.25	
68	3.75	-6.25	
68	3.75	-6.25	
68	3.75	-6.25	
68	3.75	-6.25	
68	5	-3.75	
68	7.5	-3.75	
68	11.25	-2.5	
68	12.5	-2.5	
68	17.5	-2.5	
68	20	0	
68	22.5	1.25	
68	33.75	5	
68	38.75	5	
68	43.75	7.5	
68	52.5	8.75	
68	62.5	12.5	
68	73.75	12.5	
68	81.25	12.5	
68	95	15	
68	102.5	16.25	
69	0	0	
69	0	2.5	
69	0	2.5	
69	0	2.5	
69	0	2.5	
69	0	2.5	
69	0	2.5	
69	0	2.5	
69	0	2.5	
69	0	2.5	
69	0	2.5	
69	0	2.5	
69	0	2.5	
69	0	2.5	
69	0	2.5	
69	0	2.5	
69	0	2.5	
69	0	2.5	
69	0	2.5	
69	0	3.75	
69	1.25	3.75	
69	2.5	3.75	
69	3.75	6.25	
69	5	7.5	
69	6.25	7.5	
69	10	10	
69	11.25	11.25	
69	12.5	11.25	
69	16.25	11.25	
69	21.25	15	
69	26.25	18.75	
69	37.5	26.25	
69	50	33.75	
69	57.5	37.5	
69	65	41.25	
69	88.75	52.5	
69	98.75	56.25	
69	107.5	58.75	
69	126.25	63.75	
69	136.25	67.5	
69	158.75	75	
69	171.25	78.75	
69	196.25	88.75	
69	208.75	93.75	
69	220	97.5	
69	246.25	105	
69	252.5	107.5	
69	258.75	108.75	
69	270	112.5	
69	275	112.5	
69	281.25	112.5	
69	287.5	112.5	
69	293.75	115	
69	296.25	116.25	
69	300	116.25	
69	307.5	118.75	
69	308.75	120	
69	310	120	
69	311.25	120	
69	312.5	120	
69	315	122.5	
69	318.75	123.75	
69	320	123.75	
69	320	123.75	
69	320	123.75	
69	320	123.75	
69	320	123.75	
69	320	123.75	
69	320	123.75	
69	320	123.75	
69	320	123.75	
69	320	123.75	
69	320	123.75	
69	320	123.75	
70	0	0	
70	0	0	
70	0	0	
70	0	0	
70	0	0	
70	0	0	
70	0	0	
70	0	0	
70	0	0	
70	0	0	
70	0	0	
70	0	0	
70	0	0	
70	0	0	
70	0	0	
70	0	0	
70	0	0	
70	0	0	
70	0	0	
70	0	0	
70	1.25	0	
70	3.75	0	
70	6.25	0	
70	8.75	2.5	
70	12.5	3.75	
70	25	7.5	
70	35	10	
70	41.25	11.25	
70	46.25	11.25	
70	53.75	15	
70	78.75	22.5	
70	88.75	28.75	
70	110	37.5	
70	118.75	41.25	
70	128.75	45	
70	155	51.25	
70	175	56.25	
70	186.25	60	
70	196.25	63.75	
70	206.25	67.5	
70	226.25	71.25	
70	231.25	73.75	
70	233.75	75	
70	233.75	75	
70	233.75	75	
70	233.75	75	
70	233.75	75	
70	233.75	75	
70	233.75	75	
70	233.75	75	
70	233.75	75	
70	233.75	75	
70	233.75	75	
70	233.75	75	
70	233.75	75	
70	233.75	75	
70	233.75	75	
70	233.75	75	
70	233.75	75	
70	233.75	75	
70	233.75	75	
70	233.75	75	
70	233.75	75	
70	233.75	75	
70	233.75	75	
70	233.75	75	
70	233.75	75	
70	233.75	75	
70	233.75	75	
70	233.75	75	
70	233.75	75	
70	233.75	75	
70	233.75	75	
70	233.75	75	
71	0	0	
71	0	0	
71	0	0	
71	0	0	
71	0	0	
71	0	0	
71	0	0	
71	0	0	
71	0	0	
71	0	0	
71	0	0	
71	0	0	
71	0	0	
71	0	0	
71	0	0	
71	0	0	
71	0	0	
71	0	0	
71	0	0	
71	0	0	
71	0	0	
71	0	0	
71	1.25	0	
71	2.5	0	
71	3.75	2.5	
71	11.25	7.5	
71	15	7.5	
71	18.75	11.25	
71	23.75	15	
71	35	18.75	
71	53.75	26.25	
71	61.25	30	
71	68.75	33.75	
71	77.5	37.5	
71	95	43.75	
71	112.5	48.75	
71	121.25	52.5	
71	141.25	60	
71	151.25	63.75	
71	172.5	73.75	
71	201.25	86.25	
71	207.5	88.75	
71	213.75	90	
71	218.75	90	
71	225	93.75	
71	231.25	93.75	
71	233.75	93.75	
71	240	93.75	
71	241.25	96.25	
71	243.75	93.75	
71	246.25	96.25	
71	247.5	96.25	
71	247.5	96.25	
71	247.5	96.25	
71	247.5	96.25	
71	247.5	96.25	
71	247.5	96.25	
71	247.5	96.25	
71	247.5	96.25	
71	247.5	96.25	
71	247.5	96.25	
71	247.5	96.25	
71	247.5	96.25	
71	247.5	96.25	
71	247.5	96.25	
71	247.5	96.25	
71	247.5	96.25	
71	247.5	96.25	
71	247.5	96.25	
71	247.5	96.25	
71	247.5	96.25	
71	247.5	96.25	
71	247.5	96.25	
71	247.5	96.25	
72	0	0	
72	0	0	
72	0	0	
72	0	0	
72	0	0	
72	0	0	
72	0	0	
72	0	0	
72	0	0	
72	0	0	
72	0	0	
72	0	0	
72	0	0	
72	0	0	
72	0	0	
72	0	0	
72	0	0	
72	-1.25	0	
72	-1.25	0	
72	-1.25	0	
72	-1.25	0	
72	-1.25	0	
72	-1.25	0	
72	0	0	
72	3.75	2.5	
72	7.5	3.75	
72	12.5	7.5	
72	13.75	7.5	
72	16.25	10	
72	18.75	10	
72	26.25	13.75	
72	30	15	
72	37.5	17.5	
72	41.25	18.75	
72	50	21.25	
72	60	22.5	
72	71.25	26.25	
72	78.75	30	
72	86.25	33.75	
72	93.75	36.25	
72	118.75	45	
72	126.25	48.75	
72	141.25	52.5	
72	148.75	56.25	
72	165	63.75	
72	182.5	71.25	
72	198.75	78.75	
72	205	78.75	
72	211.25	82.5	
72	216.25	82.5	
72	232.5	90	
72	235	90	
72	241.25	93.75	
72	243.75	93.75	
72	245	93.75	
72	247.5	93.75	
72	247.5	93.75	
72	247.5	93.75	
72	247.5	93.75	
72	247.5	93.75	
72	247.5	93.75	
72	247.5	93.75	
72	247.5	93.75	
72	248.75	93.75	
72	248.75	93.75	
72	248.75	93.75	
72	248.75	93.75	
72	248.75	93.75	
72	248.75	93.75	
72	248.75	93.75	
72	248.75	93.75	
72	248.75	93.75	
72	248.75	93.75	
72	248.75	93.75	
73	0	0	
73	0	0	
73	0	0	
73	0	0	
73	0	0	
73	0	0	
73	0	0	
73	0	0	
73	0	0	
73	0	0	
73	0	0	
73	0	0	
73	0	0	
73	0	0	
73	0	-2.5	
73	0	-2.5	
73	0	-2.5	
73	0	-2.5	
73	0	-2.5	
73	0	-2.5	
73	0	-2.5	
73	0	-2.5	
73	0	-2.5	
73	0	-2.5	
73	0	-2.5	
73	0	-2.5	
73	0	-2.5	
73	0	-2.5	
73	0	-2.5	
73	2.5	1.25	
73	6.25	1.25	
73	12.5	5	
73	16.25	7.5	
73	21.25	8.75	
73	27.5	12.5	
73	58.75	27.5	
73	66.25	31.25	
73	66.25	31.25	
73	87.5	38.75	
73	97.5	41.25	
73	117.5	45	
73	138.75	50	
73	151.25	53.75	
73	165	60	
73	176.25	65	
73	205	72.5	
73	221.25	72.5	
73	228.75	72.5	
73	236.25	72.5	
73	243.75	72.5	
73	262.5	72.5	
73	267.5	72.5	
73	276.25	68.75	
73	281.25	68.75	
73	285	68.75	
73	298.75	68.75	
73	308.75	71.25	
73	313.75	72.5	
73	317.5	72.5	
73	321.25	72.5	
73	326.25	75	
73	327.5	75	
73	328.75	75	
73	328.75	75	
73	328.75	75	
73	330	72.5	
73	330	72.5	
73	330	72.5	
73	330	72.5	
73	330	72.5	
73	330	72.5	
73	330	72.5	
73	330	72.5	
73	330	72.5	
74	0	0	
74	0	0	
74	0	0	
74	0	0	
74	0	0	
74	0	0	
74	0	0	
74	0	0	
74	0	0	
74	0	0	
74	0	0	
74	0	0	
74	0	0	
74	0	0	
74	0	0	
74	0	1.25	
74	0	1.25	
74	0	1.25	
74	0	1.25	
74	0	1.25	
74	0	1.25	
74	0	1.25	
74	0	1.25	
74	0	1.25	
74	0	1.25	
74	0	1.25	
74	0	1.25	
74	0	1.25	
74	0	1.25	
74	0	1.25	
74	2.5	1.25	
74	3.75	3.75	
74	6.25	3.75	
74	11.25	5	
74	15	5	
74	25	8.75	
74	28.75	11.25	
74	33.75	12.5	
74	38.75	12.5	
74	50	15	
74	70	20	
74	78.75	23.75	
74	86.25	23.75	
74	101.25	27.5	
74	110	27.5	
74	133.75	31.25	
74	142.5	33.75	
74	151.25	35	
74	160	38.75	
74	175	38.75	
74	196.25	41.25	
74	203.75	41.25	
74	212.5	41.25	
74	228.75	42.5	
74	235	42.5	
74	246.25	42.5	
74	252.5	42.5	
74	256.25	42.5	
74	260	45	
74	265	46.25	
74	278.75	52.5	
74	282.5	53.75	
74	286.25	56.25	
74	293.75	57.5	
74	297.5	60	
74	305	61.25	
74	312.5	63.75	
74	315	63.75	
74	321.25	63.75	
74	323.75	63.75	
74	328.75	63.75	
74	330	63.75	
74	330	63.75	
74	331.25	63.75	
75	0	0	
75	0	0	
75	0	0	
75	0	0	
75	0	0	
75	0	0	
75	0	0	
75	0	0	
75	0	0	
75	0	0	
75	0	0	
75	0	0	
75	0	0	
75	0	0	
75	0	0	
75	0	0	
75	0	0	
75	0	-2.5	
75	0	-2.5	
75	0	-2.5	
75	0	-2.5	
75	0	-2.5	
75	0	0	
75	0	1.25	
75	0	1.25	
75	1.25	1.25	
75	1.25	1.25	
75	1.25	1.25	
75	1.25	1.25	
75	2.5	1.25	
75	2.5	1.25	
75	2.5	3.75	
75	3.75	3.75	
75	5	3.75	
75	6.25	5	
75	10	5	
75	10	5	
75	10	5	
75	10	5	
75	10	5	
75	10	5	
75	10	5	
75	41.25	15	
75	43.75	15	
75	48.75	15	
75	63.75	16.25	
75	70	16.25	
75	76.25	16.25	
75	91.25	20	
75	97.5	20	
75	111.25	22.5	
75	126.25	23.75	
75	138.75	23.75	
75	138.75	23.75	
75	147.5	27.5	
75	170	35	
75	177.5	38.75	
75	183.75	41.25	
75	195	42.5	
75	200	42.5	
75	210	45	
75	222.5	46.25	
75	236.25	50	
75	236.25	50	
75	250	52.5	
75	260	53.75	
75	265	52.5	
75	273.75	53.75	
75	277.5	53.75	
75	282.5	53.75	
75	288.75	56.25	
75	296.25	53.75	
75	301.25	56.25	
75	305	56.25	
76	0	0	
76	0	0	
76	0	0	
76	0	0	
76	0	0	
76	0	0	
76	0	0	
76	0	0	
76	0	0	
76	0	0	
76	0	0	
76	0	0	
76	0	0	
76	-1.25	1.25	
76	-1.25	1.25	
76	-1.25	1.25	
76	-1.25	1.25	
76	-1.25	1.25	
76	-1.25	1.25	
76	-1.25	1.25	
76	-1.25	0	
76	-2.5	1.25	
76	-2.5	1.25	
76	-2.5	0	
76	-2.5	0	
76	-2.5	0	
76	-2.5	0	
76	-2.5	0	
76	-1.25	1.25	
76	-1.25	1.25	
76	5	5	
76	7.5	5	
76	11.25	5	
76	18.75	5	
76	22.5	7.5	
76	36.25	8.75	
76	42.5	11.25	
76	53.75	15	
76	60	16.25	
76	65	18.75	
76	86.25	26.25	
76	93.75	27.5	
76	101.25	31.25	
76	115	35	
76	121.25	35	
76	140	35	
76	145	35	
76	157.5	35	
76	163.75	35	
76	170	35	
76	187.5	35	
76	192.5	35	
76	198.75	35	
76	210	38.75	
76	215	38.75	
76	230	38.75	
76	235	38.75	
76	245	37.5	
76	250	35	
76	255	35	
76	267.5	35	
76	271.25	35	
76	275	35	
76	278.75	35	
76	285	38.75	
76	296.25	42.5	
76	300	45	
76	305	46.25	
76	307.5	46.25	
76	310	46.25	
76	321.25	50	
76	323.75	50	
76	327.5	50	
76	330	50	
77	0	0	
77	0	0	
77	0	0	
77	0	0	
77	0	0	
77	0	0	
77	0	0	
77	0	0	
77	0	0	
77	0	0	
77	0	0	
77	0	0	
77	0	0	
77	0	0	
77	0	0	
77	0	0	
77	0	0	
77	0	0	
77	0	0	
77	0	0	
77	0	0	
77	0	0	
77	0	0	
77	0	0	
77	0	0	
77	0	0	
77	0	0	
77	0	0	
77	0	0	
77	0	2.5	
77	3.75	3.75	
77	6.25	6.25	
77	10	7.5	
77	11.25	7.5	
77	15	10	
77	23.75	11.25	
77	27.5	13.75	
77	31.25	13.75	
77	40	15	
77	45	15	
77	61.25	15	
77	67.5	17.5	
77	81.25	18.75	
77	88.75	21.25	
77	96.25	22.5	
77	120	26.25	
77	127.5	26.25	
77	127.5	26.25	
77	143.75	26.25	
77	158.75	22.5	
77	172.5	18.75	
77	178.75	18.75	
77	192.5	17.5	
77	198.75	15	
77	206.25	15	
77	225	18.75	
77	231.25	18.75	
77	237.5	21.25	
77	250	26.25	
77	260	30	
77	268.75	33.75	
77	273.75	36.25	
77	282.5	37.5	
77	287.5	37.5	
77	292.5	41.25	
77	306.25	47.5	
77	310	48.75	
77	313.75	48.75	
77	320	52.5	
77	326.25	56.25	
77	333.75	60	
77	336.25	60	
77	341.25	62.5	
77	342.5	63.75	
78	0	0	
78	0	0	
78	0	0	
78	0	0	
78	0	0	
78	0	0	
78	0	0	
78	0	0	
78	0	0	
78	0	0	
78	0	0	
78	0	0	
78	0	0	
78	0	0	
78	0	0	
78	0	-2.5	
78	0	-2.5	
78	0	-2.5	
78	0	-2.5	
78	0	-2.5	
78	0	-2.5	
78	0	-2.5	
78	0	-2.5	
78	0	-2.5	
78	0	-2.5	
78	0	-2.5	
78	0	-2.5	
78	0	-2.5	
78	0	-2.5	
78	0	-2.5	
78	0	-2.5	
78	0	-2.5	
78	0	-2.5	
78	0	-2.5	
78	0	-2.5	
78	0	-2.5	
78	0	-2.5	
78	0	-2.5	
78	1.25	-2.5	
78	3.75	-2.5	
78	7.5	-2.5	
78	11.25	0	
78	13.75	-2.5	
78	20	0	
78	22.5	0	
78	36.25	1.25	
78	42.5	1.25	
78	47.5	3.75	
78	53.75	5	
78	66.25	7.5	
78	82.5	8.75	
78	90	12.5	
78	107.5	16.25	
78	123.75	20	
78	131.25	20	
78	153.75	20	
78	161.25	20	
78	170	20	
78	178.75	20	
78	196.25	22.5	
78	216.25	23.75	
78	231.25	26.25	
78	238.75	27.5	
78	251.25	30	
78	257.5	31.25	
78	272.5	35	
78	285	38.75	
78	290	38.75	
78	296.25	38.75	
78	303.75	38.75	
78	311.25	37.5	
78	317.5	35	
78	320	35	
78	323.75	35	
79	0	0	
79	0	0	
79	0	0	
79	0	0	
79	0	0	
79	0	0	
79	0	0	
79	0	0	
79	0	0	
79	0	0	
79	0	0	
79	0	0	
79	0	0	
79	0	0	
79	0	0	
79	0	0	
79	0	0	
79	0	0	
79	0	0	
79	0	0	
79	0	0	
79	0	0	
79	0	0	
79	0	0	
79	0	0	
79	0	0	
79	0	0	
79	0	0	
79	1.25	2.5	
79	3.75	3.75	
79	8.75	6.25	
79	11.25	7.5	
79	17.5	7.5	
79	22.5	7.5	
79	26.25	7.5	
79	40	11.25	
79	53.75	11.25	
79	60	13.75	
79	67.5	15	
79	76.25	15	
79	103.75	21.25	
79	112.5	22.5	
79	121.25	25	
79	137.5	26.25	
79	146.25	26.25	
79	171.25	30	
79	180	30	
79	195	30	
79	201.25	30	
79	208.75	28.75	
79	225	28.75	
79	233.75	28.75	
79	241.25	30	
79	247.5	30	
79	258.75	30	
79	272.5	32.5	
79	276.25	32.5	
79	280	33.75	
79	288.75	33.75	
79	292.5	33.75	
79	302.5	36.25	
79	306.25	37.5	
79	307.5	37.5	
79	310	37.5	
79	316.25	37.5	
79	321.25	37.5	
79	321.25	37.5	
79	323.75	37.5	
79	323.75	37.5	
79	323.75	37.5	
79	323.75	37.5	
79	323.75	37.5	
79	323.75	37.5	
79	323.75	37.5	
80	0	0	
80	0	0	
80	0	0	
80	0	0	
80	0	0	
80	0	0	
80	0	0	
80	-1.25	0	
80	-1.25	0	
80	-1.25	0	
80	-1.25	0	
80	-1.25	0	
80	-1.25	0	
80	-1.25	0	
80	-1.25	2.5	
80	-1.25	0	
80	-1.25	0	
80	-1.25	0	
80	-2.5	0	
80	-2.5	0	
80	-2.5	0	
80	-2.5	0	
80	-2.5	0	
80	-2.5	0	
80	-2.5	0	
80	-2.5	0	
80	-1.25	0	
80	0	0	
80	3.75	2.5	
80	8.75	3.75	
80	15	3.75	
80	21.25	3.75	
80	23.75	3.75	
80	27.5	3.75	
80	32.5	3.75	
80	46.25	10	
80	52.5	11.25	
80	57.5	11.25	
80	70	15	
80	82.5	18.75	
80	96.25	22.5	
80	105	26.25	
80	123.75	36.25	
80	132.5	40	
80	141.25	41.25	
80	155	41.25	
80	167.5	41.25	
80	173.75	37.5	
80	187.5	37.5	
80	195	37.5	
80	216.25	37.5	
80	222.5	37.5	
80	227.5	40	
80	237.5	40	
80	243.75	41.25	
80	256.25	45	
80	266.25	48.75	
80	270	48.75	
80	276.25	51.25	
80	278.75	51.25	
80	286.25	51.25	
80	290	51.25	
80	292.5	52.5	
80	297.5	52.5	
80	298.75	52.5	
80	303.75	52.5	
80	307.5	52.5	
80	312.5	55	
80	315	55	
80	316.25	56.25	
80	318.75	56.25	
80	318.75	56.25	
80	318.75	56.25	
80	318.75	56.25	
81	0	0	
81	0	0	
81	0	0	
81	0	0	
81	0	0	
81	0	0	
81	0	0	
81	0	0	
81	0	0	
81	0	0	
81	0	0	
81	0	0	
81	0	0	
81	0	0	
81	0	0	
81	0	0	
81	0	0	
81	0	0	
81	0	0	
81	0	0	
81	0	0	
81	0	0	
81	0	0	
81	0	0	
81	0	0	
81	0	0	
81	1.25	0	
81	1.25	0	
81	5	3.75	
81	6.25	3.75	
81	10	3.75	
81	15	6.25	
81	21.25	7.5	
81	25	10	
81	28.75	11.25	
81	43.75	15	
81	50	18.75	
81	56.25	22.5	
81	71.25	28.75	
81	80	33.75	
81	100	41.25	
81	122.5	52.5	
81	133.75	56.25	
81	143.75	60	
81	152.5	63.75	
81	180	75	
81	191.25	78.75	
81	202.5	82.5	
81	225	92.5	
81	235	93.75	
81	256.25	100	
81	261.25	101.25	
81	268.75	100	
81	272.5	97.5	
81	275	97.5	
81	282.5	96.25	
81	285	93.75	
81	286.25	93.75	
81	291.25	96.25	
81	292.5	97.5	
81	296.25	97.5	
81	296.25	97.5	
81	296.25	97.5	
81	296.25	97.5	
81	297.5	97.5	
81	300	97.5	
81	301.25	100	
81	302.5	100	
81	306.25	101.25	
81	307.5	103.75	
81	311.25	105	
81	312.5	105	
81	312.5	105	
81	312.5	105	
82	0	0	
82	0	0	
82	0	0	
82	0	0	
82	0	0	
82	0	0	
82	0	0	
82	0	0	
82	0	0	
82	0	0	
82	0	0	
82	0	0	
82	0	0	
82	0	0	
82	0	0	
82	0	0	
82	0	0	
82	0	0	
82	0	0	
82	0	0	
82	0	0	
82	0	0	
82	0	0	
82	0	0	
82	0	0	
82	0	0	
82	0	0	
82	0	0	
82	0	0	
82	0	0	
82	1.25	0	
82	1.25	0	
82	2.5	-1.25	
82	3.75	-1.25	
82	3.75	-3.75	
82	3.75	-3.75	
82	3.75	-3.75	
82	5	-3.75	
82	5	-3.75	
82	5	-3.75	
82	5	-3.75	
82	6.25	-3.75	
82	6.25	-1.25	
82	10	0	
82	15	3.75	
82	21.25	7.5	
82	23.75	7.5	
82	31.25	11.25	
82	35	11.25	
82	40	13.75	
82	56.25	15	
82	62.5	17.5	
82	70	18.75	
82	85	22.5	
82	101.25	28.75	
82	116.25	32.5	
82	122.5	33.75	
82	131.25	37.5	
82	141.25	41.25	
82	158.75	51.25	
82	175	56.25	
82	180	58.75	
82	190	63.75	
82	197.5	63.75	
82	200	63.75	
82	206.25	63.75	
82	212.5	63.75	
82	215	63.75	
82	217.5	66.25	
82	220	66.25	
82	226.25	67.5	
82	227.5	67.5	
82	231.25	67.5	
82	233.75	70	
83	0	0	
83	0	0	
83	0	0	
83	0	0	
83	0	0	
83	0	0	
83	0	0	
83	0	0	
83	0	0	
83	0	0	
83	0	0	
83	0	0	
83	0	0	
83	0	0	
83	0	0	
83	0	0	
83	0	0	
83	0	0	
83	0	0	
83	0	0	
83	0	0	
83	0	0	
83	0	0	
83	0	0	
83	0	0	
83	0	0	
83	0	0	
83	0	0	
83	0	0	
83	0	0	
83	0	0	
83	0	0	
83	0	0	
83	0	0	
83	0	0	
83	0	0	
83	0	0	
83	1.25	0	
83	2.5	0	
83	5	0	
83	10	0	
83	17.5	0	
83	22.5	0	
83	27.5	0	
83	32.5	0	
83	56.25	3.75	
83	63.75	7.5	
83	82.5	11.25	
83	91.25	11.25	
83	107.5	15	
83	125	18.75	
83	146.25	26.25	
83	156.25	30	
83	166.25	33.75	
83	178.75	37.5	
83	197.5	45	
83	215	52.5	
83	223.75	56.25	
83	238.75	63.75	
83	246.25	67.5	
83	265	77.5	
83	270	78.75	
83	272.5	78.75	
83	275	81.25	
83	277.5	82.5	
83	280	82.5	
83	280	82.5	
83	280	82.5	
83	280	82.5	
83	280	82.5	
83	280	82.5	
83	280	82.5	
83	280	82.5	
83	280	82.5	
