Trial	X	Y
1	0	0	
1	0	0	
1	0	0	
1	0	0	
1	0	0	
1	0	0	
1	0	0	
1	0	0	
1	0	0	
1	0	0	
1	0	0	
1	0	0	
1	0	0	
1	0	0	
1	0	0	
1	0	0	
1	0	0	
1	0	0	
1	0	0	
1	0	0	
1	0	0	
1	0	0	
1	0	0	
1	0	0	
1	0	0	
1	0	0	
1	0	0	
1	0	0	
1	0	0	
1	0	0	
1	0	0	
1	0	0	
1	0	0	
1	0	0	
1	0	0	
1	0	0	
1	0	0	
1	0	0	
1	0	0	
1	0	0	
1	0	0	
1	0	0	
1	0	0	
1	0	0	
1	0	0	
1	0	0	
1	0	0	
1	0	0	
1	0	0	
1	0	0	
1	0	0	
1	0	0	
1	0	0	
1	0	0	
1	0	0	
1	0	0	
1	0	0	
1	0	0	
1	0	0	
1	0	0	
1	0	0	
1	0	0	
1	0	0	
1	0	0	
1	0	0	
1	0	0	
1	0	0	
1	0	0	
1	0	0	
1	0	0	
1	0	0	
1	0	0	
1	0	0	
1	0	0	
2	0	0	
2	0	0	
2	0	0	
2	0	0	
2	0	0	
2	0	0	
2	0	0	
2	0	0	
2	0	0	
2	0	0	
2	0	0	
2	0	0	
2	0	0	
2	0	0	
2	0	0	
2	0	0	
2	0	0	
2	0	0	
2	0	0	
2	0	0	
2	0	0	
2	0	0	
2	0	0	
2	0	0	
2	0	0	
2	0	0	
2	0	0	
2	0	0	
2	0	0	
2	0	0	
2	0	0	
2	0	0	
2	0	0	
2	0	0	
2	0	0	
2	0	0	
2	0	0	
2	0	0	
2	0	0	
2	0	0	
2	0	0	
2	0	0	
2	0	0	
2	0	0	
2	0	0	
2	0	0	
2	0	0	
2	0	0	
2	0	0	
2	0	0	
2	0	0	
2	0	0	
2	0	0	
2	0	0	
2	0	0	
2	0	0	
2	0	0	
2	0	0	
2	0	0	
2	0	0	
2	0	0	
2	0	0	
2	0	0	
2	0	0	
2	0	0	
2	0	0	
2	0	0	
2	0	0	
2	0	0	
2	0	0	
2	0	0	
2	0	0	
2	0	0	
2	0	0	
Trial	X	Y
1	0	0	
1	0	0	
1	0	0	
1	0	0	
1	0	0	
1	0	0	
1	0	0	
1	0	0	
1	0	0	
1	0	0	
1	0	0	
1	0	0	
1	0	0	
1	0	0	
1	0	0	
1	0	0	
1	0	0	
1	0	0	
1	0	0	
1	0	0	
1	0	0	
1	0	0	
1	0	0	
1	0	0	
1	0	0	
1	0	0	
1	0	0	
1	0	0	
1	0	0	
1	0	0	
1	0	0	
1	0	0	
1	0	0	
1	0	0	
1	0	2.5	
1	1.25	2.5	
1	6.25	3.75	
1	7.5	3.75	
1	11.25	6.25	
1	12.5	6.25	
1	18.75	7.5	
1	23.75	10	
1	26.25	11.25	
1	32.5	11.25	
1	33.75	13.75	
1	40	13.75	
1	46.25	13.75	
1	51.25	15	
1	55	15	
1	58.75	13.75	
1	66.25	13.75	
1	72.5	13.75	
1	75	13.75	
1	81.25	13.75	
1	85	13.75	
1	88.75	13.75	
1	92.5	15	
1	95	13.75	
1	96.25	13.75	
1	97.5	13.75	
1	101.25	11.25	
1	103.75	11.25	
1	105	11.25	
1	108.75	11.25	
1	111.25	11.25	
1	112.5	10	
1	120	11.25	
1	125	11.25	
1	128.75	11.25	
1	131.25	11.25	
1	136.25	11.25	
1	142.5	10	
1	145	10	
1	152.5	10	
2	0	0	
2	0	0	
2	0	0	
2	0	0	
2	0	0	
2	0	0	
2	0	0	
2	0	0	
2	0	0	
2	0	0	
2	0	0	
2	0	0	
2	0	0	
2	0	0	
2	0	0	
2	0	0	
2	0	0	
2	0	0	
2	0	0	
2	0	0	
2	0	0	
2	0	0	
2	2.5	0	
2	8.75	2.5	
2	18.75	2.5	
2	25	3.75	
2	32.5	3.75	
2	40	3.75	
2	65	2.5	
2	73.75	2.5	
2	82.5	0	
2	102.5	0	
2	113.75	0	
2	148.75	0	
2	161.25	0	
2	185	0	
2	197.5	0	
2	210	0	
2	252.5	-5	
2	266.25	-5	
2	281.25	-5	
2	310	-8.75	
2	323.75	-8.75	
2	323.75	-8.75	
2	323.75	-8.75	
2	323.75	-8.75	
2	323.75	-8.75	
2	323.75	-8.75	
2	323.75	-8.75	
2	323.75	-8.75	
2	323.75	-8.75	
2	323.75	-8.75	
2	323.75	-8.75	
2	323.75	-8.75	
2	323.75	-8.75	
2	323.75	-8.75	
2	323.75	-8.75	
2	323.75	-8.75	
2	323.75	-8.75	
2	323.75	-8.75	
2	323.75	-8.75	
2	323.75	-8.75	
2	323.75	-8.75	
2	323.75	-8.75	
2	323.75	-8.75	
2	323.75	-8.75	
2	323.75	-8.75	
2	323.75	-8.75	
2	323.75	-8.75	
2	323.75	-8.75	
2	323.75	-8.75	
2	323.75	-8.75	
2	323.75	-8.75	
2	323.75	-8.75	
3	0	0	
3	0	0	
3	0	0	
3	0	0	
3	0	0	
3	0	0	
3	0	0	
3	0	0	
3	0	0	
3	0	0	
3	0	0	
3	0	0	
3	0	0	
3	0	0	
3	0	0	
3	0	0	
3	0	0	
3	0	0	
3	0	0	
3	0	0	
3	0	0	
3	0	0	
3	0	0	
3	0	0	
3	0	0	
3	0	0	
3	0	0	
3	0	0	
3	0	0	
3	0	0	
3	0	0	
3	0	0	
3	1.25	0	
3	7.5	-3.75	
3	12.5	-3.75	
3	17.5	-3.75	
3	21.25	-3.75	
3	31.25	-3.75	
3	41.25	0	
3	53.75	0	
3	62.5	0	
3	77.5	0	
3	86.25	0	
3	113.75	-3.75	
3	122.5	-3.75	
3	131.25	-3.75	
3	138.75	-3.75	
3	152.5	1.25	
3	162.5	1.25	
3	172.5	5	
3	178.75	7.5	
3	193.75	11.25	
3	203.75	12.5	
3	237.5	18.75	
3	250	20	
3	262.5	22.5	
3	275	23.75	
3	297.5	23.75	
3	318.75	23.75	
3	328.75	23.75	
3	347.5	27.5	
3	347.5	27.5	
3	347.5	27.5	
3	347.5	27.5	
3	347.5	27.5	
3	347.5	27.5	
3	347.5	27.5	
3	347.5	27.5	
3	347.5	27.5	
3	347.5	27.5	
3	347.5	27.5	
3	347.5	27.5	
3	347.5	27.5	
3	347.5	27.5	
4	0	0	
4	0	0	
4	0	0	
4	0	0	
4	0	0	
4	0	0	
4	0	0	
4	0	0	
4	0	0	
4	0	0	
4	0	0	
4	0	0	
4	0	0	
4	0	0	
4	0	0	
4	0	0	
4	0	0	
4	0	0	
4	0	0	
4	0	0	
4	0	0	
4	0	0	
4	0	0	
4	0	0	
4	0	0	
4	0	0	
4	0	0	
4	0	0	
4	0	0	
4	0	0	
4	0	0	
4	0	0	
4	0	0	
4	1.25	2.5	
4	2.5	3.75	
4	3.75	3.75	
4	6.25	6.25	
4	12.5	7.5	
4	26.25	15	
4	31.25	17.5	
4	36.25	18.75	
4	50	22.5	
4	57.5	22.5	
4	81.25	28.75	
4	91.25	28.75	
4	100	30	
4	108.75	30	
4	128.75	30	
4	158.75	33.75	
4	168.75	30	
4	178.75	30	
4	198.75	28.75	
4	208.75	26.25	
4	235	22.5	
4	243.75	21.25	
4	251.25	18.75	
4	258.75	17.5	
4	273.75	13.75	
4	288.75	7.5	
4	293.75	7.5	
4	297.5	7.5	
4	302.5	7.5	
4	305	7.5	
4	310	6.25	
4	316.25	3.75	
4	320	2.5	
4	322.5	0	
4	331.25	-3.75	
4	342.5	-7.5	
4	346.25	-7.5	
4	348.75	-8.75	
4	348.75	-8.75	
4	348.75	-8.75	
4	348.75	-8.75	
5	0	0	
5	0	0	
5	0	0	
5	0	0	
5	0	0	
5	0	0	
5	0	0	
5	0	0	
5	0	0	
5	0	0	
5	0	0	
5	0	0	
5	0	0	
5	0	0	
5	0	0	
5	0	0	
5	0	0	
5	0	0	
5	0	0	
5	0	0	
5	0	0	
5	0	0	
5	0	0	
5	0	0	
5	0	0	
5	0	0	
5	0	0	
5	0	0	
5	1.25	1.25	
5	5	3.75	
5	7.5	3.75	
5	11.25	5	
5	15	5	
5	32.5	8.75	
5	46.25	12.5	
5	53.75	12.5	
5	61.25	15	
5	78.75	15	
5	96.25	16.25	
5	105	16.25	
5	122.5	16.25	
5	131.25	16.25	
5	140	16.25	
5	166.25	15	
5	175	15	
5	192.5	16.25	
5	200	16.25	
5	215	16.25	
5	230	16.25	
5	236.25	16.25	
5	248.75	16.25	
5	253.75	18.75	
5	260	18.75	
5	272.5	18.75	
5	277.5	18.75	
5	286.25	18.75	
5	288.75	18.75	
5	297.5	18.75	
5	306.25	18.75	
5	311.25	20	
5	320	18.75	
5	325	18.75	
5	330	18.75	
5	342.5	16.25	
5	346.25	16.25	
5	346.25	16.25	
5	346.25	16.25	
5	346.25	16.25	
5	346.25	16.25	
5	346.25	16.25	
5	346.25	16.25	
5	346.25	16.25	
5	346.25	16.25	
5	346.25	16.25	
6	0	0	
6	0	0	
6	0	0	
6	0	0	
6	0	0	
6	0	0	
6	0	0	
6	0	0	
6	0	0	
6	0	0	
6	0	0	
6	0	0	
6	0	0	
6	0	0	
6	0	0	
6	0	0	
6	0	0	
6	0	0	
6	0	0	
6	2.5	0	
6	5	0	
6	13.75	0	
6	25	2.5	
6	38.75	3.75	
6	46.25	3.75	
6	65	3.75	
6	75	3.75	
6	85	3.75	
6	117.5	2.5	
6	127.5	0	
6	138.75	0	
6	158.75	-3.75	
6	177.5	-7.5	
6	193.75	-8.75	
6	200	-11.25	
6	215	-11.25	
6	221.25	-11.25	
6	227.5	-12.5	
6	243.75	-12.5	
6	248.75	-12.5	
6	252.5	-12.5	
6	262.5	-11.25	
6	267.5	-11.25	
6	281.25	-8.75	
6	286.25	-8.75	
6	295	-7.5	
6	300	-7.5	
6	303.75	-7.5	
6	313.75	-5	
6	316.25	-5	
6	318.75	-3.75	
6	326.25	-3.75	
6	328.75	-3.75	
6	333.75	-1.25	
6	335	-1.25	
6	336.25	-1.25	
6	336.25	-1.25	
6	336.25	-1.25	
6	336.25	-1.25	
6	336.25	-1.25	
6	336.25	-1.25	
6	336.25	-1.25	
6	336.25	-1.25	
6	336.25	-1.25	
6	336.25	-1.25	
6	336.25	-1.25	
6	336.25	-1.25	
6	336.25	-1.25	
6	336.25	-1.25	
6	336.25	-1.25	
6	336.25	-1.25	
6	336.25	-1.25	
6	336.25	-1.25	
6	336.25	-1.25	
7	0	0	
7	0	0	
7	0	0	
7	0	0	
7	0	0	
7	0	0	
7	0	0	
7	0	0	
7	0	0	
7	0	0	
7	0	0	
7	0	0	
7	0	0	
7	0	0	
7	0	0	
7	0	0	
7	0	0	
7	0	0	
7	0	0	
7	2.5	0	
7	8.75	0	
7	13.75	0	
7	20	0	
7	42.5	0	
7	50	0	
7	58.75	2.5	
7	78.75	3.75	
7	90	3.75	
7	127.5	6.25	
7	141.25	7.5	
7	167.5	7.5	
7	181.25	7.5	
7	195	7.5	
7	236.25	10	
7	250	10	
7	262.5	11.25	
7	285	11.25	
7	296.25	11.25	
7	316.25	11.25	
7	335	11.25	
7	335	11.25	
7	335	11.25	
7	335	11.25	
7	335	11.25	
7	335	11.25	
7	335	11.25	
7	335	11.25	
7	335	11.25	
7	335	11.25	
7	335	11.25	
7	335	11.25	
7	335	11.25	
7	335	11.25	
7	335	11.25	
7	335	11.25	
7	335	11.25	
7	335	11.25	
7	335	11.25	
7	335	11.25	
7	335	11.25	
7	335	11.25	
7	335	11.25	
7	335	11.25	
7	335	11.25	
7	335	11.25	
7	335	11.25	
7	335	11.25	
7	335	11.25	
7	335	11.25	
7	335	11.25	
7	335	11.25	
7	335	11.25	
7	335	11.25	
7	335	11.25	
8	0	0	
8	0	0	
8	0	0	
8	0	0	
8	0	0	
8	0	0	
8	0	0	
8	0	0	
8	0	0	
8	0	0	
8	0	0	
8	0	0	
8	0	0	
8	0	0	
8	0	0	
8	0	0	
8	0	0	
8	0	0	
8	0	0	
8	0	0	
8	0	0	
8	0	0	
8	0	0	
8	0	0	
8	0	0	
8	0	0	
8	0	0	
8	0	0	
8	0	0	
8	2.5	0	
8	3.75	0	
8	6.25	0	
8	11.25	0	
8	17.5	2.5	
8	22.5	2.5	
8	33.75	3.75	
8	40	3.75	
8	53.75	6.25	
8	68.75	7.5	
8	86.25	7.5	
8	96.25	7.5	
8	106.25	7.5	
8	116.25	7.5	
8	145	7.5	
8	155	7.5	
8	175	6.25	
8	185	6.25	
8	195	6.25	
8	225	7.5	
8	242.5	7.5	
8	252.5	7.5	
8	261.25	7.5	
8	270	10	
8	296.25	11.25	
8	302.5	11.25	
8	315	13.75	
8	320	13.75	
8	323.75	13.75	
8	333.75	13.75	
8	338.75	11.25	
8	341.25	11.25	
8	343.75	11.25	
8	345	11.25	
8	348.75	10	
8	348.75	7.5	
8	348.75	7.5	
8	348.75	7.5	
8	348.75	7.5	
8	348.75	7.5	
8	348.75	7.5	
8	348.75	7.5	
8	348.75	7.5	
8	348.75	7.5	
8	348.75	7.5	
9	0	0	
9	0	0	
9	0	0	
9	0	0	
9	0	0	
9	0	0	
9	0	0	
9	0	0	
9	0	0	
9	0	0	
9	0	0	
9	0	0	
9	0	0	
9	0	0	
9	0	0	
9	0	0	
9	0	0	
9	0	0	
9	0	0	
9	0	0	
9	0	0	
9	0	0	
9	0	0	
9	0	0	
9	0	0	
9	0	0	
9	0	0	
9	0	0	
9	1.25	0	
9	3.75	2.5	
9	5	3.75	
9	8.75	3.75	
9	15	7.5	
9	23.75	10	
9	31.25	11.25	
9	36.25	11.25	
9	43.75	11.25	
9	48.75	10	
9	62.5	7.5	
9	67.5	7.5	
9	72.5	6.25	
9	77.5	6.25	
9	90	3.75	
9	102.5	2.5	
9	116.25	0	
9	122.5	0	
9	137.5	0	
9	145	0	
9	167.5	-1.25	
9	176.25	-1.25	
9	183.75	-3.75	
9	192.5	-3.75	
9	207.5	-3.75	
9	222.5	-3.75	
9	228.75	-3.75	
9	242.5	-3.75	
9	255	-3.75	
9	261.25	-3.75	
9	272.5	-3.75	
9	282.5	-3.75	
9	287.5	-3.75	
9	290	-1.25	
9	298.75	0	
9	307.5	0	
9	312.5	0	
9	321.25	0	
9	327.5	2.5	
9	330	0	
9	333.75	0	
9	336.25	0	
9	338.75	0	
9	340	0	
9	343.75	0	
9	345	0	
10	0	0	
10	0	0	
10	0	0	
10	0	0	
10	0	0	
10	0	0	
10	0	0	
10	0	0	
10	0	0	
10	0	0	
10	0	0	
10	0	0	
10	0	0	
10	0	0	
10	0	0	
10	0	0	
10	0	0	
10	0	0	
10	0	0	
10	0	0	
10	0	0	
10	0	0	
10	0	0	
10	0	0	
10	0	0	
10	0	0	
10	0	0	
10	0	0	
10	0	0	
10	0	0	
10	3.75	0	
10	7.5	2.5	
10	15	2.5	
10	21.25	0	
10	27.5	-1.25	
10	31.25	-3.75	
10	35	-3.75	
10	37.5	-3.75	
10	50	-7.5	
10	53.75	-8.75	
10	58.75	-11.25	
10	60	-11.25	
10	65	-11.25	
10	71.25	-11.25	
10	75	-11.25	
10	77.5	-8.75	
10	80	-8.75	
10	83.75	-7.5	
10	96.25	-5	
10	100	-5	
10	111.25	-7.5	
10	118.75	-7.5	
10	125	-7.5	
10	133.75	-7.5	
10	136.25	-7.5	
10	137.5	-7.5	
10	138.75	-7.5	
10	138.75	-7.5	
10	140	-7.5	
10	140	-7.5	
10	140	-7.5	
10	140	-7.5	
10	140	-7.5	
10	140	-7.5	
10	140	-7.5	
10	140	-7.5	
10	140	-7.5	
10	140	-7.5	
10	140	-7.5	
10	140	-7.5	
10	140	-7.5	
10	140	-7.5	
10	140	-7.5	
10	140	-7.5	
11	0	0	
11	0	0	
11	0	0	
11	0	0	
11	0	0	
11	0	0	
11	0	0	
11	0	0	
11	0	0	
11	0	0	
11	0	0	
11	0	0	
11	0	0	
11	0	0	
11	0	0	
11	0	0	
11	0	0	
11	0	0	
11	0	0	
11	0	0	
11	0	0	
11	0	0	
11	0	0	
11	0	0	
11	0	0	
11	0	0	
11	0	0	
11	0	0	
11	0	0	
11	-2.5	1.25	
11	-2.5	1.25	
11	-2.5	1.25	
11	-2.5	1.25	
11	-2.5	1.25	
11	-2.5	1.25	
11	-2.5	1.25	
11	-2.5	1.25	
11	-2.5	1.25	
11	-2.5	1.25	
11	-2.5	1.25	
11	-2.5	1.25	
11	-2.5	1.25	
11	-2.5	1.25	
11	-2.5	1.25	
11	-2.5	1.25	
11	-2.5	1.25	
11	-2.5	1.25	
11	-2.5	1.25	
11	-2.5	1.25	
11	-2.5	1.25	
11	-2.5	1.25	
11	-2.5	1.25	
11	-2.5	1.25	
11	-221.25	-17.5	
11	-216.25	-15	
11	-203.75	-13.75	
11	-196.25	-13.75	
11	-186.25	-13.75	
11	-153.75	-13.75	
11	-141.25	-13.75	
11	-117.5	-13.75	
11	-105	-13.75	
11	-80	-13.75	
11	-55	-13.75	
11	-42.5	-11.25	
11	-18.75	-10	
11	-8.75	-10	
11	1.25	-7.5	
11	27.5	-3.75	
11	35	-3.75	
11	48.75	-2.5	
11	55	-2.5	
11	60	-2.5	
11	77.5	-6.25	
12	0	0	
12	0	0	
12	0	0	
12	0	0	
12	0	0	
12	0	0	
12	0	0	
12	0	0	
12	0	0	
12	0	0	
12	0	0	
12	0	0	
12	0	0	
12	0	0	
12	0	0	
12	0	0	
12	0	0	
12	0	0	
12	0	0	
12	0	0	
12	0	0	
12	0	0	
12	0	0	
12	1.25	0	
12	2.5	0	
12	6.25	0	
12	8.75	0	
12	15	0	
12	22.5	0	
12	31.25	0	
12	37.5	0	
12	42.5	0	
12	48.75	0	
12	70	-1.25	
12	77.5	-1.25	
12	85	-1.25	
12	102.5	-3.75	
12	120	-3.75	
12	141.25	-3.75	
12	161.25	-3.75	
12	171.25	-3.75	
12	182.5	-5	
12	192.5	-7.5	
12	221.25	-7.5	
12	231.25	-5	
12	240	-5	
12	258.75	-3.75	
12	273.75	-1.25	
12	288.75	0	
12	295	0	
12	306.25	2.5	
12	311.25	3.75	
12	316.25	3.75	
12	326.25	7.5	
12	328.75	7.5	
12	330	7.5	
12	333.75	7.5	
12	338.75	7.5	
12	343.75	7.5	
12	345	7.5	
12	346.25	7.5	
12	347.5	7.5	
12	348.75	7.5	
12	348.75	7.5	
12	348.75	7.5	
12	348.75	7.5	
12	348.75	7.5	
12	348.75	7.5	
12	348.75	7.5	
12	348.75	7.5	
12	348.75	7.5	
12	348.75	7.5	
12	348.75	7.5	
12	348.75	7.5	
13	0	0	
13	0	0	
13	0	0	
13	0	0	
13	0	0	
13	0	0	
13	0	0	
13	0	0	
13	0	0	
13	0	0	
13	0	0	
13	0	0	
13	0	0	
13	0	0	
13	0	0	
13	0	0	
13	0	0	
13	0	0	
13	0	0	
13	0	0	
13	0	0	
13	0	0	
13	0	0	
13	0	0	
13	1.25	0	
13	3.75	-2.5	
13	5	-2.5	
13	7.5	-2.5	
13	17.5	-3.75	
13	21.25	-3.75	
13	26.25	-6.25	
13	37.5	-6.25	
13	43.75	-6.25	
13	57.5	-6.25	
13	70	-7.5	
13	85	-10	
13	92.5	-10	
13	100	-10	
13	127.5	-10	
13	136.25	-10	
13	146.25	-10	
13	165	-10	
13	175	-11.25	
13	192.5	-13.75	
13	208.75	-13.75	
13	226.25	-13.75	
13	233.75	-13.75	
13	240	-13.75	
13	258.75	-13.75	
13	263.75	-13.75	
13	268.75	-11.25	
13	273.75	-11.25	
13	281.25	-10	
13	286.25	-10	
13	290	-10	
13	292.5	-7.5	
13	297.5	-6.25	
13	298.75	-6.25	
13	303.75	-3.75	
13	305	-3.75	
13	306.25	-2.5	
13	306.25	-2.5	
13	307.5	-2.5	
13	308.75	-2.5	
13	310	-2.5	
13	311.25	0	
13	311.25	0	
13	311.25	0	
13	313.75	1.25	
13	315	1.25	
13	316.25	1.25	
13	316.25	1.25	
13	317.5	1.25	
13	318.75	1.25	
14	0	0	
14	0	0	
14	0	0	
14	0	0	
14	0	0	
14	0	0	
14	0	0	
14	0	0	
14	0	0	
14	0	0	
14	0	0	
14	0	0	
14	0	0	
14	0	0	
14	0	0	
14	0	0	
14	0	0	
14	0	0	
14	0	0	
14	0	0	
14	0	0	
14	0	0	
14	0	0	
14	0	0	
14	0	0	
14	0	0	
14	1.25	0	
14	6.25	0	
14	12.5	0	
14	17.5	0	
14	27.5	0	
14	40	0	
14	47.5	0	
14	63.75	-1.25	
14	82.5	-3.75	
14	91.25	-3.75	
14	101.25	-3.75	
14	120	-3.75	
14	141.25	-3.75	
14	152.5	-3.75	
14	176.25	-1.25	
14	188.75	-1.25	
14	212.5	0	
14	235	0	
14	256.25	2.5	
14	267.5	2.5	
14	277.5	3.75	
14	296.25	3.75	
14	311.25	6.25	
14	317.5	6.25	
14	328.75	7.5	
14	332.5	7.5	
14	338.75	7.5	
14	343.75	7.5	
14	347.5	7.5	
14	348.75	7.5	
14	348.75	7.5	
14	348.75	7.5	
14	348.75	7.5	
14	348.75	7.5	
14	348.75	7.5	
14	348.75	7.5	
14	348.75	7.5	
14	348.75	7.5	
14	348.75	7.5	
14	348.75	7.5	
14	348.75	7.5	
14	348.75	7.5	
14	348.75	7.5	
14	348.75	7.5	
14	348.75	7.5	
14	348.75	7.5	
14	348.75	7.5	
14	348.75	7.5	
15	0	0	
15	0	0	
15	0	0	
15	0	0	
15	0	0	
15	0	0	
15	0	0	
15	0	0	
15	0	0	
15	0	0	
15	0	0	
15	0	0	
15	0	0	
15	0	0	
15	0	0	
15	0	0	
15	0	0	
15	0	0	
15	0	0	
15	0	0	
15	0	0	
15	0	0	
15	0	0	
15	0	0	
15	0	0	
15	0	0	
15	1.25	0	
15	2.5	0	
15	7.5	1.25	
15	10	1.25	
15	16.25	1.25	
15	18.75	1.25	
15	23.75	1.25	
15	36.25	-3.75	
15	41.25	-3.75	
15	46.25	-3.75	
15	52.5	-3.75	
15	62.5	-5	
15	73.75	-7.5	
15	86.25	-7.5	
15	97.5	-7.5	
15	103.75	-7.5	
15	110	-8.75	
15	130	-8.75	
15	136.25	-8.75	
15	143.75	-8.75	
15	151.25	-11.25	
15	165	-8.75	
15	181.25	-8.75	
15	196.25	-7.5	
15	203.75	-7.5	
15	218.75	-5	
15	226.25	-3.75	
15	247.5	-3.75	
15	253.75	0	
15	260	0	
15	266.25	0	
15	277.5	0	
15	287.5	0	
15	297.5	-3.75	
15	301.25	-3.75	
15	308.75	-3.75	
15	311.25	-3.75	
15	320	-5	
15	322.5	-5	
15	325	-5	
15	326.25	-7.5	
15	330	-7.5	
15	332.5	-7.5	
15	332.5	-7.5	
15	333.75	-7.5	
15	333.75	-7.5	
15	333.75	-7.5	
15	333.75	-7.5	
16	0	0	
16	0	0	
16	0	0	
16	0	0	
16	0	0	
16	0	0	
16	0	0	
16	0	0	
16	0	0	
16	0	0	
16	0	0	
16	0	0	
16	0	0	
16	0	0	
16	0	0	
16	0	0	
16	0	0	
16	0	0	
16	0	0	
16	0	0	
16	0	0	
16	0	0	
16	0	0	
16	0	0	
16	0	0	
16	2.5	0	
16	6.25	0	
16	10	1.25	
16	18.75	1.25	
16	28.75	1.25	
16	35	1.25	
16	41.25	1.25	
16	48.75	1.25	
16	71.25	1.25	
16	78.75	1.25	
16	95	0	
16	111.25	-2.5	
16	118.75	-2.5	
16	137.5	-2.5	
16	156.25	-3.75	
16	166.25	-3.75	
16	176.25	-3.75	
16	185	-3.75	
16	212.5	-7.5	
16	222.5	-7.5	
16	240	-7.5	
16	248.75	-7.5	
16	263.75	-7.5	
16	278.75	-7.5	
16	291.25	-7.5	
16	296.25	-7.5	
16	301.25	-7.5	
16	306.25	-7.5	
16	317.5	-7.5	
16	321.25	-7.5	
16	323.75	-7.5	
16	330	-7.5	
16	335	-3.75	
16	341.25	-3.75	
16	345	-2.5	
16	347.5	-2.5	
16	348.75	-2.5	
16	348.75	-2.5	
16	348.75	-2.5	
16	348.75	-2.5	
16	348.75	-2.5	
16	348.75	-2.5	
16	348.75	-2.5	
16	348.75	-2.5	
16	348.75	-2.5	
16	348.75	-2.5	
16	348.75	-2.5	
16	348.75	-2.5	
16	348.75	-2.5	
17	0	0	
17	0	0	
17	0	0	
17	0	0	
17	0	0	
17	0	0	
17	0	0	
17	0	0	
17	0	0	
17	0	0	
17	0	0	
17	0	0	
17	0	0	
17	0	0	
17	0	0	
17	0	0	
17	0	0	
17	0	0	
17	0	0	
17	0	0	
17	0	0	
17	2.5	0	
17	3.75	2.5	
17	12.5	2.5	
17	15	2.5	
17	23.75	2.5	
17	28.75	2.5	
17	35	2.5	
17	52.5	0	
17	58.75	0	
17	66.25	0	
17	80	-1.25	
17	87.5	-1.25	
17	112.5	-5	
17	121.25	-5	
17	140	-6.25	
17	150	-6.25	
17	160	-8.75	
17	188.75	-8.75	
17	198.75	-10	
17	208.75	-10	
17	217.5	-12.5	
17	235	-12.5	
17	251.25	-12.5	
17	266.25	-12.5	
17	272.5	-12.5	
17	278.75	-12.5	
17	290	-12.5	
17	300	-10	
17	308.75	-8.75	
17	312.5	-8.75	
17	315	-8.75	
17	317.5	-8.75	
17	325	-6.25	
17	331.25	-5	
17	333.75	-5	
17	335	-5	
17	340	-5	
17	345	-1.25	
17	347.5	0	
17	348.75	0	
17	348.75	0	
17	348.75	0	
17	348.75	0	
17	348.75	0	
17	348.75	0	
17	348.75	0	
17	348.75	0	
17	348.75	0	
17	348.75	0	
17	348.75	0	
17	348.75	0	
17	348.75	0	
17	348.75	0	
18	0	0	
18	0	0	
18	0	0	
18	0	0	
18	0	0	
18	0	0	
18	0	0	
18	0	0	
18	0	0	
18	0	0	
18	0	0	
18	0	0	
18	0	0	
18	0	0	
18	0	0	
18	0	0	
18	0	0	
18	0	0	
18	0	0	
18	0	0	
18	0	0	
18	0	0	
18	1.25	0	
18	6.25	2.5	
18	8.75	2.5	
18	16.25	2.5	
18	20	2.5	
18	23.75	3.75	
18	40	3.75	
18	46.25	3.75	
18	51.25	3.75	
18	63.75	3.75	
18	71.25	2.5	
18	91.25	2.5	
18	98.75	0	
18	113.75	0	
18	122.5	0	
18	130	0	
18	155	0	
18	162.5	0	
18	171.25	2.5	
18	188.75	2.5	
18	197.5	2.5	
18	225	2.5	
18	233.75	2.5	
18	251.25	3.75	
18	258.75	3.75	
18	266.25	3.75	
18	288.75	3.75	
18	296.25	3.75	
18	302.5	3.75	
18	307.5	3.75	
18	318.75	3.75	
18	330	3.75	
18	332.5	3.75	
18	337.5	3.75	
18	340	3.75	
18	341.25	3.75	
18	345	3.75	
18	345	3.75	
18	346.25	3.75	
18	347.5	3.75	
18	347.5	2.5	
18	348.75	2.5	
18	348.75	2.5	
18	348.75	2.5	
18	348.75	2.5	
18	348.75	2.5	
18	348.75	2.5	
18	348.75	2.5	
18	348.75	2.5	
18	348.75	2.5	
18	348.75	2.5	
18	348.75	2.5	
19	0	0	
19	0	0	
19	0	0	
19	0	0	
19	0	0	
19	0	0	
19	0	0	
19	0	0	
19	0	0	
19	0	0	
19	0	0	
19	0	0	
19	0	0	
19	0	0	
19	0	0	
19	0	0	
19	0	0	
19	0	0	
19	0	0	
19	0	0	
19	0	0	
19	0	0	
19	0	0	
19	0	0	
19	0	0	
19	0	0	
19	0	0	
19	1.25	0	
19	5	1.25	
19	7.5	1.25	
19	8.75	1.25	
19	15	1.25	
19	18.75	1.25	
19	30	1.25	
19	33.75	1.25	
19	38.75	1.25	
19	42.5	1.25	
19	53.75	0	
19	70	0	
19	76.25	0	
19	83.75	0	
19	96.25	0	
19	103.75	1.25	
19	126.25	1.25	
19	133.75	3.75	
19	141.25	3.75	
19	148.75	3.75	
19	165	5	
19	181.25	5	
19	197.5	5	
19	205	5	
19	220	5	
19	227.5	5	
19	241.25	5	
19	252.5	5	
19	258.75	5	
19	263.75	3.75	
19	275	5	
19	283.75	5	
19	291.25	5	
19	295	5	
19	302.5	5	
19	305	3.75	
19	311.25	1.25	
19	317.5	1.25	
19	320	1.25	
19	322.5	1.25	
19	326.25	1.25	
19	328.75	0	
19	332.5	0	
19	333.75	0	
19	336.25	0	
19	336.25	0	
19	337.5	0	
20	0	0	
20	0	0	
20	0	0	
20	0	0	
20	0	0	
20	0	0	
20	0	0	
20	0	0	
20	0	0	
20	0	0	
20	0	0	
20	0	0	
20	0	0	
20	0	0	
20	0	0	
20	0	0	
20	0	0	
20	0	0	
20	0	0	
20	0	0	
20	0	0	
20	0	0	
20	0	0	
20	0	0	
20	0	0	
20	0	0	
20	0	0	
20	0	0	
20	1.25	0	
20	2.5	0	
20	6.25	0	
20	16.25	3.75	
20	22.5	3.75	
20	36.25	7.5	
20	53.75	7.5	
20	62.5	10	
20	83.75	11.25	
20	93.75	11.25	
20	126.25	11.25	
20	137.5	11.25	
20	150	11.25	
20	173.75	11.25	
20	185	11.25	
20	207.5	11.25	
20	227.5	11.25	
20	237.5	10	
20	255	7.5	
20	263.75	7.5	
20	283.75	3.75	
20	290	3.75	
20	295	3.75	
20	305	2.5	
20	308.75	2.5	
20	315	0	
20	320	0	
20	322.5	0	
20	325	-1.25	
20	328.75	-1.25	
20	331.25	-3.75	
20	332.5	-3.75	
20	332.5	-3.75	
20	333.75	-3.75	
20	335	-3.75	
20	335	-3.75	
20	335	-3.75	
20	335	-3.75	
20	336.25	-3.75	
20	336.25	-3.75	
20	336.25	-3.75	
20	336.25	-3.75	
20	336.25	-3.75	
20	336.25	-3.75	
20	336.25	-3.75	
20	336.25	-3.75	
21	0	0	
21	0	0	
21	0	0	
21	0	0	
21	0	0	
21	0	0	
21	0	0	
21	0	0	
21	0	0	
21	0	0	
21	0	0	
21	0	0	
21	0	0	
21	0	0	
21	0	0	
21	0	0	
21	0	0	
21	0	0	
21	0	0	
21	0	0	
21	0	0	
21	0	0	
21	0	0	
21	0	0	
21	0	0	
21	0	0	
21	1.25	0	
21	2.5	0	
21	6.25	1.25	
21	8.75	1.25	
21	11.25	1.25	
21	18.75	3.75	
21	23.75	3.75	
21	38.75	5	
21	51.25	5	
21	58.75	5	
21	67.5	5	
21	75	3.75	
21	102.5	3.75	
21	112.5	1.25	
21	121.25	1.25	
21	141.25	1.25	
21	152.5	1.25	
21	186.25	1.25	
21	198.75	0	
21	221.25	-2.5	
21	232.5	-2.5	
21	243.75	-2.5	
21	275	-7.5	
21	283.75	-7.5	
21	293.75	-7.5	
21	308.75	-7.5	
21	315	-7.5	
21	326.25	-7.5	
21	333.75	-7.5	
21	338.75	-7.5	
21	341.25	-7.5	
21	342.5	-7.5	
21	346.25	-7.5	
21	347.5	-7.5	
21	347.5	-7.5	
21	348.75	-7.5	
21	348.75	-7.5	
21	348.75	-7.5	
21	348.75	-7.5	
21	348.75	-7.5	
21	348.75	-7.5	
21	348.75	-7.5	
21	348.75	-7.5	
21	348.75	-7.5	
21	348.75	-7.5	
21	348.75	-7.5	
21	348.75	-7.5	
21	348.75	-7.5	
22	0	0	
22	0	0	
22	0	0	
22	0	0	
22	0	0	
22	0	0	
22	0	0	
22	0	0	
22	0	0	
22	0	0	
22	0	0	
22	0	0	
22	0	0	
22	0	0	
22	0	0	
22	0	0	
22	0	0	
22	0	0	
22	0	0	
22	0	0	
22	0	0	
22	0	0	
22	0	0	
22	0	0	
22	0	0	
22	0	0	
22	0	0	
22	0	0	
22	0	0	
22	0	0	
22	0	0	
22	0	0	
22	0	0	
22	2.5	0	
22	3.75	1.25	
22	7.5	1.25	
22	13.75	1.25	
22	17.5	1.25	
22	27.5	5	
22	38.75	5	
22	45	5	
22	57.5	7.5	
22	65	7.5	
22	85	7.5	
22	92.5	5	
22	100	5	
22	113.75	3.75	
22	121.25	3.75	
22	136.25	1.25	
22	152.5	0	
22	160	-2.5	
22	176.25	-2.5	
22	186.25	-2.5	
22	211.25	-6.25	
22	220	-6.25	
22	228.75	-6.25	
22	237.5	-6.25	
22	255	-6.25	
22	271.25	-6.25	
22	286.25	-6.25	
22	293.75	-6.25	
22	300	-6.25	
22	311.25	-6.25	
22	326.25	-2.5	
22	330	-2.5	
22	332.5	-2.5	
22	335	-2.5	
22	337.5	-2.5	
22	340	0	
22	340	0	
22	340	0	
22	340	0	
22	340	0	
22	340	0	
23	0	0	
23	0	0	
23	0	0	
23	0	0	
23	0	0	
23	0	0	
23	0	0	
23	0	0	
23	0	0	
23	0	0	
23	0	0	
23	0	0	
23	0	0	
23	0	0	
23	0	0	
23	0	0	
23	0	0	
23	0	0	
23	0	0	
23	0	0	
23	0	0	
23	0	0	
23	0	0	
23	1.25	0	
23	2.5	-2.5	
23	5	-2.5	
23	7.5	-2.5	
23	13.75	-2.5	
23	26.25	0	
23	31.25	0	
23	36.25	0	
23	46.25	0	
23	51.25	0	
23	68.75	-2.5	
23	75	-2.5	
23	81.25	-2.5	
23	87.5	-2.5	
23	101.25	-2.5	
23	122.5	-2.5	
23	130	-2.5	
23	137.5	-2.5	
23	152.5	-3.75	
23	158.75	-3.75	
23	175	-3.75	
23	191.25	-6.25	
23	198.75	-6.25	
23	207.5	-3.75	
23	223.75	-3.75	
23	246.25	-2.5	
23	252.5	-2.5	
23	260	-2.5	
23	272.5	-2.5	
23	278.75	-2.5	
23	291.25	-2.5	
23	301.25	-2.5	
23	306.25	-2.5	
23	311.25	-2.5	
23	320	-2.5	
23	331.25	0	
23	335	0	
23	338.75	0	
23	343.75	0	
23	346.25	0	
23	348.75	0	
23	348.75	0	
23	348.75	0	
23	348.75	0	
23	348.75	0	
23	348.75	0	
23	348.75	0	
23	348.75	0	
23	348.75	0	
23	348.75	0	
23	348.75	0	
24	0	0	
24	0	0	
24	0	0	
24	0	0	
24	0	0	
24	0	0	
24	0	0	
24	0	0	
24	0	0	
24	0	0	
24	0	0	
24	0	0	
24	0	0	
24	0	0	
24	0	0	
24	0	0	
24	0	0	
24	0	0	
24	0	0	
24	0	0	
24	0	0	
24	0	0	
24	0	0	
24	0	0	
24	0	0	
24	0	0	
24	0	0	
24	0	0	
24	0	0	
24	0	0	
24	0	0	
24	0	0	
24	0	0	
24	0	0	
24	0	0	
24	0	0	
24	1.25	0	
24	2.5	0	
24	7.5	0	
24	11.25	0	
24	18.75	0	
24	23.75	0	
24	28.75	0	
24	46.25	3.75	
24	53.75	3.75	
24	61.25	3.75	
24	75	3.75	
24	92.5	3.75	
24	108.75	2.5	
24	117.5	2.5	
24	135	2.5	
24	142.5	0	
24	152.5	0	
24	177.5	0	
24	186.25	0	
24	195	0	
24	212.5	0	
24	220	0	
24	243.75	-1.25	
24	251.25	-1.25	
24	266.25	-5	
24	273.75	-5	
24	280	-5	
24	297.5	-5	
24	303.75	-5	
24	310	-5	
24	315	-5	
24	325	-5	
24	336.25	-1.25	
24	338.75	-1.25	
24	343.75	-1.25	
24	345	-1.25	
24	347.5	-1.25	
24	348.75	-1.25	
25	0	0	
25	0	0	
25	0	0	
25	0	0	
25	0	0	
25	0	0	
25	0	0	
25	0	0	
25	0	0	
25	0	0	
25	0	0	
25	0	0	
25	0	0	
25	0	0	
25	0	0	
25	0	0	
25	0	0	
25	0	0	
25	0	0	
25	0	0	
25	0	0	
25	0	0	
25	0	0	
25	0	0	
25	0	0	
25	0	0	
25	0	0	
25	0	0	
25	0	0	
25	0	0	
25	0	0	
25	1.25	0	
25	2.5	2.5	
25	16.25	3.75	
25	21.25	3.75	
25	26.25	6.25	
25	31.25	7.5	
25	43.75	7.5	
25	57.5	10	
25	72.5	11.25	
25	80	11.25	
25	87.5	11.25	
25	95	11.25	
25	123.75	7.5	
25	131.25	7.5	
25	140	7.5	
25	147.5	7.5	
25	162.5	7.5	
25	178.75	6.25	
25	195	3.75	
25	202.5	3.75	
25	211.25	3.75	
25	218.75	3.75	
25	248.75	3.75	
25	256.25	3.75	
25	262.5	3.75	
25	268.75	3.75	
25	280	2.5	
25	290	2.5	
25	293.75	0	
25	303.75	0	
25	307.5	0	
25	311.25	0	
25	321.25	0	
25	326.25	0	
25	328.75	0	
25	330	0	
25	333.75	0	
25	336.25	0	
25	337.5	0	
25	340	0	
25	341.25	0	
25	342.5	0	
25	342.5	0	
26	0	0	
26	0	0	
26	0	0	
26	0	0	
26	0	0	
26	0	0	
26	0	0	
26	0	0	
26	0	0	
26	0	0	
26	0	0	
26	0	0	
26	0	0	
26	0	0	
26	0	0	
26	0	0	
26	0	0	
26	0	0	
26	0	0	
26	0	0	
26	0	0	
26	0	0	
26	0	0	
26	0	0	
26	0	0	
26	0	0	
26	0	0	
26	0	0	
26	0	0	
26	0	0	
26	0	0	
26	0	0	
26	0	0	
26	0	0	
26	0	0	
26	0	0	
26	0	0	
26	0	0	
26	0	0	
26	1.25	0	
26	2.5	0	
26	7.5	0	
26	10	0	
26	20	0	
26	25	0	
26	30	0	
26	40	0	
26	46.25	0	
26	65	0	
26	71.25	0	
26	78.75	0	
26	92.5	0	
26	101.25	0	
26	125	0	
26	133.75	0	
26	142.5	0	
26	158.75	2.5	
26	168.75	2.5	
26	186.25	3.75	
26	205	6.25	
26	213.75	7.5	
26	231.25	10	
26	240	11.25	
26	263.75	13.75	
26	270	15	
26	277.5	15	
26	288.75	15	
26	293.75	15	
26	302.5	15	
26	308.75	15	
26	311.25	15	
26	312.5	15	
26	316.25	15	
26	321.25	13.75	
27	0	0	
27	0	0	
27	0	0	
27	0	0	
27	0	0	
27	0	0	
27	0	0	
27	0	0	
27	0	0	
27	0	0	
27	0	0	
27	0	0	
27	0	0	
27	0	0	
27	0	0	
27	0	0	
27	0	0	
27	0	0	
27	0	0	
27	0	0	
27	0	0	
27	0	0	
27	0	0	
27	0	0	
27	0	0	
27	1.25	-1.25	
27	2.5	-3.75	
27	3.75	-3.75	
27	17.5	-3.75	
27	32.5	-3.75	
27	41.25	-3.75	
27	51.25	-1.25	
27	73.75	0	
27	97.5	0	
27	111.25	0	
27	138.75	-1.25	
27	152.5	-3.75	
27	167.5	-3.75	
27	202.5	-3.75	
27	218.75	-3.75	
27	236.25	-3.75	
27	252.5	-5	
27	281.25	-7.5	
27	303.75	-7.5	
27	312.5	-8.75	
27	328.75	-11.25	
27	333.75	-11.25	
27	338.75	-11.25	
27	347.5	-15	
27	347.5	-15	
27	347.5	-15	
27	347.5	-15	
27	347.5	-15	
27	347.5	-15	
27	347.5	-15	
27	347.5	-15	
27	347.5	-15	
27	347.5	-15	
27	347.5	-15	
27	347.5	-15	
27	347.5	-15	
27	347.5	-15	
27	347.5	-15	
27	347.5	-15	
27	347.5	-15	
27	347.5	-15	
27	347.5	-15	
27	347.5	-15	
27	347.5	-15	
27	347.5	-15	
27	347.5	-15	
27	347.5	-15	
27	347.5	-15	
27	347.5	-15	
28	0	0	
28	0	0	
28	0	0	
28	0	0	
28	0	0	
28	0	0	
28	0	0	
28	0	0	
28	0	0	
28	0	0	
28	0	0	
28	0	0	
28	0	0	
28	0	0	
28	0	0	
28	0	0	
28	0	0	
28	0	0	
28	0	0	
28	0	0	
28	0	0	
28	0	0	
28	0	0	
28	0	0	
28	2.5	0	
28	6.25	0	
28	8.75	2.5	
28	11.25	2.5	
28	23.75	2.5	
28	28.75	2.5	
28	33.75	2.5	
28	38.75	2.5	
28	51.25	2.5	
28	63.75	0	
28	76.25	0	
28	82.5	0	
28	96.25	0	
28	102.5	0	
28	125	3.75	
28	131.25	3.75	
28	138.75	3.75	
28	147.5	6.25	
28	162.5	7.5	
28	178.75	7.5	
28	196.25	7.5	
28	205	7.5	
28	221.25	7.5	
28	228.75	7.5	
28	251.25	10	
28	258.75	10	
28	266.25	10	
28	273.75	10	
28	286.25	11.25	
28	297.5	11.25	
28	307.5	13.75	
28	311.25	13.75	
28	317.5	15	
28	320	15	
28	325	15	
28	327.5	15	
28	328.75	15	
28	328.75	13.75	
28	331.25	13.75	
28	335	11.25	
28	336.25	11.25	
28	338.75	11.25	
28	340	11.25	
28	341.25	11.25	
28	341.25	11.25	
28	341.25	11.25	
28	342.5	11.25	
28	342.5	11.25	
28	342.5	11.25	
28	342.5	11.25	
29	0	0	
29	0	0	
29	0	0	
29	0	0	
29	0	0	
29	0	0	
29	0	0	
29	0	0	
29	0	0	
29	0	0	
29	0	0	
29	0	0	
29	0	0	
29	0	0	
29	0	0	
29	0	0	
29	0	0	
29	0	0	
29	0	0	
29	0	0	
29	0	0	
29	0	0	
29	0	0	
29	0	0	
29	0	0	
29	0	0	
29	0	0	
29	0	0	
29	0	0	
29	0	0	
29	3.75	2.5	
29	5	2.5	
29	6.25	2.5	
29	13.75	3.75	
29	20	3.75	
29	22.5	3.75	
29	26.25	3.75	
29	30	3.75	
29	42.5	2.5	
29	46.25	2.5	
29	56.25	0	
29	62.5	0	
29	67.5	0	
29	83.75	-1.25	
29	96.25	-3.75	
29	101.25	-3.75	
29	107.5	-3.75	
29	113.75	-5	
29	130	-7.5	
29	135	-7.5	
29	141.25	-7.5	
29	153.75	-7.5	
29	160	-7.5	
29	178.75	-7.5	
29	185	-7.5	
29	198.75	-7.5	
29	205	-7.5	
29	212.5	-7.5	
29	233.75	-7.5	
29	240	-7.5	
29	246.25	-5	
29	260	-3.75	
29	267.5	-3.75	
29	287.5	0	
29	293.75	2.5	
29	306.25	3.75	
29	310	3.75	
29	316.25	3.75	
29	328.75	7.5	
29	332.5	7.5	
29	336.25	7.5	
29	341.25	7.5	
29	342.5	7.5	
29	346.25	7.5	
30	0	0	
30	0	0	
30	0	0	
30	0	0	
30	0	0	
30	0	0	
30	0	0	
30	0	0	
30	0	0	
30	0	0	
30	0	0	
30	0	0	
30	0	0	
30	0	0	
30	0	0	
30	0	0	
30	0	0	
30	0	0	
30	0	0	
30	0	0	
30	0	0	
30	0	0	
30	0	0	
30	0	0	
30	0	0	
30	0	0	
30	0	0	
30	0	0	
30	0	0	
30	0	0	
30	0	0	
30	2.5	0	
30	3.75	0	
30	12.5	2.5	
30	16.25	2.5	
30	20	3.75	
30	23.75	3.75	
30	32.5	3.75	
30	42.5	3.75	
30	55	3.75	
30	61.25	3.75	
30	73.75	2.5	
30	81.25	2.5	
30	102.5	0	
30	110	0	
30	117.5	0	
30	123.75	0	
30	138.75	-1.25	
30	152.5	-1.25	
30	160	-1.25	
30	175	-3.75	
30	190	-3.75	
30	197.5	-5	
30	213.75	-7.5	
30	228.75	-7.5	
30	237.5	-7.5	
30	245	-7.5	
30	261.25	-7.5	
30	275	-5	
30	282.5	-5	
30	293.75	-3.75	
30	302.5	0	
30	307.5	0	
30	313.75	2.5	
30	317.5	3.75	
30	320	3.75	
30	321.25	3.75	
30	323.75	3.75	
30	325	3.75	
30	325	3.75	
30	326.25	3.75	
30	327.5	3.75	
30	328.75	3.75	
30	330	3.75	
31	0	0	
31	0	0	
31	0	0	
31	0	0	
31	0	0	
31	0	0	
31	0	0	
31	0	0	
31	0	0	
31	0	0	
31	0	0	
31	0	0	
31	0	0	
31	0	0	
31	0	0	
31	0	0	
31	0	0	
31	0	0	
31	0	0	
31	0	0	
31	0	0	
31	0	0	
31	0	0	
31	0	0	
31	0	0	
31	0	0	
31	0	0	
31	0	0	
31	0	0	
31	0	0	
31	5	0	
31	7.5	0	
31	11.25	0	
31	22.5	2.5	
31	27.5	2.5	
31	32.5	2.5	
31	43.75	3.75	
31	51.25	3.75	
31	71.25	3.75	
31	78.75	6.25	
31	93.75	6.25	
31	100	6.25	
31	107.5	6.25	
31	128.75	3.75	
31	136.25	3.75	
31	143.75	2.5	
31	158.75	0	
31	166.25	0	
31	190	-3.75	
31	197.5	-3.75	
31	212.5	-3.75	
31	220	-3.75	
31	227.5	-3.75	
31	246.25	-7.5	
31	252.5	-7.5	
31	257.5	-7.5	
31	268.75	-7.5	
31	273.75	-7.5	
31	286.25	-7.5	
31	291.25	-7.5	
31	298.75	-7.5	
31	303.75	-7.5	
31	307.5	-7.5	
31	317.5	-7.5	
31	320	-7.5	
31	322.5	-7.5	
31	326.25	-7.5	
31	328.75	-7.5	
31	331.25	-7.5	
31	332.5	-7.5	
31	335	-7.5	
31	335	-7.5	
31	336.25	-7.5	
31	336.25	-7.5	
32	0	0	
32	0	0	
32	0	0	
32	0	0	
32	0	0	
32	0	0	
32	0	0	
32	0	0	
32	0	0	
32	0	0	
32	0	0	
32	0	0	
32	0	0	
32	0	0	
32	0	0	
32	0	0	
32	0	0	
32	0	0	
32	0	0	
32	0	0	
32	0	0	
32	0	0	
32	0	0	
32	0	0	
32	0	0	
32	0	0	
32	0	0	
32	3.75	0	
32	10	0	
32	15	0	
32	26.25	1.25	
32	31.25	1.25	
32	38.75	1.25	
32	61.25	5	
32	68.75	5	
32	87.5	7.5	
32	96.25	7.5	
32	115	8.75	
32	132.5	7.5	
32	141.25	7.5	
32	158.75	5	
32	168.75	5	
32	176.25	5	
32	203.75	1.25	
32	212.5	1.25	
32	230	0	
32	237.5	-2.5	
32	253.75	-2.5	
32	267.5	-3.75	
32	273.75	-3.75	
32	285	-6.25	
32	288.75	-6.25	
32	293.75	-6.25	
32	303.75	-6.25	
32	305	-6.25	
32	307.5	-6.25	
32	311.25	-6.25	
32	315	-7.5	
32	318.75	-7.5	
32	320	-10	
32	323.75	-10	
32	325	-10	
32	326.25	-10	
32	330	-7.5	
32	331.25	-7.5	
32	332.5	-7.5	
32	333.75	-7.5	
32	335	-6.25	
32	335	-6.25	
32	335	-6.25	
32	335	-6.25	
32	335	-6.25	
32	335	-6.25	
32	335	-6.25	
33	0	0	
33	0	0	
33	0	0	
33	0	0	
33	0	0	
33	0	0	
33	0	0	
33	0	0	
33	0	0	
33	0	0	
33	0	0	
33	0	0	
33	0	0	
33	0	0	
33	0	0	
33	0	0	
33	0	0	
33	0	0	
33	0	0	
33	0	0	
33	1.25	0	
33	2.5	0	
33	7.5	2.5	
33	15	3.75	
33	20	3.75	
33	23.75	3.75	
33	36.25	3.75	
33	42.5	6.25	
33	56.25	7.5	
33	70	7.5	
33	77.5	7.5	
33	86.25	7.5	
33	101.25	7.5	
33	126.25	7.5	
33	133.75	7.5	
33	142.5	7.5	
33	160	6.25	
33	168.75	6.25	
33	187.5	3.75	
33	205	3.75	
33	213.75	3.75	
33	222.5	3.75	
33	236.25	6.25	
33	250	7.5	
33	252.5	7.5	
33	255	7.5	
33	257.5	7.5	
33	257.5	7.5	
33	255	11.25	
33	248.75	11.25	
33	245	11.25	
33	242.5	11.25	
33	237.5	11.25	
33	233.75	11.25	
33	232.5	11.25	
33	228.75	10	
33	220	7.5	
33	211.25	6.25	
33	198.75	3.75	
33	188.75	3.75	
33	186.25	3.75	
33	185	2.5	
33	192.5	2.5	
33	226.25	10	
33	242.5	13.75	
33	260	17.5	
33	292.5	25	
33	308.75	26.25	
33	337.5	33.75	
33	337.5	33.75	
33	337.5	33.75	
33	337.5	33.75	
33	337.5	33.75	
33	337.5	33.75	
34	0	0	
34	0	0	
34	0	0	
34	0	0	
34	0	0	
34	0	0	
34	0	0	
34	0	0	
34	0	0	
34	0	0	
34	0	0	
34	0	0	
34	0	0	
34	-1.25	0	
34	-1.25	0	
34	-1.25	0	
34	-1.25	0	
34	-1.25	0	
34	-1.25	0	
34	-1.25	0	
34	-1.25	0	
34	-1.25	0	
34	-1.25	0	
34	-1.25	0	
34	-1.25	0	
34	0	1.25	
34	2.5	3.75	
34	5	5	
34	16.25	8.75	
34	27.5	11.25	
34	33.75	11.25	
34	40	12.5	
34	47.5	12.5	
34	73.75	11.25	
34	83.75	8.75	
34	106.25	8.75	
34	118.75	8.75	
34	130	8.75	
34	168.75	12.5	
34	182.5	12.5	
34	211.25	12.5	
34	226.25	15	
34	241.25	15	
34	286.25	16.25	
34	301.25	18.75	
34	313.75	18.75	
34	340	20	
34	340	20	
34	340	20	
34	340	20	
34	340	20	
34	340	20	
34	340	20	
34	340	20	
34	340	20	
34	340	20	
34	340	20	
34	340	20	
34	340	20	
34	340	20	
34	340	20	
34	340	20	
34	340	20	
34	340	20	
34	340	20	
34	340	20	
34	340	20	
34	340	20	
34	340	20	
34	340	20	
34	340	20	
34	340	20	
34	340	20	
34	340	20	
35	0	0	
35	0	0	
35	0	0	
35	1.25	0	
35	1.25	0	
35	1.25	0	
35	1.25	0	
35	1.25	0	
35	1.25	0	
35	1.25	0	
35	1.25	0	
35	1.25	0	
35	1.25	0	
35	1.25	0	
35	1.25	0	
35	1.25	0	
35	1.25	0	
35	1.25	0	
35	1.25	0	
35	1.25	0	
35	1.25	0	
35	1.25	0	
35	1.25	0	
35	1.25	0	
35	1.25	0	
35	1.25	0	
35	1.25	0	
35	1.25	0	
35	1.25	0	
35	1.25	0	
35	1.25	0	
35	1.25	0	
35	1.25	0	
35	1.25	0	
35	1.25	0	
35	1.25	0	
35	2.5	0	
35	3.75	2.5	
35	11.25	6.25	
35	13.75	7.5	
35	16.25	7.5	
35	20	10	
35	27.5	11.25	
35	37.5	13.75	
35	50	15	
35	56.25	15	
35	63.75	15	
35	71.25	15	
35	105	17.5	
35	115	18.75	
35	123.75	18.75	
35	133.75	21.25	
35	153.75	22.5	
35	175	22.5	
35	196.25	22.5	
35	207.5	22.5	
35	220	26.25	
35	231.25	27.5	
35	273.75	31.25	
35	283.75	31.25	
35	293.75	33.75	
35	303.75	35	
35	320	37.5	
35	333.75	38.75	
35	346.25	42.5	
35	346.25	42.5	
35	346.25	42.5	
35	346.25	42.5	
35	346.25	42.5	
35	346.25	42.5	
35	346.25	42.5	
35	346.25	42.5	
35	346.25	42.5	
35	346.25	42.5	
36	0	0	
36	0	0	
36	0	0	
36	0	0	
36	0	0	
36	0	0	
36	0	0	
36	0	0	
36	0	0	
36	0	0	
36	0	0	
36	0	0	
36	0	0	
36	0	0	
36	0	0	
36	0	0	
36	0	0	
36	0	0	
36	0	0	
36	0	0	
36	0	0	
36	1.25	0	
36	2.5	0	
36	8.75	1.25	
36	15	1.25	
36	18.75	1.25	
36	23.75	1.25	
36	35	1.25	
36	47.5	1.25	
36	55	1.25	
36	70	1.25	
36	78.75	1.25	
36	87.5	0	
36	116.25	0	
36	137.5	-3.75	
36	148.75	-3.75	
36	161.25	-3.75	
36	185	0	
36	208.75	0	
36	221.25	1.25	
36	246.25	1.25	
36	257.5	1.25	
36	270	1.25	
36	302.5	5	
36	311.25	7.5	
36	327.5	8.75	
36	335	8.75	
36	342.5	11.25	
36	342.5	11.25	
36	342.5	11.25	
36	342.5	11.25	
36	342.5	11.25	
36	342.5	11.25	
36	342.5	11.25	
36	342.5	11.25	
36	342.5	11.25	
36	342.5	11.25	
36	342.5	11.25	
36	342.5	11.25	
36	342.5	11.25	
36	342.5	11.25	
36	342.5	11.25	
36	342.5	11.25	
36	342.5	11.25	
36	342.5	11.25	
36	342.5	11.25	
36	342.5	11.25	
36	342.5	11.25	
36	342.5	11.25	
36	342.5	11.25	
36	342.5	11.25	
36	342.5	11.25	
36	342.5	11.25	
36	342.5	11.25	
37	0	0	
37	0	0	
37	0	0	
37	0	0	
37	0	0	
37	0	0	
37	0	0	
37	0	0	
37	0	0	
37	0	0	
37	0	0	
37	0	0	
37	0	0	
37	0	0	
37	0	0	
37	0	0	
37	0	0	
37	0	0	
37	0	0	
37	0	0	
37	0	0	
37	0	0	
37	0	0	
37	0	0	
37	0	0	
37	0	0	
37	0	0	
37	0	0	
37	0	0	
37	1.25	0	
37	2.5	0	
37	2.5	0	
37	6.25	0	
37	12.5	0	
37	15	0	
37	18.75	0	
37	25	0	
37	30	0	
37	38.75	2.5	
37	48.75	3.75	
37	55	3.75	
37	61.25	3.75	
37	75	6.25	
37	93.75	7.5	
37	101.25	7.5	
37	108.75	7.5	
37	122.5	7.5	
37	130	11.25	
37	145	12.5	
37	161.25	15	
37	170	16.25	
37	177.5	16.25	
37	192.5	20	
37	212.5	26.25	
37	220	27.5	
37	226.25	27.5	
37	238.75	30	
37	245	31.25	
37	255	31.25	
37	266.25	31.25	
37	271.25	31.25	
37	275	31.25	
37	285	31.25	
37	297.5	31.25	
37	301.25	31.25	
37	305	31.25	
37	310	33.75	
37	312.5	33.75	
37	316.25	33.75	
37	321.25	33.75	
37	322.5	33.75	
37	323.75	33.75	
37	325	33.75	
37	327.5	33.75	
38	0	0	
38	0	0	
38	0	0	
38	0	0	
38	0	0	
38	0	0	
38	0	0	
38	0	0	
38	0	0	
38	0	0	
38	0	0	
38	0	0	
38	0	0	
38	0	0	
38	0	0	
38	0	0	
38	0	0	
38	0	0	
38	0	0	
38	0	0	
38	0	0	
38	0	0	
38	0	0	
38	0	0	
38	0	0	
38	0	0	
38	0	0	
38	0	0	
38	0	0	
38	0	0	
38	0	0	
38	0	0	
38	0	0	
38	0	0	
38	0	0	
38	0	0	
38	0	0	
38	0	0	
38	1.25	0	
38	5	0	
38	6.25	-2.5	
38	8.75	-2.5	
38	12.5	0	
38	23.75	0	
38	30	1.25	
38	42.5	1.25	
38	50	1.25	
38	58.75	1.25	
38	86.25	5	
38	95	5	
38	113.75	5	
38	123.75	5	
38	133.75	5	
38	163.75	6.25	
38	173.75	6.25	
38	193.75	8.75	
38	202.5	10	
38	211.25	10	
38	237.5	13.75	
38	246.25	13.75	
38	261.25	16.25	
38	268.75	17.5	
38	276.25	17.5	
38	293.75	20	
38	300	20	
38	308.75	20	
38	312.5	20	
38	315	20	
38	322.5	21.25	
38	323.75	21.25	
38	326.25	21.25	
38	327.5	21.25	
38	327.5	21.25	
38	328.75	21.25	
39	0	0	
39	0	0	
39	0	0	
39	0	0	
39	0	0	
39	0	0	
39	0	0	
39	0	0	
39	0	0	
39	0	0	
39	0	0	
39	0	0	
39	0	0	
39	0	0	
39	0	0	
39	0	0	
39	0	0	
39	0	0	
39	0	0	
39	0	0	
39	0	0	
39	0	0	
39	0	0	
39	0	0	
39	0	0	
39	0	0	
39	1.25	1.25	
39	6.25	1.25	
39	16.25	3.75	
39	20	5	
39	23.75	5	
39	35	7.5	
39	41.25	8.75	
39	55	8.75	
39	71.25	11.25	
39	78.75	11.25	
39	86.25	12.5	
39	103.75	12.5	
39	131.25	15	
39	141.25	16.25	
39	151.25	16.25	
39	170	20	
39	180	22.5	
39	197.5	27.5	
39	213.75	32.5	
39	222.5	32.5	
39	230	36.25	
39	236.25	36.25	
39	261.25	42.5	
39	266.25	42.5	
39	271.25	43.75	
39	276.25	43.75	
39	283.75	43.75	
39	291.25	43.75	
39	296.25	43.75	
39	297.5	43.75	
39	298.75	43.75	
39	298.75	43.75	
39	301.25	43.75	
39	301.25	43.75	
39	301.25	43.75	
39	301.25	43.75	
39	301.25	43.75	
39	301.25	43.75	
39	301.25	43.75	
39	301.25	43.75	
39	301.25	43.75	
39	301.25	43.75	
39	301.25	43.75	
39	301.25	43.75	
39	301.25	43.75	
39	301.25	43.75	
39	301.25	43.75	
39	301.25	43.75	
40	0	0	
40	0	0	
40	0	0	
40	0	0	
40	0	0	
40	0	0	
40	0	0	
40	0	0	
40	0	0	
40	0	0	
40	0	0	
40	0	0	
40	0	0	
40	0	0	
40	0	0	
40	0	0	
40	0	0	
40	0	0	
40	0	0	
40	0	0	
40	0	0	
40	0	0	
40	0	0	
40	0	0	
40	0	0	
40	0	0	
40	0	0	
40	0	0	
40	0	0	
40	0	0	
40	0	0	
40	0	0	
40	0	0	
40	0	0	
40	0	0	
40	0	0	
40	0	0	
40	0	0	
40	0	0	
40	0	0	
40	1.25	0	
40	3.75	0	
40	5	0	
40	10	3.75	
40	12.5	3.75	
40	17.5	5	
40	21.25	5	
40	25	5	
40	38.75	5	
40	43.75	5	
40	48.75	7.5	
40	61.25	7.5	
40	67.5	7.5	
40	90	7.5	
40	97.5	7.5	
40	112.5	5	
40	121.25	5	
40	128.75	5	
40	155	5	
40	162.5	5	
40	171.25	5	
40	188.75	5	
40	196.25	5	
40	212.5	7.5	
40	228.75	7.5	
40	243.75	8.75	
40	251.25	8.75	
40	257.5	8.75	
40	272.5	8.75	
40	276.25	8.75	
40	278.75	8.75	
40	283.75	11.25	
40	285	11.25	
40	286.25	11.25	
41	0	0	
41	0	0	
41	0	0	
41	0	0	
41	0	0	
41	0	0	
41	0	0	
41	0	0	
41	0	0	
41	0	0	
41	0	0	
41	0	0	
41	0	0	
41	0	0	
41	0	0	
41	0	0	
41	0	0	
41	0	0	
41	0	0	
41	0	0	
41	0	0	
41	0	0	
41	0	0	
41	0	0	
41	0	0	
41	0	0	
41	0	0	
41	0	0	
41	0	1.25	
41	3.75	1.25	
41	6.25	1.25	
41	10	1.25	
41	18.75	3.75	
41	37.5	5	
41	43.75	5	
41	52.5	5	
41	61.25	5	
41	78.75	5	
41	98.75	5	
41	107.5	5	
41	128.75	3.75	
41	140	5	
41	162.5	5	
41	197.5	5	
41	208.75	5	
41	220	5	
41	232.5	5	
41	256.25	5	
41	277.5	8.75	
41	287.5	8.75	
41	306.25	10	
41	315	10	
41	323.75	10	
41	343.75	10	
41	343.75	10	
41	343.75	10	
41	343.75	10	
41	343.75	10	
41	343.75	10	
41	343.75	10	
41	343.75	10	
41	343.75	10	
41	343.75	10	
41	343.75	10	
41	343.75	10	
41	343.75	10	
41	343.75	10	
41	343.75	10	
41	343.75	10	
41	343.75	10	
41	343.75	10	
41	343.75	10	
41	343.75	10	
41	343.75	10	
42	0	0	
42	0	0	
42	0	0	
42	0	0	
42	0	0	
42	0	0	
42	0	0	
42	0	0	
42	0	0	
42	0	0	
42	0	0	
42	0	0	
42	0	0	
42	0	0	
42	0	0	
42	0	0	
42	0	0	
42	0	0	
42	0	0	
42	0	0	
42	0	0	
42	0	0	
42	0	0	
42	0	0	
42	0	0	
42	0	0	
42	0	0	
42	0	0	
42	0	0	
42	0	0	
42	0	0	
42	0	0	
42	0	0	
42	0	0	
42	0	0	
42	0	0	
42	0	0	
42	0	0	
42	0	0	
42	0	0	
42	0	0	
42	0	0	
42	0	0	
42	0	0	
42	1.25	-1.25	
42	3.75	-1.25	
42	8.75	-1.25	
42	11.25	-1.25	
42	17.5	-1.25	
42	25	-1.25	
42	35	-1.25	
42	41.25	0	
42	47.5	0	
42	67.5	0	
42	75	0	
42	82.5	2.5	
42	98.75	3.75	
42	107.5	3.75	
42	126.25	3.75	
42	147.5	3.75	
42	168.75	3.75	
42	180	3.75	
42	191.25	3.75	
42	222.5	3.75	
42	233.75	3.75	
42	243.75	2.5	
42	255	2.5	
42	273.75	0	
42	291.25	0	
42	306.25	0	
42	318.75	0	
42	323.75	0	
42	327.5	0	
42	333.75	0	
43	0	0	
43	0	0	
43	0	0	
43	0	0	
43	0	0	
43	0	0	
43	0	0	
43	0	0	
43	0	0	
43	0	0	
43	0	0	
43	0	0	
43	0	0	
43	0	0	
43	0	0	
43	0	0	
43	0	0	
43	0	0	
43	0	0	
43	0	0	
43	0	0	
43	0	0	
43	0	0	
43	0	0	
43	0	0	
43	0	0	
43	0	0	
43	5	1.25	
43	11.25	1.25	
43	21.25	1.25	
43	26.25	1.25	
43	32.5	1.25	
43	38.75	3.75	
43	61.25	3.75	
43	68.75	3.75	
43	85	5	
43	93.75	5	
43	108.75	5	
43	125	5	
43	140	5	
43	147.5	7.5	
43	153.75	7.5	
43	161.25	8.75	
43	180	11.25	
43	185	12.5	
43	196.25	12.5	
43	201.25	12.5	
43	211.25	12.5	
43	221.25	12.5	
43	232.5	12.5	
43	237.5	12.5	
43	242.5	12.5	
43	246.25	12.5	
43	260	15	
43	265	15	
43	270	15	
43	277.5	15	
43	282.5	12.5	
43	296.25	12.5	
43	303.75	12.5	
43	308.75	12.5	
43	311.25	11.25	
43	315	11.25	
43	323.75	8.75	
43	326.25	8.75	
43	327.5	8.75	
43	331.25	8.75	
43	331.25	8.75	
43	333.75	8.75	
43	333.75	8.75	
43	335	8.75	
43	335	8.75	
43	335	8.75	
43	335	8.75	
44	0	0	
44	0	0	
44	0	0	
44	0	0	
44	0	0	
44	0	0	
44	0	0	
44	0	0	
44	0	0	
44	0	0	
44	0	0	
44	0	0	
44	0	0	
44	0	0	
44	0	0	
44	0	0	
44	0	0	
44	0	0	
44	0	0	
44	0	0	
44	0	0	
44	0	0	
44	0	0	
44	0	0	
44	0	0	
44	0	0	
44	0	0	
44	0	0	
44	0	0	
44	0	0	
44	0	0	
44	0	0	
44	0	0	
44	0	0	
44	0	0	
44	0	0	
44	0	0	
44	0	0	
44	3.75	0	
44	5	0	
44	11.25	0	
44	15	0	
44	18.75	0	
44	33.75	0	
44	47.5	0	
44	55	0	
44	62.5	0	
44	78.75	0	
44	95	0	
44	103.75	0	
44	122.5	2.5	
44	132.5	2.5	
44	143.75	3.75	
44	173.75	3.75	
44	193.75	3.75	
44	203.75	3.75	
44	212.5	2.5	
44	231.25	0	
44	248.75	0	
44	257.5	0	
44	271.25	-1.25	
44	277.5	-3.75	
44	282.5	-3.75	
44	296.25	-3.75	
44	298.75	-3.75	
44	305	-3.75	
44	307.5	-5	
44	310	-5	
44	312.5	-5	
44	313.75	-7.5	
44	315	-7.5	
44	316.25	-7.5	
44	317.5	-7.5	
44	321.25	-7.5	
45	0	0	
45	0	0	
45	0	0	
45	0	0	
45	0	0	
45	0	0	
45	0	0	
45	0	0	
45	0	0	
45	0	0	
45	0	0	
45	0	0	
45	0	0	
45	0	0	
45	0	0	
45	0	0	
45	0	0	
45	0	0	
45	0	0	
45	0	0	
45	0	0	
45	0	0	
45	0	0	
45	0	0	
45	0	0	
45	0	0	
45	0	0	
45	0	0	
45	0	0	
45	0	0	
45	0	0	
45	0	0	
45	0	0	
45	0	0	
45	0	0	
45	1.25	0	
45	3.75	-1.25	
45	6.25	-1.25	
45	12.5	-5	
45	15	-5	
45	17.5	-6.25	
45	21.25	-6.25	
45	30	-8.75	
45	43.75	-12.5	
45	48.75	-12.5	
45	55	-13.75	
45	65	-16.25	
45	71.25	-17.5	
45	90	-20	
45	97.5	-20	
45	103.75	-20	
45	111.25	-20	
45	125	-20	
45	147.5	-20	
45	156.25	-20	
45	165	-20	
45	182.5	-17.5	
45	190	-17.5	
45	207.5	-16.25	
45	223.75	-16.25	
45	231.25	-16.25	
45	238.75	-16.25	
45	253.75	-16.25	
45	273.75	-16.25	
45	280	-16.25	
45	285	-16.25	
45	295	-12.5	
45	297.5	-12.5	
45	305	-12.5	
45	312.5	-10	
45	315	-10	
45	317.5	-10	
45	321.25	-8.75	
45	327.5	-8.75	
46	0	0	
46	0	0	
46	0	0	
46	0	0	
46	0	0	
46	0	0	
46	0	0	
46	0	0	
46	0	0	
46	0	0	
46	0	0	
46	0	0	
46	0	0	
46	0	0	
46	0	0	
46	0	0	
46	0	0	
46	0	0	
46	0	0	
46	0	0	
46	0	0	
46	0	0	
46	0	0	
46	2.5	2.5	
46	10	3.75	
46	13.75	7.5	
46	20	7.5	
46	31.25	11.25	
46	53.75	15	
46	62.5	15	
46	72.5	15	
46	91.25	17.5	
46	101.25	17.5	
46	120	17.5	
46	140	18.75	
46	151.25	18.75	
46	161.25	18.75	
46	172.5	17.5	
46	205	15	
46	226.25	15	
46	236.25	15	
46	246.25	15	
46	265	15	
46	281.25	17.5	
46	297.5	18.75	
46	303.75	18.75	
46	310	18.75	
46	315	21.25	
46	327.5	22.5	
46	332.5	22.5	
46	333.75	22.5	
46	336.25	22.5	
46	338.75	25	
46	338.75	25	
46	338.75	25	
46	338.75	25	
46	338.75	25	
46	338.75	25	
46	338.75	25	
46	340	25	
46	340	25	
46	340	25	
46	340	25	
46	340	25	
46	340	25	
46	340	25	
46	340	25	
46	340	22.5	
46	342.5	21.25	
46	342.5	18.75	
46	342.5	18.75	
46	342.5	18.75	
46	342.5	18.75	
46	342.5	18.75	
47	0	0	
47	0	0	
47	0	0	
47	0	0	
47	0	0	
47	0	0	
47	0	0	
47	0	0	
47	0	0	
47	0	0	
47	0	0	
47	0	0	
47	0	0	
47	0	0	
47	0	0	
47	0	0	
47	0	0	
47	0	0	
47	0	0	
47	0	0	
47	0	0	
47	0	0	
47	0	0	
47	2.5	-2.5	
47	5	-2.5	
47	8.75	-2.5	
47	16.25	0	
47	22.5	0	
47	42.5	0	
47	51.25	0	
47	60	0	
47	78.75	0	
47	88.75	0	
47	120	0	
47	130	0	
47	141.25	0	
47	152.5	0	
47	176.25	0	
47	211.25	0	
47	222.5	0	
47	233.75	1.25	
47	252.5	1.25	
47	262.5	3.75	
47	280	5	
47	296.25	7.5	
47	302.5	8.75	
47	308.75	8.75	
47	320	11.25	
47	330	12.5	
47	331.25	12.5	
47	333.75	12.5	
47	336.25	12.5	
47	338.75	12.5	
47	340	12.5	
47	340	12.5	
47	341.25	12.5	
47	341.25	12.5	
47	341.25	12.5	
47	341.25	12.5	
47	341.25	12.5	
47	341.25	12.5	
47	341.25	12.5	
47	341.25	12.5	
47	341.25	12.5	
47	341.25	12.5	
47	341.25	12.5	
47	341.25	12.5	
47	341.25	12.5	
47	341.25	12.5	
47	341.25	12.5	
47	341.25	12.5	
47	341.25	12.5	
47	341.25	12.5	
47	341.25	12.5	
48	0	0	
48	0	0	
48	0	0	
48	0	0	
48	0	0	
48	0	0	
48	0	0	
48	0	0	
48	0	0	
48	0	0	
48	0	0	
48	0	0	
48	0	0	
48	0	0	
48	0	0	
48	0	0	
48	0	0	
48	0	0	
48	0	0	
48	0	0	
48	0	0	
48	0	0	
48	0	0	
48	0	0	
48	0	0	
48	2.5	0	
48	3.75	0	
48	6.25	0	
48	17.5	2.5	
48	21.25	2.5	
48	32.5	2.5	
48	38.75	2.5	
48	45	2.5	
48	70	0	
48	87.5	0	
48	96.25	0	
48	106.25	0	
48	117.5	-1.25	
48	152.5	-3.75	
48	165	-3.75	
48	188.75	-3.75	
48	201.25	-3.75	
48	212.5	-3.75	
48	246.25	-3.75	
48	265	-3.75	
48	273.75	-3.75	
48	281.25	-3.75	
48	288.75	-1.25	
48	302.5	0	
48	306.25	0	
48	312.5	0	
48	315	0	
48	317.5	0	
48	323.75	0	
48	326.25	0	
48	328.75	-1.25	
48	330	-1.25	
48	331.25	-1.25	
48	333.75	-1.25	
48	333.75	-1.25	
48	333.75	-1.25	
48	333.75	-1.25	
48	333.75	-1.25	
48	333.75	-1.25	
48	333.75	-1.25	
48	333.75	-1.25	
48	333.75	-1.25	
48	333.75	-1.25	
48	333.75	-1.25	
48	333.75	-1.25	
48	333.75	-1.25	
48	333.75	-1.25	
48	333.75	-1.25	
48	333.75	-1.25	
49	0	0	
49	0	0	
49	0	0	
49	0	0	
49	0	0	
49	0	0	
49	0	0	
49	0	0	
49	0	0	
49	0	0	
49	0	0	
49	0	0	
49	0	0	
49	0	0	
49	0	0	
49	0	0	
49	0	0	
49	0	0	
49	2.5	0	
49	3.75	2.5	
49	7.5	2.5	
49	10	2.5	
49	17.5	3.75	
49	28.75	3.75	
49	42.5	6.25	
49	50	6.25	
49	58.75	6.25	
49	67.5	6.25	
49	96.25	6.25	
49	107.5	6.25	
49	130	3.75	
49	141.25	3.75	
49	163.75	3.75	
49	188.75	3.75	
49	212.5	3.75	
49	225	3.75	
49	236.25	3.75	
49	247.5	3.75	
49	280	6.25	
49	290	7.5	
49	300	7.5	
49	317.5	10	
49	332.5	11.25	
49	345	11.25	
49	345	11.25	
49	345	11.25	
49	345	11.25	
49	345	11.25	
49	345	11.25	
49	345	11.25	
49	345	11.25	
49	345	11.25	
49	345	11.25	
49	345	11.25	
49	345	11.25	
49	345	11.25	
49	345	11.25	
49	345	11.25	
49	345	11.25	
49	345	11.25	
49	345	11.25	
49	345	11.25	
49	345	11.25	
49	345	11.25	
49	345	11.25	
49	345	11.25	
49	345	11.25	
49	345	11.25	
49	345	11.25	
49	345	11.25	
49	345	11.25	
49	345	11.25	
49	345	11.25	
49	345	11.25	
50	0	0	
50	0	0	
50	0	0	
50	0	0	
50	0	0	
50	0	0	
50	0	0	
50	0	0	
50	0	0	
50	0	0	
50	0	0	
50	0	0	
50	0	0	
50	0	0	
50	0	0	
50	0	0	
50	1.25	0	
50	5	0	
50	13.75	-1.25	
50	18.75	-1.25	
50	23.75	-3.75	
50	36.25	-3.75	
50	43.75	-3.75	
50	70	-5	
50	80	-5	
50	90	-5	
50	101.25	-5	
50	123.75	-5	
50	161.25	-7.5	
50	173.75	-7.5	
50	186.25	-7.5	
50	211.25	-7.5	
50	223.75	-7.5	
50	246.25	-7.5	
50	265	-7.5	
50	275	-5	
50	282.5	-5	
50	297.5	-3.75	
50	313.75	-1.25	
50	316.25	-1.25	
50	320	-1.25	
50	322.5	-1.25	
50	325	0	
50	326.25	0	
50	326.25	0	
50	326.25	0	
50	326.25	0	
50	326.25	0	
50	326.25	0	
50	326.25	0	
50	326.25	0	
50	326.25	0	
50	326.25	0	
50	326.25	0	
50	326.25	0	
50	326.25	0	
50	326.25	0	
50	326.25	0	
50	326.25	0	
50	326.25	0	
50	326.25	0	
50	326.25	0	
50	326.25	0	
50	326.25	0	
50	326.25	0	
50	326.25	0	
50	326.25	0	
50	326.25	0	
50	326.25	0	
50	326.25	0	
50	326.25	0	
50	326.25	0	
50	326.25	0	
50	326.25	0	
51	0	0	
51	0	0	
51	0	0	
51	0	0	
51	0	0	
51	0	0	
51	0	0	
51	0	0	
51	0	0	
51	0	0	
51	0	0	
51	0	0	
51	0	0	
51	0	0	
51	0	0	
51	0	0	
51	0	0	
51	0	0	
51	0	0	
51	0	0	
51	0	0	
51	0	0	
51	0	0	
51	0	0	
51	0	0	
51	0	0	
51	1.25	0	
51	1.25	0	
51	7.5	0	
51	10	0	
51	18.75	0	
51	22.5	-2.5	
51	27.5	-2.5	
51	46.25	-3.75	
51	53.75	-3.75	
51	61.25	-6.25	
51	80	-6.25	
51	87.5	-6.25	
51	116.25	-6.25	
51	126.25	-6.25	
51	147.5	-6.25	
51	157.5	-3.75	
51	167.5	-2.5	
51	198.75	1.25	
51	210	1.25	
51	220	3.75	
51	230	5	
51	250	5	
51	276.25	5	
51	285	5	
51	298.75	5	
51	305	5	
51	310	7.5	
51	320	8.75	
51	322.5	8.75	
51	323.75	8.75	
51	323.75	8.75	
51	325	8.75	
51	326.25	8.75	
51	326.25	8.75	
51	326.25	8.75	
51	326.25	8.75	
51	326.25	8.75	
51	326.25	8.75	
51	326.25	8.75	
51	326.25	8.75	
51	326.25	8.75	
51	326.25	8.75	
51	326.25	8.75	
51	326.25	8.75	
51	326.25	8.75	
51	326.25	8.75	
51	326.25	8.75	
51	326.25	8.75	
52	0	0	
52	0	0	
52	0	0	
52	0	0	
52	0	0	
52	0	0	
52	0	0	
52	0	0	
52	0	0	
52	0	0	
52	0	0	
52	0	0	
52	0	0	
52	0	0	
52	0	0	
52	0	0	
52	0	0	
52	0	0	
52	0	0	
52	0	0	
52	0	0	
52	0	0	
52	0	0	
52	0	0	
52	0	0	
52	0	0	
52	0	0	
52	2.5	-2.5	
52	7.5	-2.5	
52	11.25	-2.5	
52	21.25	-2.5	
52	26.25	-2.5	
52	33.75	0	
52	61.25	0	
52	83.75	1.25	
52	95	1.25	
52	108.75	1.25	
52	136.25	3.75	
52	151.25	3.75	
52	171.25	3.75	
52	207.5	3.75	
52	225	5	
52	241.25	5	
52	286.25	5	
52	308.75	7.5	
52	317.5	8.75	
52	323.75	8.75	
52	332.5	11.25	
52	337.5	11.25	
52	340	11.25	
52	341.25	11.25	
52	341.25	11.25	
52	342.5	11.25	
52	342.5	11.25	
52	342.5	11.25	
52	342.5	11.25	
52	342.5	11.25	
52	342.5	11.25	
52	342.5	11.25	
52	342.5	11.25	
52	342.5	11.25	
52	342.5	11.25	
52	342.5	11.25	
52	342.5	11.25	
52	342.5	11.25	
52	342.5	11.25	
52	342.5	11.25	
52	342.5	11.25	
52	342.5	11.25	
52	342.5	11.25	
52	342.5	11.25	
52	342.5	11.25	
52	342.5	11.25	
52	342.5	11.25	
53	0	0	
53	0	0	
53	0	0	
53	0	0	
53	0	0	
53	0	0	
53	0	0	
53	0	0	
53	0	0	
53	0	0	
53	0	0	
53	0	0	
53	0	0	
53	0	0	
53	0	0	
53	0	0	
53	0	0	
53	0	0	
53	0	0	
53	0	0	
53	0	0	
53	0	0	
53	0	0	
53	0	0	
53	0	0	
53	0	0	
53	0	0	
53	0	0	
53	0	0	
53	0	0	
53	0	0	
53	0	0	
53	0	0	
53	0	0	
53	0	0	
53	0	0	
53	0	0	
53	0	0	
53	0	0	
53	0	0	
53	0	0	
53	0	0	
53	0	0	
53	1.25	0	
53	2.5	0	
53	5	0	
53	7.5	0	
53	13.75	0	
53	23.75	0	
53	35	0	
53	42.5	2.5	
53	57.5	2.5	
53	66.25	2.5	
53	93.75	2.5	
53	103.75	2.5	
53	115	2.5	
53	127.5	2.5	
53	152.5	2.5	
53	177.5	2.5	
53	205	2.5	
53	218.75	3.75	
53	232.5	3.75	
53	258.75	6.25	
53	295	7.5	
53	306.25	7.5	
53	316.25	10	
53	325	10	
53	337.5	11.25	
53	345	11.25	
53	345	11.25	
53	345	11.25	
53	345	11.25	
53	345	11.25	
53	345	11.25	
54	0	0	
54	0	0	
54	0	0	
54	0	0	
54	0	0	
54	0	0	
54	0	0	
54	0	0	
54	0	0	
54	0	0	
54	0	0	
54	0	0	
54	0	0	
54	0	0	
54	0	0	
54	0	0	
54	0	0	
54	0	0	
54	0	0	
54	0	0	
54	0	0	
54	0	0	
54	0	0	
54	0	0	
54	2.5	0	
54	6.25	-1.25	
54	10	-1.25	
54	15	-1.25	
54	40	-1.25	
54	47.5	-1.25	
54	56.25	-1.25	
54	65	-1.25	
54	83.75	-3.75	
54	105	-3.75	
54	116.25	-1.25	
54	140	-1.25	
54	151.25	-1.25	
54	165	-1.25	
54	201.25	0	
54	225	0	
54	237.5	2.5	
54	248.75	3.75	
54	268.75	3.75	
54	286.25	3.75	
54	293.75	6.25	
54	305	6.25	
54	308.75	7.5	
54	312.5	7.5	
54	318.75	7.5	
54	320	7.5	
54	321.25	7.5	
54	321.25	7.5	
54	321.25	7.5	
54	321.25	7.5	
54	321.25	7.5	
54	322.5	7.5	
54	322.5	7.5	
54	322.5	7.5	
54	322.5	7.5	
54	322.5	7.5	
54	322.5	7.5	
54	322.5	7.5	
54	322.5	7.5	
54	322.5	7.5	
54	322.5	7.5	
54	322.5	7.5	
54	322.5	7.5	
54	322.5	7.5	
54	322.5	7.5	
54	322.5	7.5	
54	322.5	7.5	
54	322.5	7.5	
54	322.5	7.5	
54	322.5	7.5	
55	0	0	
55	0	0	
55	0	0	
55	0	0	
55	0	0	
55	0	0	
55	0	0	
55	0	0	
55	0	0	
55	0	0	
55	0	0	
55	0	0	
55	0	0	
55	0	0	
55	0	0	
55	0	0	
55	0	0	
55	0	0	
55	0	0	
55	0	0	
55	0	0	
55	0	0	
55	0	0	
55	2.5	-2.5	
55	5	-2.5	
55	10	-2.5	
55	25	-2.5	
55	32.5	-2.5	
55	52.5	0	
55	75	0	
55	87.5	0	
55	102.5	0	
55	116.25	0	
55	155	0	
55	173.75	1.25	
55	210	1.25	
55	226.25	1.25	
55	243.75	3.75	
55	273.75	5	
55	296.25	5	
55	306.25	5	
55	313.75	3.75	
55	321.25	3.75	
55	332.5	1.25	
55	335	1.25	
55	337.5	1.25	
55	338.75	1.25	
55	338.75	1.25	
55	338.75	1.25	
55	340	1.25	
55	340	1.25	
55	340	1.25	
55	340	1.25	
55	340	1.25	
55	340	1.25	
55	340	1.25	
55	340	1.25	
55	340	1.25	
55	340	1.25	
55	340	1.25	
55	340	1.25	
55	340	1.25	
55	340	1.25	
55	340	1.25	
55	340	1.25	
55	340	1.25	
55	340	1.25	
55	340	1.25	
55	340	1.25	
55	340	1.25	
55	340	1.25	
55	340	1.25	
55	340	1.25	
55	340	1.25	
