Trial	X	Y
Trial	X	Y
Trial	X	Y
1	0	0	
1	0	0	
1	0	0	
1	0	0	
1	0	0	
1	0	0	
1	0	0	
1	0	0	
1	0	0	
1	0	0	
1	0	0	
1	0	0	
1	0	0	
1	0	0	
1	0	0	
1	0	0	
1	0	0	
1	0	0	
1	0	0	
1	0	0	
1	0	0	
1	0	0	
1	11.25	-2.5	
1	16.25	-2.5	
1	30	-2.5	
1	37.5	-3.75	
1	47.5	-6.25	
1	85	-10	
1	117.5	-17.5	
1	136.25	-21.25	
1	155	-25	
1	195	-35	
1	235	-41.25	
1	253.75	-45	
1	290	-45	
1	306.25	-45	
1	317.5	-45	
1	336.25	-45	
1	343.75	-45	
1	345	-45	
1	346.25	-45	
1	346.25	-45	
1	346.25	-45	
1	346.25	-45	
1	346.25	-45	
1	346.25	-45	
1	346.25	-45	
1	346.25	-45	
1	346.25	-45	
1	346.25	-45	
1	346.25	-45	
1	346.25	-45	
1	346.25	-45	
1	346.25	-45	
1	346.25	-45	
1	346.25	-45	
1	346.25	-45	
1	346.25	-45	
1	346.25	-45	
1	346.25	-45	
1	346.25	-45	
1	346.25	-45	
1	346.25	-45	
1	346.25	-45	
1	346.25	-45	
1	346.25	-45	
1	346.25	-45	
1	346.25	-45	
1	346.25	-45	
1	346.25	-45	
1	346.25	-45	
1	346.25	-45	
1	346.25	-45	
1	346.25	-45	
Trial	X	Y
1	0	0	
1	0	0	
1	0	0	
1	0	0	
1	0	0	
1	0	0	
1	0	0	
1	0	0	
1	0	0	
1	0	0	
1	0	0	
1	0	0	
1	0	0	
1	0	0	
1	0	0	
1	0	0	
1	0	0	
1	0	0	
1	0	0	
1	0	0	
1	0	0	
1	0	0	
1	0	0	
1	0	0	
1	0	0	
1	0	0	
1	3.75	0	
1	6.25	0	
1	11.25	0	
1	17.5	1.25	
1	56.25	12.5	
1	70	16.25	
1	83.75	20	
1	97.5	22.5	
1	111.25	23.75	
1	156.25	31.25	
1	171.25	31.25	
1	187.5	35	
1	215	38.75	
1	227.5	38.75	
1	256.25	38.75	
1	262.5	38.75	
1	272.5	35	
1	277.5	35	
1	281.25	31.25	
1	291.25	26.25	
1	295	23.75	
1	298.75	20	
1	302.5	16.25	
1	311.25	12.5	
1	323.75	7.5	
1	326.25	5	
1	328.75	3.75	
1	333.75	1.25	
1	335	-2.5	
1	338.75	-6.25	
1	341.25	-10	
1	341.25	-10	
1	342.5	-11.25	
1	342.5	-13.75	
1	342.5	-13.75	
1	342.5	-13.75	
1	342.5	-13.75	
1	342.5	-13.75	
1	342.5	-13.75	
1	342.5	-13.75	
1	342.5	-13.75	
1	342.5	-13.75	
1	342.5	-13.75	
1	342.5	-13.75	
1	342.5	-13.75	
1	342.5	-13.75	
1	342.5	-13.75	
1	342.5	-13.75	
2	0	0	
2	0	0	
2	0	0	
2	0	0	
2	0	0	
2	0	0	
2	0	0	
2	1.25	0	
2	1.25	0	
2	1.25	0	
2	1.25	0	
2	1.25	0	
2	1.25	0	
2	1.25	0	
2	1.25	0	
2	1.25	0	
2	1.25	0	
2	1.25	0	
2	1.25	0	
2	1.25	0	
2	1.25	0	
2	1.25	0	
2	1.25	0	
2	1.25	0	
2	1.25	0	
2	3.75	2.5	
2	5	2.5	
2	10	3.75	
2	13.75	3.75	
2	18.75	7.5	
2	42.5	11.25	
2	52.5	13.75	
2	63.75	15	
2	90	17.5	
2	103.75	17.5	
2	152.5	18.75	
2	168.75	21.25	
2	203.75	22.5	
2	221.25	25	
2	237.5	25	
2	283.75	22.5	
2	297.5	22.5	
2	320	17.5	
2	330	15	
2	340	11.25	
2	340	11.25	
2	340	11.25	
2	340	11.25	
2	340	11.25	
2	340	11.25	
2	340	11.25	
2	340	11.25	
2	340	11.25	
2	340	11.25	
2	340	11.25	
2	340	11.25	
2	340	11.25	
2	340	11.25	
2	340	11.25	
2	340	11.25	
2	340	11.25	
2	340	11.25	
2	340	11.25	
2	340	11.25	
2	340	11.25	
2	340	11.25	
2	340	11.25	
2	340	11.25	
2	340	11.25	
2	340	11.25	
2	340	11.25	
2	340	11.25	
2	340	11.25	
2	340	11.25	
3	0	0	
3	0	0	
3	0	0	
3	0	0	
3	0	0	
3	0	0	
3	0	0	
3	0	0	
3	0	0	
3	0	0	
3	0	0	
3	0	0	
3	0	0	
3	0	0	
3	0	0	
3	0	0	
3	0	0	
3	0	0	
3	0	0	
3	0	0	
3	0	0	
3	0	0	
3	0	0	
3	0	0	
3	0	0	
3	1.25	0	
3	6.25	0	
3	10	0	
3	16.25	-1.25	
3	22.5	-1.25	
3	51.25	0	
3	62.5	0	
3	76.25	0	
3	106.25	3.75	
3	122.5	6.25	
3	176.25	15	
3	195	17.5	
3	230	21.25	
3	246.25	22.5	
3	258.75	22.5	
3	291.25	18.75	
3	298.75	17.5	
3	305	15	
3	315	13.75	
3	318.75	11.25	
3	325	10	
3	326.25	10	
3	327.5	10	
3	328.75	10	
3	330	10	
3	331.25	11.25	
3	331.25	11.25	
3	331.25	11.25	
3	333.75	11.25	
3	333.75	11.25	
3	337.5	11.25	
3	338.75	11.25	
3	341.25	11.25	
3	342.5	11.25	
3	342.5	11.25	
3	343.75	11.25	
3	343.75	11.25	
3	343.75	11.25	
3	343.75	11.25	
3	343.75	11.25	
3	343.75	11.25	
3	343.75	11.25	
3	343.75	11.25	
3	343.75	11.25	
3	343.75	11.25	
3	343.75	11.25	
3	343.75	11.25	
3	343.75	11.25	
3	343.75	11.25	
4	0	0	
4	0	0	
4	0	0	
4	0	0	
4	0	0	
4	0	0	
4	0	0	
4	0	0	
4	0	0	
4	0	0	
4	0	0	
4	0	0	
4	0	0	
4	0	0	
4	0	0	
4	0	0	
4	0	0	
4	0	0	
4	0	0	
4	0	0	
4	0	0	
4	0	0	
4	0	0	
4	0	0	
4	0	0	
4	1.25	2.5	
4	6.25	3.75	
4	10	7.5	
4	16.25	10	
4	32.5	15	
4	67.5	22.5	
4	81.25	25	
4	95	26.25	
4	128.75	28.75	
4	146.25	30	
4	185	33.75	
4	223.75	41.25	
4	242.5	43.75	
4	278.75	45	
4	293.75	47.5	
4	328.75	45	
4	337.5	45	
4	343.75	45	
4	343.75	45	
4	343.75	45	
4	343.75	45	
4	343.75	45	
4	343.75	45	
4	343.75	45	
4	343.75	45	
4	343.75	45	
4	343.75	45	
4	343.75	45	
4	343.75	45	
4	343.75	45	
4	343.75	45	
4	343.75	45	
4	343.75	45	
4	343.75	45	
4	343.75	45	
4	343.75	45	
4	343.75	45	
4	343.75	45	
4	343.75	45	
4	343.75	45	
4	343.75	45	
4	343.75	45	
4	343.75	45	
4	343.75	45	
4	343.75	45	
4	343.75	45	
4	343.75	45	
4	343.75	45	
4	343.75	45	
5	0	0	
5	0	0	
5	0	0	
5	0	0	
5	0	0	
5	0	0	
5	0	0	
5	0	0	
5	0	0	
5	0	0	
5	0	0	
5	0	0	
5	0	0	
5	0	0	
5	0	0	
5	0	0	
5	0	0	
5	0	0	
5	0	0	
5	0	0	
5	0	0	
5	0	0	
5	0	0	
5	0	0	
5	0	0	
5	0	0	
5	0	0	
5	0	0	
5	0	0	
5	0	0	
5	0	1.25	
5	2.5	1.25	
5	5	3.75	
5	12.5	5	
5	20	7.5	
5	46.25	11.25	
5	57.5	12.5	
5	70	12.5	
5	83.75	16.25	
5	115	20	
5	148.75	26.25	
5	181.25	30	
5	196.25	31.25	
5	222.5	30	
5	233.75	27.5	
5	262.5	23.75	
5	270	22.5	
5	277.5	20	
5	283.75	20	
5	293.75	16.25	
5	301.25	12.5	
5	307.5	11.25	
5	308.75	8.75	
5	312.5	8.75	
5	315	8.75	
5	320	7.5	
5	325	5	
5	327.5	5	
5	328.75	5	
5	331.25	5	
5	332.5	3.75	
5	335	3.75	
5	335	3.75	
5	336.25	3.75	
5	336.25	3.75	
5	336.25	3.75	
5	336.25	3.75	
5	336.25	3.75	
5	336.25	3.75	
5	336.25	3.75	
5	336.25	3.75	
5	336.25	3.75	
5	336.25	3.75	
5	336.25	3.75	
6	0	0	
6	0	0	
6	0	0	
6	0	0	
6	0	0	
6	0	0	
6	0	0	
6	0	0	
6	0	0	
6	0	0	
6	0	0	
6	0	0	
6	0	0	
6	0	0	
6	0	0	
6	0	0	
6	0	0	
6	0	0	
6	0	0	
6	0	0	
6	0	0	
6	0	0	
6	0	0	
6	0	0	
6	0	0	
6	0	0	
6	0	0	
6	0	0	
6	0	0	
6	2.5	2.5	
6	11.25	3.75	
6	17.5	6.25	
6	25	7.5	
6	37.5	7.5	
6	63.75	11.25	
6	77.5	11.25	
6	98.75	11.25	
6	136.25	13.75	
6	155	13.75	
6	171.25	15	
6	206.25	15	
6	222.5	15	
6	236.25	15	
6	260	15	
6	277.5	15	
6	291.25	17.5	
6	296.25	17.5	
6	302.5	17.5	
6	306.25	18.75	
6	307.5	18.75	
6	311.25	18.75	
6	312.5	18.75	
6	312.5	18.75	
6	312.5	18.75	
6	312.5	18.75	
6	312.5	18.75	
6	312.5	18.75	
6	312.5	18.75	
6	312.5	18.75	
6	312.5	18.75	
6	313.75	18.75	
6	313.75	18.75	
6	313.75	18.75	
6	315	18.75	
6	316.25	18.75	
6	317.5	18.75	
6	318.75	18.75	
6	320	17.5	
6	322.5	17.5	
6	322.5	17.5	
6	325	15	
6	325	15	
6	325	15	
6	325	15	
7	0	0	
7	0	0	
7	0	0	
7	0	0	
7	0	0	
7	0	0	
7	0	0	
7	0	0	
7	0	0	
7	0	0	
7	0	0	
7	0	0	
7	0	0	
7	0	0	
7	0	0	
7	0	0	
7	0	0	
7	0	0	
7	0	0	
7	0	0	
7	0	0	
7	0	0	
7	0	0	
7	0	0	
7	0	0	
7	0	0	
7	0	0	
7	0	2.5	
7	1.25	3.75	
7	2.5	3.75	
7	11.25	7.5	
7	17.5	7.5	
7	25	10	
7	45	10	
7	57.5	10	
7	72.5	10	
7	92.5	10	
7	128.75	10	
7	146.25	7.5	
7	180	7.5	
7	210	3.75	
7	225	3.75	
7	251.25	2.5	
7	263.75	0	
7	273.75	-1.25	
7	297.5	-3.75	
7	301.25	-5	
7	308.75	-7.5	
7	311.25	-7.5	
7	313.75	-7.5	
7	315	-7.5	
7	315	-7.5	
7	315	-7.5	
7	315	-7.5	
7	315	-7.5	
7	316.25	-7.5	
7	316.25	-7.5	
7	316.25	-7.5	
7	316.25	-7.5	
7	316.25	-7.5	
7	316.25	-7.5	
7	316.25	-7.5	
7	316.25	-7.5	
7	316.25	-7.5	
7	316.25	-7.5	
7	316.25	-7.5	
7	316.25	-7.5	
7	316.25	-7.5	
7	316.25	-7.5	
7	316.25	-7.5	
7	316.25	-7.5	
7	316.25	-7.5	
7	316.25	-7.5	
7	316.25	-7.5	
8	0	0	
8	0	0	
8	0	0	
8	0	0	
8	0	0	
8	0	0	
8	0	0	
8	0	0	
8	0	0	
8	0	0	
8	0	0	
8	0	0	
8	0	0	
8	0	0	
8	0	0	
8	0	0	
8	0	0	
8	0	0	
8	0	0	
8	0	0	
8	0	0	
8	0	0	
8	0	0	
8	0	0	
8	0	0	
8	2.5	0	
8	7.5	0	
8	13.75	2.5	
8	20	3.75	
8	28.75	3.75	
8	65	7.5	
8	95	7.5	
8	111.25	7.5	
8	127.5	6.25	
8	162.5	3.75	
8	198.75	3.75	
8	217.5	3.75	
8	252.5	7.5	
8	268.75	7.5	
8	283.75	11.25	
8	317.5	15	
8	331.25	15	
8	336.25	15	
8	341.25	15	
8	348.75	13.75	
8	348.75	13.75	
8	348.75	13.75	
8	348.75	13.75	
8	348.75	13.75	
8	348.75	13.75	
8	348.75	13.75	
8	348.75	13.75	
8	348.75	13.75	
8	348.75	13.75	
8	348.75	13.75	
8	348.75	13.75	
8	348.75	13.75	
8	348.75	13.75	
8	348.75	13.75	
8	348.75	13.75	
8	348.75	13.75	
8	348.75	13.75	
8	348.75	13.75	
8	348.75	13.75	
8	348.75	13.75	
8	348.75	13.75	
8	348.75	13.75	
8	348.75	13.75	
8	348.75	13.75	
8	348.75	13.75	
8	348.75	13.75	
8	348.75	13.75	
8	348.75	13.75	
8	348.75	13.75	
9	0	0	
9	0	0	
9	0	0	
9	0	0	
9	0	0	
9	0	0	
9	0	0	
9	0	0	
9	0	0	
9	0	0	
9	0	0	
9	0	0	
9	0	0	
9	0	0	
9	0	0	
9	0	0	
9	0	0	
9	0	0	
9	0	0	
9	0	0	
9	0	0	
9	0	0	
9	0	0	
9	0	0	
9	0	0	
9	0	0	
9	1.25	0	
9	5	0	
9	8.75	0	
9	15	0	
9	42.5	3.75	
9	53.75	3.75	
9	67.5	3.75	
9	82.5	3.75	
9	116.25	0	
9	172.5	-5	
9	191.25	-7.5	
9	211.25	-7.5	
9	248.75	-7.5	
9	265	-7.5	
9	295	-5	
9	320	-5	
9	330	-5	
9	345	-5	
9	345	-5	
9	345	-5	
9	345	-5	
9	345	-5	
9	345	-5	
9	345	-5	
9	345	-5	
9	345	-5	
9	345	-5	
9	345	-5	
9	345	-5	
9	345	-5	
9	345	-5	
9	345	-5	
9	345	-5	
9	345	-5	
9	345	-5	
9	345	-5	
9	345	-5	
9	345	-5	
9	345	-5	
9	345	-5	
9	345	-5	
9	345	-5	
9	345	-5	
9	345	-5	
9	345	-5	
9	345	-5	
9	345	-5	
9	345	-5	
10	0	0	
10	0	0	
10	0	0	
10	0	0	
10	0	0	
10	0	0	
10	0	0	
10	0	0	
10	0	0	
10	0	0	
10	-1.25	1.25	
10	-1.25	1.25	
10	-1.25	1.25	
10	-1.25	1.25	
10	-1.25	1.25	
10	-1.25	1.25	
10	-1.25	1.25	
10	-1.25	1.25	
10	-1.25	1.25	
10	-1.25	1.25	
10	-1.25	1.25	
10	-1.25	1.25	
10	-1.25	1.25	
10	-1.25	1.25	
10	-1.25	1.25	
10	-1.25	1.25	
10	-1.25	1.25	
10	-1.25	1.25	
10	-1.25	1.25	
10	-1.25	1.25	
10	-1.25	1.25	
10	-1.25	1.25	
10	-1.25	1.25	
10	-1.25	3.75	
10	-1.25	3.75	
10	-1.25	3.75	
10	-1.25	3.75	
10	-1.25	3.75	
10	-1.25	3.75	
10	-1.25	3.75	
10	-1.25	3.75	
10	0	5	
10	0	5	
10	5	8.75	
10	8.75	8.75	
10	28.75	11.25	
10	37.5	12.5	
10	61.25	12.5	
10	73.75	12.5	
10	87.5	12.5	
10	121.25	12.5	
10	141.25	12.5	
10	160	15	
10	193.75	16.25	
10	208.75	20	
10	235	22.5	
10	257.5	23.75	
10	273.75	26.25	
10	281.25	27.5	
10	287.5	30	
10	303.75	31.25	
10	307.5	31.25	
10	310	31.25	
10	313.75	33.75	
10	315	33.75	
10	317.5	33.75	
10	317.5	33.75	
10	317.5	33.75	
10	317.5	33.75	
10	317.5	33.75	
10	318.75	33.75	
10	318.75	35	
10	320	35	
10	320	35	
11	0	0	
11	0	0	
11	0	0	
11	0	0	
11	0	0	
11	0	0	
11	0	0	
11	0	0	
11	0	0	
11	0	0	
11	0	0	
11	0	0	
11	0	0	
11	0	0	
11	0	0	
11	0	0	
11	0	0	
11	0	0	
11	0	0	
11	0	0	
11	0	0	
11	0	0	
11	0	0	
11	0	0	
11	0	0	
11	0	0	
11	0	0	
11	0	0	
11	0	0	
11	0	0	
11	3.75	2.5	
11	5	2.5	
11	11.25	3.75	
11	16.25	3.75	
11	21.25	3.75	
11	48.75	7.5	
11	61.25	10	
11	76.25	11.25	
11	106.25	15	
11	122.5	18.75	
11	173.75	25	
11	192.5	28.75	
11	228.75	36.25	
11	245	40	
11	261.25	43.75	
11	297.5	48.75	
11	306.25	48.75	
11	313.75	48.75	
11	320	48.75	
11	330	47.5	
11	340	45	
11	341.25	43.75	
11	347.5	41.25	
11	347.5	41.25	
11	347.5	41.25	
11	347.5	41.25	
11	347.5	41.25	
11	347.5	41.25	
11	347.5	41.25	
11	347.5	41.25	
11	347.5	41.25	
11	347.5	41.25	
11	347.5	41.25	
11	347.5	41.25	
11	347.5	41.25	
11	347.5	41.25	
11	347.5	41.25	
11	347.5	41.25	
11	347.5	41.25	
11	347.5	41.25	
11	347.5	41.25	
11	347.5	41.25	
11	347.5	41.25	
11	347.5	41.25	
12	0	0	
12	0	0	
12	0	0	
12	0	0	
12	0	0	
12	0	0	
12	0	0	
12	0	0	
12	0	0	
12	0	0	
12	0	0	
12	0	0	
12	0	0	
12	0	0	
12	0	0	
12	0	0	
12	0	0	
12	0	0	
12	0	0	
12	0	0	
12	0	0	
12	0	0	
12	0	0	
12	0	0	
12	0	0	
12	0	0	
12	0	0	
12	0	0	
12	1.25	0	
12	3.75	2.5	
12	12.5	3.75	
12	20	6.25	
12	38.75	7.5	
12	66.25	7.5	
12	82.5	10	
12	117.5	10	
12	153.75	10	
12	172.5	11.25	
12	190	11.25	
12	221.25	13.75	
12	246.25	15	
12	257.5	15	
12	272.5	15	
12	282.5	15	
12	285	15	
12	290	13.75	
12	293.75	13.75	
12	293.75	13.75	
12	295	13.75	
12	295	13.75	
12	295	13.75	
12	295	13.75	
12	296.25	13.75	
12	300	15	
12	302.5	15	
12	308.75	18.75	
12	316.25	18.75	
12	318.75	18.75	
12	322.5	21.25	
12	325	21.25	
12	331.25	21.25	
12	333.75	22.5	
12	336.25	22.5	
12	338.75	22.5	
12	340	22.5	
12	340	22.5	
12	340	22.5	
12	340	22.5	
12	340	22.5	
12	340	22.5	
12	340	22.5	
12	340	22.5	
12	340	22.5	
12	340	22.5	
13	0	0	
13	0	0	
13	0	0	
13	0	0	
13	0	0	
13	0	0	
13	0	0	
13	0	0	
13	0	0	
13	0	0	
13	0	0	
13	0	0	
13	0	0	
13	0	0	
13	0	0	
13	0	0	
13	0	0	
13	0	0	
13	0	0	
13	0	0	
13	0	0	
13	0	0	
13	0	0	
13	0	0	
13	0	0	
13	0	0	
13	0	0	
13	0	0	
13	0	0	
13	0	0	
13	0	0	
13	0	0	
13	0	0	
13	0	0	
13	0	0	
13	0	0	
13	0	0	
13	0	0	
13	1.25	0	
13	2.5	2.5	
13	10	3.75	
13	23.75	6.25	
13	32.5	7.5	
13	43.75	7.5	
13	55	10	
13	116.25	11.25	
13	133.75	11.25	
13	152.5	11.25	
13	190	11.25	
13	208.75	10	
13	245	7.5	
13	278.75	7.5	
13	293.75	7.5	
13	308.75	7.5	
13	321.25	7.5	
13	343.75	7.5	
13	343.75	7.5	
13	343.75	7.5	
13	343.75	7.5	
13	343.75	7.5	
13	343.75	7.5	
13	343.75	7.5	
13	343.75	7.5	
13	343.75	7.5	
13	343.75	7.5	
13	343.75	7.5	
13	343.75	7.5	
13	343.75	7.5	
13	343.75	7.5	
13	343.75	7.5	
13	343.75	7.5	
13	343.75	7.5	
13	343.75	7.5	
13	343.75	7.5	
14	0	0	
14	0	0	
14	0	0	
14	0	0	
14	0	0	
14	0	0	
14	0	0	
14	0	0	
14	0	0	
14	0	0	
14	0	0	
14	0	0	
14	0	0	
14	0	0	
14	0	0	
14	0	0	
14	0	0	
14	0	0	
14	0	0	
14	0	0	
14	0	0	
14	0	0	
14	0	0	
14	0	0	
14	0	0	
14	0	0	
14	0	0	
14	-1.25	0	
14	-1.25	0	
14	-1.25	0	
14	-1.25	0	
14	-1.25	0	
14	0	0	
14	2.5	2.5	
14	6.25	3.75	
14	18.75	6.25	
14	37.5	7.5	
14	51.25	10	
14	65	10	
14	98.75	11.25	
14	155	11.25	
14	175	10	
14	195	7.5	
14	215	7.5	
14	253.75	7.5	
14	290	6.25	
14	321.25	6.25	
14	335	6.25	
14	348.75	6.25	
14	348.75	6.25	
14	348.75	6.25	
14	348.75	6.25	
14	348.75	6.25	
14	348.75	6.25	
14	348.75	6.25	
14	348.75	6.25	
14	348.75	6.25	
14	348.75	6.25	
14	348.75	6.25	
14	348.75	6.25	
14	348.75	6.25	
14	348.75	6.25	
14	348.75	6.25	
14	348.75	6.25	
14	348.75	6.25	
14	348.75	6.25	
14	348.75	6.25	
14	348.75	6.25	
14	348.75	6.25	
14	348.75	6.25	
14	348.75	6.25	
14	348.75	6.25	
14	348.75	6.25	
14	348.75	6.25	
15	0	0	
15	0	0	
15	0	0	
15	0	0	
15	0	0	
15	0	0	
15	0	0	
15	0	0	
15	0	0	
15	0	0	
15	0	0	
15	0	0	
15	0	0	
15	0	0	
15	0	0	
15	0	0	
15	0	0	
15	0	0	
15	0	0	
15	0	0	
15	0	0	
15	0	0	
15	0	0	
15	0	0	
15	1.25	0	
15	2.5	0	
15	5	0	
15	7.5	2.5	
15	11.25	2.5	
15	21.25	3.75	
15	36.25	3.75	
15	45	3.75	
15	66.25	6.25	
15	93.75	6.25	
15	108.75	6.25	
15	141.25	6.25	
15	175	3.75	
15	192.5	3.75	
15	208.75	3.75	
15	242.5	2.5	
15	261.25	0	
15	277.5	0	
15	308.75	0	
15	322.5	0	
15	332.5	0	
15	332.5	0	
15	332.5	0	
15	332.5	0	
15	332.5	0	
15	332.5	0	
15	332.5	0	
15	332.5	0	
15	332.5	0	
15	332.5	0	
15	332.5	0	
15	332.5	0	
15	332.5	0	
15	332.5	0	
15	332.5	0	
15	332.5	0	
15	332.5	0	
15	332.5	0	
15	332.5	0	
15	332.5	0	
15	332.5	0	
15	332.5	0	
15	332.5	0	
15	332.5	0	
15	332.5	0	
15	332.5	0	
15	332.5	0	
15	332.5	0	
15	332.5	0	
15	332.5	0	
16	0	0	
16	0	0	
16	0	0	
16	0	0	
16	0	0	
16	0	0	
16	0	0	
16	0	0	
16	0	0	
16	0	0	
16	0	0	
16	0	0	
16	0	0	
16	0	0	
16	0	0	
16	0	0	
16	0	0	
16	0	0	
16	0	0	
16	0	0	
16	0	0	
16	0	0	
16	0	0	
16	0	0	
16	0	0	
16	0	0	
16	0	0	
16	0	0	
16	0	0	
16	0	0	
16	0	0	
16	0	0	
16	0	0	
16	0	0	
16	0	0	
16	0	0	
16	0	0	
16	3.75	-2.5	
16	7.5	-2.5	
16	12.5	-2.5	
16	38.75	-3.75	
16	51.25	-6.25	
16	51.25	-6.25	
16	92.5	-6.25	
16	112.5	-6.25	
16	172.5	-7.5	
16	191.25	-10	
16	225	-10	
16	225	-10	
16	242.5	-7.5	
16	280	-7.5	
16	288.75	-7.5	
16	295	-10	
16	306.25	-10	
16	307.5	-10	
16	317.5	-13.75	
16	318.75	-13.75	
16	322.5	-15	
16	323.75	-15	
16	323.75	-15	
16	327.5	-15	
16	328.75	-15	
16	330	-15	
16	331.25	-13.75	
16	332.5	-13.75	
16	337.5	-10	
16	340	-6.25	
16	343.75	-3.75	
16	345	-2.5	
16	346.25	-2.5	
16	347.5	-2.5	
16	347.5	-2.5	
16	347.5	-2.5	
16	347.5	-2.5	
17	0	0	
17	0	0	
17	0	-1.25	
17	0	-1.25	
17	0	-1.25	
17	0	-1.25	
17	0	-1.25	
17	0	-1.25	
17	0	-1.25	
17	0	-1.25	
17	0	-1.25	
17	0	-1.25	
17	0	-1.25	
17	0	0	
17	0	0	
17	0	0	
17	0	0	
17	0	0	
17	0	-1.25	
17	0	-3.75	
17	0	-1.25	
17	0	-1.25	
17	0	-1.25	
17	0	-1.25	
17	0	-1.25	
17	0	-1.25	
17	0	-1.25	
17	0	-1.25	
17	0	-1.25	
17	3.75	0	
17	5	0	
17	8.75	0	
17	17.5	0	
17	23.75	0	
17	40	0	
17	62.5	0	
17	76.25	0	
17	90	2.5	
17	105	0	
17	161.25	-1.25	
17	180	-1.25	
17	198.75	-3.75	
17	232.5	-1.25	
17	248.75	-1.25	
17	266.25	-1.25	
17	283.75	0	
17	297.5	0	
17	308.75	0	
17	326.25	0	
17	340	2.5	
17	342.5	0	
17	345	2.5	
17	346.25	2.5	
17	347.5	2.5	
17	348.75	2.5	
17	348.75	2.5	
17	348.75	0	
17	348.75	0	
17	348.75	0	
17	348.75	3.75	
17	348.75	3.75	
17	348.75	3.75	
17	348.75	3.75	
17	348.75	3.75	
17	348.75	3.75	
17	348.75	3.75	
17	348.75	3.75	
17	348.75	3.75	
17	348.75	3.75	
17	348.75	3.75	
17	348.75	3.75	
17	348.75	3.75	
17	348.75	3.75	
17	348.75	3.75	
18	0	0	
18	0	0	
18	0	0	
18	0	0	
18	0	0	
18	0	0	
18	0	0	
18	0	0	
18	0	0	
18	0	0	
18	0	0	
18	0	2.5	
18	0	2.5	
18	0	2.5	
18	0	2.5	
18	0	2.5	
18	0	2.5	
18	0	2.5	
18	0	2.5	
18	0	2.5	
18	0	2.5	
18	0	2.5	
18	1.25	3.75	
18	3.75	3.75	
18	6.25	3.75	
18	21.25	6.25	
18	28.75	6.25	
18	37.5	7.5	
18	48.75	7.5	
18	76.25	7.5	
18	95	10	
18	115	10	
18	156.25	11.25	
18	196.25	15	
18	217.5	17.5	
18	255	18.75	
18	272.5	22.5	
18	288.75	21.25	
18	303.75	21.25	
18	325	18.75	
18	340	18.75	
18	347.5	18.75	
18	347.5	18.75	
18	347.5	18.75	
18	347.5	18.75	
18	347.5	18.75	
18	347.5	18.75	
18	347.5	18.75	
18	347.5	18.75	
18	347.5	18.75	
18	347.5	18.75	
18	347.5	18.75	
18	347.5	18.75	
18	347.5	18.75	
18	347.5	18.75	
18	347.5	18.75	
18	347.5	18.75	
18	347.5	18.75	
18	347.5	18.75	
18	347.5	18.75	
18	347.5	18.75	
18	347.5	18.75	
18	347.5	18.75	
18	347.5	18.75	
18	347.5	18.75	
18	347.5	18.75	
18	347.5	18.75	
18	347.5	18.75	
18	347.5	18.75	
18	347.5	18.75	
18	347.5	18.75	
18	347.5	18.75	
18	347.5	18.75	
18	347.5	18.75	
19	0	0	
19	0	1.25	
19	0	1.25	
19	0	1.25	
19	0	0	
19	0	1.25	
19	0	3.75	
19	0	3.75	
19	0	3.75	
19	0	3.75	
19	0	1.25	
19	0	1.25	
19	0	0	
19	0	-2.5	
19	1.25	1.25	
19	1.25	1.25	
19	1.25	1.25	
19	1.25	1.25	
19	1.25	1.25	
19	1.25	1.25	
19	1.25	1.25	
19	1.25	1.25	
19	1.25	1.25	
19	1.25	1.25	
19	1.25	1.25	
19	1.25	1.25	
19	1.25	1.25	
19	1.25	0	
19	2.5	-2.5	
19	3.75	-2.5	
19	11.25	-2.5	
19	16.25	-2.5	
19	25	1.25	
19	37.5	1.25	
19	48.75	0	
19	92.5	-2.5	
19	111.25	-2.5	
19	131.25	-2.5	
19	150	-2.5	
19	168.75	-2.5	
19	223.75	0	
19	240	1.25	
19	270	5	
19	282.5	5	
19	303.75	7.5	
19	318.75	7.5	
19	328.75	5	
19	332.5	7.5	
19	335	8.75	
19	337.5	8.75	
19	340	8.75	
19	341.25	8.75	
19	342.5	8.75	
19	342.5	11.25	
19	342.5	12.5	
19	342.5	12.5	
19	342.5	11.25	
19	343.75	8.75	
19	343.75	8.75	
19	343.75	8.75	
19	342.5	11.25	
19	342.5	11.25	
19	342.5	11.25	
19	343.75	11.25	
19	345	11.25	
19	345	12.5	
19	345	12.5	
19	345	12.5	
19	346.25	12.5	
19	346.25	12.5	
19	346.25	12.5	
19	346.25	12.5	
19	346.25	12.5	
19	346.25	11.25	
20	0	0	
20	0	0	
20	0	0	
20	0	0	
20	0	0	
20	0	0	
20	0	0	
20	0	0	
20	0	0	
20	0	0	
20	0	-1.25	
20	0	-3.75	
20	0	-3.75	
20	0	-3.75	
20	0	-3.75	
20	0	-1.25	
20	0	-1.25	
20	0	-1.25	
20	0	-1.25	
20	0	0	
20	1.25	3.75	
20	3.75	3.75	
20	6.25	2.5	
20	8.75	0	
20	17.5	0	
20	30	-1.25	
20	37.5	-3.75	
20	57.5	-1.25	
20	68.75	-3.75	
20	95	-5	
20	123.75	-11.25	
20	155	-15	
20	171.25	-16.25	
20	187.5	-18.75	
20	203.75	-18.75	
20	237.5	-18.75	
20	255	-18.75	
20	255	-18.75	
20	288.75	-18.75	
20	302.5	-16.25	
20	327.5	-12.5	
20	335	-12.5	
20	341.25	-11.25	
20	341.25	-11.25	
20	341.25	-11.25	
20	341.25	-11.25	
20	341.25	-11.25	
20	341.25	-11.25	
20	341.25	-11.25	
20	341.25	-11.25	
20	341.25	-11.25	
20	341.25	-11.25	
20	341.25	-11.25	
20	341.25	-11.25	
20	341.25	-11.25	
20	341.25	-11.25	
20	341.25	-11.25	
20	341.25	-11.25	
20	341.25	-11.25	
20	341.25	-11.25	
20	341.25	-11.25	
20	341.25	-11.25	
20	341.25	-11.25	
20	341.25	-11.25	
20	341.25	-11.25	
20	341.25	-11.25	
20	341.25	-11.25	
20	341.25	-11.25	
20	341.25	-11.25	
20	341.25	-11.25	
20	341.25	-11.25	
20	341.25	-11.25	
20	341.25	-11.25	
20	341.25	-11.25	
21	0	0	
21	0	0	
21	0	0	
21	0	0	
21	0	0	
21	0	0	
21	0	0	
21	0	0	
21	0	0	
21	0	0	
21	0	0	
21	0	0	
21	0	0	
21	0	0	
21	0	0	
21	0	0	
21	0	0	
21	0	0	
21	0	0	
21	0	0	
21	0	0	
21	0	0	
21	0	0	
21	0	0	
21	0	0	
21	0	0	
21	0	0	
21	0	0	
21	0	0	
21	0	0	
21	3.75	1.25	
21	7.5	1.25	
21	12.5	1.25	
21	16.25	3.75	
21	28.75	3.75	
21	48.75	1.25	
21	60	1.25	
21	86.25	1.25	
21	102.5	1.25	
21	118.75	1.25	
21	175	1.25	
21	213.75	1.25	
21	232.5	1.25	
21	251.25	1.25	
21	285	1.25	
21	302.5	1.25	
21	302.5	1.25	
21	331.25	1.25	
21	341.25	1.25	
21	348.75	1.25	
21	348.75	1.25	
21	348.75	1.25	
21	348.75	1.25	
21	348.75	1.25	
21	348.75	1.25	
21	348.75	1.25	
21	348.75	1.25	
21	348.75	1.25	
21	348.75	1.25	
21	348.75	1.25	
21	348.75	1.25	
21	348.75	1.25	
21	348.75	1.25	
21	348.75	1.25	
21	348.75	1.25	
21	348.75	1.25	
21	348.75	1.25	
21	348.75	1.25	
21	348.75	1.25	
21	348.75	1.25	
21	348.75	1.25	
21	348.75	1.25	
21	348.75	1.25	
21	348.75	1.25	
22	0	0	
22	0	0	
22	0	0	
22	0	0	
22	0	0	
22	0	0	
22	0	0	
22	0	0	
22	0	0	
22	0	0	
22	0	0	
22	0	0	
22	0	0	
22	0	0	
22	0	0	
22	0	0	
22	0	0	
22	0	0	
22	0	0	
22	0	0	
22	0	0	
22	0	0	
22	0	0	
22	0	0	
22	0	0	
22	0	0	
22	0	0	
22	0	0	
22	1.25	0	
22	3.75	0	
22	17.5	2.5	
22	25	2.5	
22	32.5	3.75	
22	52.5	3.75	
22	78.75	3.75	
22	106.25	3.75	
22	120	3.75	
22	136.25	3.75	
22	168.75	3.75	
22	185	3.75	
22	231.25	7.5	
22	246.25	10	
22	258.75	11.25	
22	281.25	13.75	
22	290	13.75	
22	307.5	11.25	
22	312.5	11.25	
22	315	11.25	
22	318.75	11.25	
22	320	11.25	
22	322.5	11.25	
22	322.5	11.25	
22	322.5	11.25	
22	322.5	11.25	
22	322.5	11.25	
22	322.5	11.25	
22	322.5	11.25	
22	322.5	11.25	
22	323.75	11.25	
22	323.75	10	
22	325	10	
22	325	10	
22	326.25	10	
22	326.25	7.5	
22	327.5	7.5	
22	327.5	7.5	
22	327.5	7.5	
22	327.5	7.5	
22	327.5	7.5	
22	327.5	7.5	
22	327.5	7.5	
22	327.5	7.5	
22	327.5	7.5	
22	327.5	7.5	
23	0	0	
23	0	0	
23	0	-1.25	
23	0	-1.25	
23	0	-1.25	
23	0	-1.25	
23	0	-1.25	
23	0	-1.25	
23	0	-1.25	
23	0	-1.25	
23	0	-1.25	
23	0	-1.25	
23	0	-1.25	
23	0	-1.25	
23	0	-1.25	
23	-1.25	-1.25	
23	-1.25	-1.25	
23	-1.25	-1.25	
23	-1.25	-1.25	
23	-1.25	-1.25	
23	-1.25	-1.25	
23	-1.25	-1.25	
23	1.25	-1.25	
23	5	2.5	
23	11.25	6.25	
23	26.25	15	
23	47.5	22.5	
23	71.25	30	
23	85	32.5	
23	100	33.75	
23	150	40	
23	167.5	41.25	
23	186.25	41.25	
23	222.5	45	
23	240	47.5	
23	273.75	48.75	
23	273.75	48.75	
23	307.5	48.75	
23	332.5	47.5	
23	341.25	45	
23	341.25	45	
23	341.25	45	
23	341.25	45	
23	341.25	45	
23	341.25	45	
23	341.25	45	
23	341.25	45	
23	341.25	45	
23	341.25	45	
23	341.25	45	
23	341.25	45	
23	341.25	45	
23	341.25	45	
23	341.25	45	
23	341.25	45	
23	341.25	45	
23	341.25	45	
23	341.25	45	
23	341.25	45	
23	341.25	45	
23	341.25	45	
23	341.25	45	
23	341.25	45	
23	341.25	45	
23	341.25	45	
23	341.25	45	
23	341.25	45	
23	341.25	45	
23	341.25	45	
23	341.25	45	
23	341.25	45	
23	341.25	45	
23	341.25	45	
23	341.25	45	
24	0	0	
24	0	0	
24	0	0	
24	0	0	
24	0	0	
24	0	0	
24	0	0	
24	0	0	
24	0	0	
24	0	0	
24	0	0	
24	0	0	
24	0	0	
24	0	0	
24	0	0	
24	0	0	
24	0	0	
24	0	0	
24	0	0	
24	0	0	
24	0	0	
24	0	0	
24	0	0	
24	0	0	
24	0	0	
24	0	0	
24	0	0	
24	3.75	0	
24	6.25	2.5	
24	10	2.5	
24	32.5	6.25	
24	55	7.5	
24	68.75	7.5	
24	82.5	7.5	
24	95	7.5	
24	137.5	6.25	
24	150	3.75	
24	163.75	3.75	
24	191.25	3.75	
24	205	3.75	
24	242.5	6.25	
24	263.75	6.25	
24	273.75	6.25	
24	281.25	6.25	
24	290	6.25	
24	310	7.5	
24	315	7.5	
24	320	7.5	
24	327.5	7.5	
24	330	7.5	
24	335	7.5	
24	335	7.5	
24	336.25	7.5	
24	336.25	7.5	
24	336.25	7.5	
24	336.25	7.5	
24	336.25	7.5	
24	336.25	7.5	
24	336.25	7.5	
24	336.25	7.5	
24	338.75	7.5	
24	340	7.5	
24	342.5	10	
24	343.75	10	
24	345	11.25	
24	346.25	11.25	
24	346.25	11.25	
24	346.25	11.25	
24	347.5	11.25	
24	347.5	11.25	
24	347.5	11.25	
24	347.5	11.25	
24	347.5	11.25	
24	347.5	11.25	
25	0	0	
25	0	0	
25	0	0	
25	0	0	
25	0	2.5	
25	0	2.5	
25	0	2.5	
25	0	2.5	
25	0	3.75	
25	0	3.75	
25	0	3.75	
25	0	3.75	
25	0	3.75	
25	0	3.75	
25	0	3.75	
25	0	3.75	
25	0	3.75	
25	0	3.75	
25	0	3.75	
25	0	3.75	
25	0	3.75	
25	0	3.75	
25	0	3.75	
25	0	3.75	
25	0	3.75	
25	0	3.75	
25	0	3.75	
25	0	3.75	
25	0	3.75	
25	0	3.75	
25	1.25	7.5	
25	2.5	7.5	
25	8.75	11.25	
25	22.5	15	
25	30	17.5	
25	51.25	21.25	
25	78.75	22.5	
25	95	22.5	
25	111.25	22.5	
25	128.75	22.5	
25	183.75	22.5	
25	201.25	22.5	
25	233.75	22.5	
25	251.25	25	
25	251.25	25	
25	281.25	25	
25	301.25	25	
25	308.75	22.5	
25	313.75	22.5	
25	317.5	22.5	
25	323.75	22.5	
25	326.25	22.5	
25	327.5	22.5	
25	327.5	22.5	
25	327.5	22.5	
25	327.5	22.5	
25	327.5	22.5	
25	327.5	22.5	
25	327.5	22.5	
25	327.5	22.5	
25	327.5	22.5	
25	328.75	22.5	
25	330	22.5	
25	331.25	22.5	
25	333.75	22.5	
25	335	21.25	
25	336.25	21.25	
25	337.5	21.25	
25	337.5	21.25	
25	337.5	21.25	
25	337.5	21.25	
25	338.75	18.75	
25	338.75	18.75	
25	338.75	18.75	
26	0	0	
26	0	0	
26	0	0	
26	0	0	
26	0	0	
26	0	0	
26	0	0	
26	0	0	
26	0	0	
26	0	0	
26	0	0	
26	0	0	
26	0	0	
26	0	0	
26	0	0	
26	0	0	
26	0	0	
26	0	0	
26	0	0	
26	1.25	1.25	
26	5	1.25	
26	8.75	1.25	
26	18.75	3.75	
26	25	5	
26	33.75	5	
26	70	11.25	
26	100	12.5	
26	118.75	15	
26	137.5	16.25	
26	156.25	16.25	
26	212.5	20	
26	228.75	20	
26	246.25	20	
26	246.25	20	
26	262.5	20	
26	298.75	20	
26	311.25	20	
26	315	20	
26	318.75	20	
26	321.25	20	
26	325	20	
26	326.25	20	
26	327.5	20	
26	327.5	20	
26	327.5	20	
26	327.5	20	
26	327.5	20	
26	327.5	20	
26	327.5	20	
26	327.5	20	
26	327.5	20	
26	328.75	20	
26	328.75	20	
26	330	20	
26	331.25	20	
26	332.5	20	
26	332.5	20	
26	332.5	20	
26	332.5	20	
26	332.5	20	
26	332.5	20	
26	332.5	20	
26	332.5	20	
26	332.5	20	
26	332.5	20	
26	332.5	20	
26	332.5	20	
26	332.5	20	
26	332.5	20	
26	332.5	20	
26	332.5	20	
26	332.5	20	
26	332.5	20	
26	332.5	20	
27	0	0	
27	0	0	
27	0	0	
27	0	0	
27	0	0	
27	0	0	
27	0	0	
27	0	0	
27	0	1.25	
27	0	1.25	
27	0	1.25	
27	0	1.25	
27	0	1.25	
27	0	1.25	
27	0	1.25	
27	0	1.25	
27	0	1.25	
27	0	1.25	
27	0	1.25	
27	0	1.25	
27	0	1.25	
27	0	1.25	
27	0	1.25	
27	0	1.25	
27	0	1.25	
27	0	1.25	
27	0	1.25	
27	0	1.25	
27	0	1.25	
27	0	1.25	
27	0	1.25	
27	0	1.25	
27	0	1.25	
27	0	1.25	
27	0	1.25	
27	0	1.25	
27	0	1.25	
27	2.5	1.25	
27	8.75	3.75	
27	13.75	5	
27	36.25	5	
27	47.5	5	
27	70	3.75	
27	83.75	1.25	
27	97.5	1.25	
27	142.5	-2.5	
27	157.5	-3.75	
27	173.75	-6.25	
27	203.75	-6.25	
27	218.75	-7.5	
27	257.5	-10	
27	268.75	-10	
27	287.5	-11.25	
27	296.25	-11.25	
27	302.5	-11.25	
27	317.5	-13.75	
27	321.25	-13.75	
27	322.5	-13.75	
27	325	-13.75	
27	326.25	-13.75	
27	327.5	-13.75	
27	327.5	-13.75	
27	327.5	-13.75	
27	327.5	-13.75	
27	327.5	-13.75	
27	327.5	-13.75	
27	327.5	-13.75	
27	328.75	-13.75	
27	330	-11.25	
27	330	-11.25	
27	332.5	-10	
27	333.75	-10	
27	333.75	-7.5	
27	336.25	-6.25	
28	0	0	
28	0	0	
28	0	0	
28	0	0	
28	0	0	
28	0	0	
28	0	0	
28	0	0	
28	0	0	
28	0	0	
28	0	0	
28	0	0	
28	0	0	
28	0	0	
28	0	0	
28	0	0	
28	0	0	
28	0	0	
28	0	0	
28	0	0	
28	0	0	
28	0	0	
28	0	0	
28	0	0	
28	0	0	
28	0	0	
28	0	0	
28	0	0	
28	0	0	
28	1.25	0	
28	11.25	0	
28	17.5	-1.25	
28	33.75	-1.25	
28	45	-3.75	
28	71.25	-3.75	
28	101.25	-7.5	
28	120	-7.5	
28	137.5	-7.5	
28	137.5	-7.5	
28	165	-7.5	
28	231.25	-5	
28	250	-5	
28	278.75	-3.75	
28	290	-3.75	
28	307.5	-3.75	
28	318.75	-3.75	
28	325	-3.75	
28	327.5	-3.75	
28	328.75	-3.75	
28	330	-3.75	
28	331.25	-3.75	
28	331.25	-3.75	
28	331.25	-3.75	
28	331.25	-3.75	
28	331.25	-3.75	
28	330	-3.75	
28	330	-3.75	
28	330	-3.75	
28	330	-3.75	
28	330	-3.75	
28	330	-3.75	
28	330	-3.75	
28	330	-3.75	
28	330	-3.75	
28	330	-3.75	
28	330	-3.75	
28	330	-3.75	
28	330	-3.75	
28	330	-3.75	
28	330	-3.75	
28	330	-3.75	
28	330	-3.75	
28	330	-3.75	
28	330	-3.75	
29	0	0	
29	0	0	
29	0	0	
29	0	0	
29	0	0	
29	0	0	
29	0	0	
29	0	0	
29	0	0	
29	0	0	
29	0	0	
29	0	0	
29	0	0	
29	0	0	
29	0	0	
29	0	0	
29	0	0	
29	0	0	
29	0	0	
29	0	0	
29	0	0	
29	0	0	
29	0	0	
29	0	0	
29	0	0	
29	1.25	0	
29	5	0	
29	8.75	0	
29	16.25	0	
29	33.75	2.5	
29	47.5	3.75	
29	67.5	2.5	
29	86.25	0	
29	103.75	0	
29	141.25	-1.25	
29	192.5	-1.25	
29	208.75	0	
29	208.75	0	
29	226.25	0	
29	243.75	0	
29	261.25	0	
29	286.25	0	
29	295	0	
29	303.75	0	
29	310	0	
29	325	-3.75	
29	326.25	-3.75	
29	327.5	-3.75	
29	328.75	-3.75	
29	328.75	-3.75	
29	331.25	-3.75	
29	331.25	-3.75	
29	331.25	-3.75	
29	331.25	-3.75	
29	331.25	-3.75	
29	331.25	-3.75	
29	331.25	-3.75	
29	331.25	-3.75	
29	331.25	-3.75	
29	331.25	-3.75	
29	331.25	-3.75	
29	331.25	-3.75	
29	331.25	-3.75	
29	331.25	-3.75	
29	331.25	-3.75	
29	331.25	-3.75	
29	331.25	-3.75	
29	331.25	-3.75	
29	331.25	-3.75	
29	331.25	-3.75	
29	331.25	-3.75	
29	331.25	-3.75	
29	331.25	-3.75	
29	331.25	-3.75	
30	0	0	
30	0	0	
30	0	0	
30	0	0	
30	0	0	
30	0	0	
30	0	0	
30	0	0	
30	0	0	
30	0	0	
30	0	0	
30	0	0	
30	0	0	
30	0	0	
30	0	0	
30	0	0	
30	0	0	
30	0	0	
30	0	0	
30	0	0	
30	0	0	
30	0	0	
30	0	0	
30	0	0	
30	0	0	
30	0	0	
30	0	0	
30	0	0	
30	0	0	
30	0	0	
30	0	0	
30	0	0	
30	5	3.75	
30	10	3.75	
30	16.25	7.5	
30	46.25	11.25	
30	61.25	13.75	
30	76.25	15	
30	95	15	
30	140	15	
30	185	15	
30	226.25	15	
30	246.25	17.5	
30	263.75	18.75	
30	280	18.75	
30	313.75	18.75	
30	321.25	18.75	
30	331.25	18.75	
30	335	18.75	
30	340	18.75	
30	342.5	18.75	
30	343.75	18.75	
30	343.75	18.75	
30	343.75	18.75	
30	343.75	18.75	
30	343.75	18.75	
30	343.75	18.75	
30	343.75	18.75	
30	343.75	18.75	
30	343.75	18.75	
30	343.75	18.75	
30	343.75	18.75	
30	345	18.75	
30	345	18.75	
30	345	18.75	
30	345	18.75	
30	345	18.75	
30	345	18.75	
30	345	18.75	
30	345	18.75	
30	345	18.75	
30	345	18.75	
30	345	18.75	
30	345	18.75	
31	0	0	
31	0	0	
31	0	0	
31	0	0	
31	0	0	
31	0	0	
31	0	0	
31	0	0	
31	0	0	
31	0	0	
31	0	0	
31	0	0	
31	0	0	
31	0	0	
31	0	0	
31	0	0	
31	0	0	
31	0	0	
31	0	0	
31	0	0	
31	0	0	
31	0	0	
31	0	0	
31	0	0	
31	0	0	
31	0	0	
31	1.25	2.5	
31	5	3.75	
31	11.25	7.5	
31	18.75	11.25	
31	55	25	
31	83.75	28.75	
31	98.75	28.75	
31	116.25	28.75	
31	152.5	28.75	
31	191.25	30	
31	228.75	30	
31	246.25	32.5	
31	263.75	33.75	
31	278.75	36.25	
31	315	40	
31	331.25	41.25	
31	336.25	41.25	
31	340	41.25	
31	346.25	41.25	
31	347.5	41.25	
31	347.5	41.25	
31	347.5	41.25	
31	347.5	41.25	
31	347.5	41.25	
31	347.5	41.25	
31	347.5	41.25	
31	347.5	41.25	
31	347.5	41.25	
31	347.5	41.25	
31	347.5	41.25	
31	347.5	41.25	
31	347.5	41.25	
31	347.5	41.25	
31	347.5	41.25	
31	347.5	41.25	
31	347.5	41.25	
31	347.5	41.25	
31	347.5	41.25	
31	348.75	26.25	
31	347.5	25	
31	347.5	22.5	
31	346.25	21.25	
31	346.25	21.25	
31	346.25	18.75	
31	346.25	18.75	
31	346.25	18.75	
31	346.25	18.75	
31	346.25	18.75	
32	0	0	
32	0	0	
32	-1.25	0	
32	-1.25	0	
32	-1.25	0	
32	-1.25	2.5	
32	-1.25	2.5	
32	-1.25	3.75	
32	-1.25	3.75	
32	-1.25	3.75	
32	-2.5	3.75	
32	-2.5	6.25	
32	-2.5	6.25	
32	-2.5	7.5	
32	-2.5	7.5	
32	-2.5	7.5	
32	-2.5	7.5	
32	-2.5	7.5	
32	-2.5	7.5	
32	-2.5	7.5	
32	-2.5	7.5	
32	-2.5	7.5	
32	-2.5	7.5	
32	-2.5	10	
32	1.25	11.25	
32	5	11.25	
32	16.25	11.25	
32	25	11.25	
32	36.25	11.25	
32	77.5	11.25	
32	77.5	11.25	
32	117.5	7.5	
32	137.5	7.5	
32	155	3.75	
32	205	3.75	
32	233.75	2.5	
32	246.25	3.75	
32	257.5	3.75	
32	266.25	3.75	
32	288.75	3.75	
32	293.75	3.75	
32	300	3.75	
32	302.5	3.75	
32	305	3.75	
32	307.5	3.75	
32	308.75	3.75	
32	308.75	3.75	
32	308.75	3.75	
32	308.75	3.75	
32	308.75	3.75	
32	308.75	3.75	
32	310	3.75	
32	311.25	3.75	
32	312.5	3.75	
32	316.25	6.25	
32	317.5	6.25	
32	318.75	6.25	
32	322.5	6.25	
32	323.75	6.25	
32	325	6.25	
32	327.5	6.25	
32	327.5	6.25	
32	328.75	6.25	
32	328.75	6.25	
32	328.75	6.25	
32	328.75	6.25	
32	328.75	6.25	
32	328.75	6.25	
32	328.75	6.25	
32	328.75	6.25	
32	328.75	6.25	
32	328.75	6.25	
32	328.75	6.25	
32	328.75	6.25	
33	0	0	
33	0	0	
33	0	0	
33	0	0	
33	0	0	
33	0	0	
33	0	0	
33	0	0	
33	0	0	
33	0	0	
33	0	0	
33	0	0	
33	0	0	
33	0	0	
33	0	0	
33	0	0	
33	0	0	
33	0	0	
33	0	0	
33	0	0	
33	0	1.25	
33	1.25	1.25	
33	3.75	1.25	
33	6.25	3.75	
33	11.25	5	
33	30	8.75	
33	40	12.5	
33	51.25	15	
33	80	22.5	
33	115	27.5	
33	150	31.25	
33	168.75	33.75	
33	203.75	33.75	
33	221.25	33.75	
33	237.5	33.75	
33	270	33.75	
33	287.5	33.75	
33	303.75	33.75	
33	331.25	33.75	
33	331.25	33.75	
33	331.25	33.75	
33	331.25	33.75	
33	331.25	33.75	
33	331.25	33.75	
33	331.25	33.75	
33	331.25	33.75	
33	331.25	33.75	
33	331.25	33.75	
33	331.25	33.75	
33	331.25	33.75	
33	331.25	33.75	
33	331.25	33.75	
33	331.25	33.75	
33	331.25	33.75	
33	331.25	33.75	
33	331.25	33.75	
33	331.25	33.75	
33	331.25	33.75	
33	331.25	33.75	
33	331.25	33.75	
33	331.25	33.75	
33	331.25	33.75	
33	331.25	33.75	
33	331.25	33.75	
33	331.25	33.75	
33	331.25	33.75	
33	331.25	33.75	
33	331.25	33.75	
33	331.25	33.75	
33	331.25	33.75	
33	331.25	33.75	
33	331.25	33.75	
33	331.25	33.75	
33	331.25	33.75	
34	0	0	
34	0	0	
34	0	0	
34	0	0	
34	0	0	
34	0	0	
34	0	0	
34	0	0	
34	1.25	0	
34	1.25	1.25	
34	2.5	1.25	
34	2.5	1.25	
34	2.5	1.25	
34	3.75	1.25	
34	3.75	1.25	
34	3.75	1.25	
34	3.75	1.25	
34	3.75	1.25	
34	3.75	1.25	
34	3.75	1.25	
34	5	1.25	
34	5	1.25	
34	5	1.25	
34	5	1.25	
34	5	1.25	
34	5	1.25	
34	6.25	1.25	
34	6.25	3.75	
34	7.5	3.75	
34	10	3.75	
34	23.75	5	
34	40	5	
34	50	5	
34	61.25	5	
34	87.5	7.5	
34	118.75	8.75	
34	135	11.25	
34	151.25	12.5	
34	181.25	16.25	
34	195	16.25	
34	230	20	
34	238.75	20	
34	252.5	20	
34	258.75	20	
34	262.5	20	
34	271.25	20	
34	273.75	20	
34	275	20	
34	276.25	18.75	
34	276.25	18.75	
34	276.25	18.75	
34	276.25	18.75	
34	276.25	18.75	
34	276.25	18.75	
34	276.25	18.75	
34	276.25	18.75	
34	276.25	18.75	
34	276.25	18.75	
34	276.25	18.75	
34	276.25	18.75	
34	276.25	18.75	
34	276.25	18.75	
34	276.25	16.25	
34	276.25	18.75	
34	276.25	18.75	
34	276.25	20	
34	277.5	20	
34	277.5	20	
34	277.5	18.75	
34	276.25	18.75	
34	276.25	20	
34	276.25	20	
34	277.5	20	
34	277.5	20	
35	0	0	
35	0	0	
35	0	0	
35	0	0	
35	0	0	
35	0	0	
35	0	0	
35	0	0	
35	0	0	
35	0	0	
35	0	0	
35	0	0	
35	0	0	
35	0	0	
35	0	0	
35	0	0	
35	0	0	
35	0	0	
35	0	0	
35	0	0	
35	0	0	
35	0	0	
35	0	0	
35	0	0	
35	0	0	
35	1.25	0	
35	2.5	0	
35	6.25	0	
35	17.5	2.5	
35	27.5	3.75	
35	52.5	6.25	
35	72.5	6.25	
35	92.5	6.25	
35	111.25	6.25	
35	145	3.75	
35	192.5	6.25	
35	207.5	7.5	
35	221.25	7.5	
35	243.75	11.25	
35	252.5	11.25	
35	271.25	11.25	
35	275	10	
35	280	10	
35	282.5	7.5	
35	287.5	7.5	
35	292.5	7.5	
35	293.75	7.5	
35	293.75	6.25	
35	295	6.25	
35	295	6.25	
35	296.25	6.25	
35	296.25	6.25	
35	296.25	6.25	
35	296.25	6.25	
35	296.25	6.25	
35	296.25	6.25	
35	296.25	6.25	
35	296.25	6.25	
35	296.25	6.25	
35	296.25	6.25	
35	296.25	6.25	
35	297.5	6.25	
35	297.5	6.25	
35	298.75	7.5	
35	298.75	7.5	
35	300	7.5	
35	300	7.5	
35	300	7.5	
35	300	7.5	
35	300	7.5	
35	301.25	7.5	
35	301.25	7.5	
35	301.25	7.5	
35	301.25	7.5	
36	0	0	
36	0	0	
36	0	0	
36	0	0	
36	0	0	
36	0	0	
36	0	0	
36	0	0	
36	0	0	
36	0	0	
36	0	0	
36	0	0	
36	0	0	
36	0	0	
36	0	0	
36	0	0	
36	0	0	
36	0	0	
36	0	0	
36	0	0	
36	0	0	
36	0	0	
36	0	0	
36	0	0	
36	0	0	
36	0	0	
36	0	0	
36	0	0	
36	5	0	
36	10	2.5	
36	23.75	3.75	
36	45	7.5	
36	57.5	7.5	
36	72.5	11.25	
36	90	11.25	
36	143.75	15	
36	163.75	17.5	
36	202.5	18.75	
36	220	18.75	
36	253.75	18.75	
36	271.25	18.75	
36	301.25	18.75	
36	312.5	18.75	
36	321.25	21.25	
36	330	21.25	
36	343.75	21.25	
36	346.25	21.25	
36	346.25	21.25	
36	346.25	21.25	
36	346.25	21.25	
36	346.25	21.25	
36	346.25	21.25	
36	346.25	21.25	
36	346.25	21.25	
36	346.25	21.25	
36	346.25	21.25	
36	346.25	21.25	
36	346.25	21.25	
36	346.25	21.25	
36	346.25	21.25	
36	346.25	21.25	
36	346.25	21.25	
36	346.25	21.25	
36	346.25	21.25	
36	346.25	21.25	
36	346.25	21.25	
36	346.25	21.25	
36	346.25	21.25	
36	346.25	21.25	
36	346.25	21.25	
36	346.25	21.25	
36	346.25	21.25	
36	346.25	21.25	
36	346.25	21.25	
37	0	0	
37	0	0	
37	0	0	
37	0	0	
37	0	0	
37	0	0	
37	0	0	
37	0	0	
37	0	0	
37	0	0	
37	0	0	
37	0	0	
37	0	0	
37	0	0	
37	0	0	
37	0	0	
37	0	0	
37	0	0	
37	0	0	
37	0	0	
37	0	0	
37	0	0	
37	0	0	
37	0	0	
37	0	0	
37	0	0	
37	0	0	
37	0	0	
37	0	0	
37	0	0	
37	8.75	3.75	
37	17.5	5	
37	28.75	8.75	
37	58.75	18.75	
37	76.25	22.5	
37	132.5	27.5	
37	152.5	31.25	
37	171.25	31.25	
37	191.25	35	
37	228.75	38.75	
37	276.25	45	
37	288.75	46.25	
37	300	46.25	
37	316.25	50	
37	321.25	50	
37	327.5	50	
37	332.5	50	
37	333.75	50	
37	335	50	
37	336.25	50	
37	337.5	50	
37	337.5	50	
37	337.5	50	
37	337.5	50	
37	337.5	50	
37	337.5	50	
37	337.5	50	
37	337.5	50	
37	337.5	50	
37	337.5	50	
37	337.5	50	
37	337.5	50	
37	337.5	50	
37	337.5	50	
37	337.5	50	
37	337.5	50	
37	337.5	50	
37	337.5	50	
37	337.5	50	
37	337.5	50	
37	337.5	50	
37	337.5	50	
37	337.5	50	
37	337.5	50	
38	0	0	
38	0	0	
38	0	0	
38	0	0	
38	0	0	
38	0	0	
38	0	0	
38	0	0	
38	0	0	
38	0	0	
38	0	0	
38	0	0	
38	0	0	
38	0	0	
38	0	0	
38	0	0	
38	0	0	
38	0	0	
38	0	0	
38	0	0	
38	0	0	
38	0	0	
38	0	0	
38	0	0	
38	0	0	
38	0	0	
38	0	0	
38	0	0	
38	0	0	
38	0	0	
38	0	0	
38	1.25	0	
38	5	-1.25	
38	16.25	-1.25	
38	26.25	0	
38	51.25	2.5	
38	85	6.25	
38	105	7.5	
38	123.75	7.5	
38	141.25	10	
38	202.5	11.25	
38	220	13.75	
38	237.5	15	
38	268.75	18.75	
38	281.25	21.25	
38	308.75	22.5	
38	313.75	25	
38	318.75	25	
38	323.75	26.25	
38	325	26.25	
38	327.5	26.25	
38	328.75	26.25	
38	328.75	26.25	
38	328.75	26.25	
38	328.75	26.25	
38	328.75	26.25	
38	328.75	26.25	
38	328.75	26.25	
38	328.75	26.25	
38	328.75	26.25	
38	328.75	26.25	
38	328.75	26.25	
38	328.75	26.25	
38	328.75	26.25	
38	328.75	26.25	
38	328.75	26.25	
38	328.75	26.25	
38	328.75	26.25	
38	328.75	26.25	
38	328.75	26.25	
38	328.75	26.25	
38	328.75	26.25	
38	328.75	26.25	
38	328.75	26.25	
39	0	0	
39	0	0	
39	0	0	
39	0	0	
39	0	0	
39	0	0	
39	0	0	
39	0	0	
39	0	0	
39	0	0	
39	0	0	
39	0	0	
39	0	0	
39	0	0	
39	0	0	
39	0	0	
39	0	0	
39	0	0	
39	0	0	
39	0	0	
39	0	0	
39	0	0	
39	0	0	
39	0	0	
39	0	0	
39	0	0	
39	0	0	
39	0	0	
39	0	0	
39	1.25	0	
39	8.75	-2.5	
39	23.75	-2.5	
39	35	0	
39	47.5	0	
39	80	1.25	
39	117.5	1.25	
39	156.25	3.75	
39	175	3.75	
39	211.25	5	
39	227.5	5	
39	258.75	8.75	
39	271.25	8.75	
39	290	12.5	
39	297.5	12.5	
39	302.5	12.5	
39	311.25	12.5	
39	315	12.5	
39	315	12.5	
39	316.25	12.5	
39	316.25	12.5	
39	315	15	
39	313.75	15	
39	312.5	16.25	
39	311.25	16.25	
39	311.25	16.25	
39	310	16.25	
39	310	16.25	
39	310	16.25	
39	308.75	16.25	
39	308.75	16.25	
39	308.75	16.25	
39	308.75	16.25	
39	308.75	16.25	
39	308.75	16.25	
39	308.75	16.25	
39	308.75	16.25	
39	308.75	16.25	
39	308.75	16.25	
39	308.75	18.75	
39	308.75	18.75	
39	306.25	18.75	
39	305	20	
39	303.75	20	
39	303.75	20	
40	0	0	
40	0	1.25	
40	0	1.25	
40	0	1.25	
40	0	1.25	
40	0	1.25	
40	0	1.25	
40	0	1.25	
40	0	1.25	
40	0	1.25	
40	0	1.25	
40	0	1.25	
40	0	1.25	
40	0	0	
40	0	0	
40	0	0	
40	0	0	
40	0	1.25	
40	0	1.25	
40	0	1.25	
40	0	0	
40	0	1.25	
40	0	1.25	
40	0	1.25	
40	0	0	
40	7.5	-2.5	
40	12.5	-2.5	
40	20	-3.75	
40	28.75	-3.75	
40	53.75	-6.25	
40	100	-6.25	
40	117.5	-6.25	
40	137.5	-6.25	
40	175	-3.75	
40	193.75	-6.25	
40	226.25	-3.75	
40	251.25	-6.25	
40	262.5	-6.25	
40	270	-6.25	
40	285	-6.25	
40	295	-6.25	
40	297.5	-6.25	
40	300	-6.25	
40	301.25	-6.25	
40	302.5	-6.25	
40	302.5	-6.25	
40	302.5	-6.25	
40	302.5	-6.25	
40	302.5	-6.25	
40	302.5	-6.25	
40	302.5	-6.25	
40	302.5	-6.25	
40	302.5	-6.25	
40	302.5	-6.25	
40	302.5	-6.25	
40	302.5	-6.25	
40	302.5	-6.25	
40	302.5	-6.25	
40	302.5	-6.25	
40	302.5	-6.25	
40	302.5	-6.25	
40	302.5	-6.25	
40	302.5	-6.25	
40	302.5	-6.25	
40	301.25	-7.5	
40	302.5	-3.75	
40	302.5	-3.75	
40	302.5	-2.5	
40	302.5	-2.5	
40	303.75	0	
40	305	-3.75	
40	305	-3.75	
40	306.25	-3.75	
40	306.25	-3.75	
41	0	0	
41	0	0	
41	0	0	
41	0	0	
41	0	0	
41	0	0	
41	0	0	
41	0	0	
41	0	0	
41	0	-2.5	
41	0	0	
41	0	0	
41	0	-2.5	
41	0	-2.5	
41	0	0	
41	0	0	
41	0	0	
41	0	0	
41	0	0	
41	0	0	
41	0	-2.5	
41	0	0	
41	0	0	
41	0	0	
41	0	-2.5	
41	0	0	
41	0	0	
41	0	0	
41	0	0	
41	0	1.25	
41	0	1.25	
41	0	1.25	
41	0	0	
41	2.5	-2.5	
41	5	-2.5	
41	22.5	-6.25	
41	32.5	-6.25	
41	43.75	-10	
41	55	-10	
41	68.75	-10	
41	108.75	-11.25	
41	147.5	-13.75	
41	167.5	-13.75	
41	206.25	-10	
41	225	-10	
41	273.75	-7.5	
41	285	-6.25	
41	297.5	-6.25	
41	310	-6.25	
41	326.25	-6.25	
41	338.75	-7.5	
41	345	-7.5	
41	348.75	-7.5	
41	348.75	-7.5	
41	348.75	-7.5	
41	348.75	-7.5	
41	348.75	-7.5	
41	348.75	-7.5	
41	348.75	-7.5	
41	348.75	-7.5	
41	348.75	-7.5	
41	348.75	-7.5	
41	348.75	-7.5	
41	348.75	-7.5	
41	348.75	-7.5	
41	348.75	-7.5	
41	348.75	-7.5	
41	348.75	-7.5	
41	348.75	-7.5	
41	348.75	-7.5	
41	348.75	-7.5	
41	348.75	-7.5	
41	348.75	-7.5	
41	348.75	-7.5	
42	0	0	
42	0	0	
42	0	0	
42	0	0	
42	0	0	
42	0	0	
42	0	-2.5	
42	0	-2.5	
42	1.25	-6.25	
42	1.25	-7.5	
42	1.25	-7.5	
42	1.25	-7.5	
42	1.25	-7.5	
42	1.25	-10	
42	1.25	-10	
42	1.25	-10	
42	1.25	-10	
42	1.25	-10	
42	1.25	-10	
42	1.25	-10	
42	1.25	-6.25	
42	1.25	-3.75	
42	1.25	-3.75	
42	1.25	-3.75	
42	1.25	-3.75	
42	1.25	-6.25	
42	1.25	-6.25	
42	5	-3.75	
42	10	-3.75	
42	13.75	-2.5	
42	40	1.25	
42	40	1.25	
42	57.5	1.25	
42	95	5	
42	95	5	
42	160	8.75	
42	200	7.5	
42	218.75	7.5	
42	236.25	7.5	
42	255	5	
42	300	5	
42	313.75	3.75	
42	335	3.75	
42	345	1.25	
42	345	1.25	
42	345	1.25	
42	345	1.25	
42	345	1.25	
42	345	1.25	
42	345	1.25	
42	345	1.25	
42	345	1.25	
42	345	1.25	
42	345	1.25	
42	345	1.25	
42	345	1.25	
42	345	1.25	
42	345	1.25	
42	345	1.25	
42	345	1.25	
42	345	1.25	
42	345	1.25	
42	345	1.25	
42	345	1.25	
42	345	1.25	
42	345	1.25	
42	345	1.25	
42	345	1.25	
42	345	1.25	
42	345	1.25	
42	345	1.25	
42	345	1.25	
42	345	1.25	
42	345	1.25	
43	0	0	
43	-8.75	-22.5	
43	-10	-25	
43	-10	-22.5	
43	-10	-25	
43	-10	-25	
43	-11.25	-25	
43	-11.25	-25	
43	-11.25	-25	
43	-11.25	-25	
43	-11.25	-25	
43	-11.25	-26.25	
43	-11.25	-26.25	
43	-11.25	-26.25	
43	-11.25	-26.25	
43	-11.25	-26.25	
43	-11.25	-26.25	
43	-11.25	-26.25	
43	-11.25	-26.25	
43	-11.25	-26.25	
43	-11.25	-25	
43	-11.25	-25	
43	-11.25	-25	
43	-11.25	-25	
43	-11.25	-21.25	
43	-10	-17.5	
43	-8.75	-17.5	
43	-2.5	-11.25	
43	3.75	-7.5	
43	17.5	0	
43	47.5	8.75	
43	58.75	11.25	
43	58.75	11.25	
43	58.75	11.25	
43	81.25	12.5	
43	106.25	11.25	
43	106.25	11.25	
43	106.25	11.25	
43	158.75	7.5	
43	180	7.5	
43	198.75	7.5	
43	198.75	7.5	
43	198.75	7.5	
43	213.75	5	
43	213.75	5	
43	232.5	1.25	
43	238.75	0	
43	246.25	-2.5	
43	250	-3.75	
43	252.5	-6.25	
43	255	-6.25	
43	256.25	-6.25	
43	256.25	-6.25	
43	256.25	-6.25	
43	256.25	-6.25	
43	256.25	-6.25	
43	256.25	-6.25	
43	256.25	-6.25	
43	256.25	-6.25	
43	256.25	-6.25	
43	277.5	-10	
43	280	-10	
43	283.75	-10	
43	285	-10	
43	287.5	-10	
43	291.25	-10	
43	293.75	-10	
43	295	-7.5	
43	297.5	-7.5	
43	298.75	-6.25	
43	305	-3.75	
43	307.5	-2.5	
43	310	-2.5	
43	312.5	0	
44	0	0	
44	0	-1.25	
44	-2.5	-1.25	
44	-3.75	-1.25	
44	-6.25	-3.75	
44	-8.75	-3.75	
44	-8.75	-3.75	
44	-8.75	-1.25	
44	-10	-3.75	
44	-10	-3.75	
44	-10	0	
44	-11.25	-3.75	
44	-11.25	-3.75	
44	-11.25	-1.25	
44	-11.25	-3.75	
44	-11.25	-3.75	
44	-11.25	-3.75	
44	-11.25	-3.75	
44	-11.25	-3.75	
44	-11.25	-3.75	
44	-11.25	-3.75	
44	-11.25	-3.75	
44	-11.25	-3.75	
44	-11.25	0	
44	-11.25	-1.25	
44	-11.25	-1.25	
44	-11.25	-3.75	
44	-11.25	-3.75	
44	-11.25	-3.75	
44	-10	-3.75	
44	-1.25	0	
44	5	0	
44	16.25	3.75	
44	27.5	7.5	
44	55	13.75	
44	83.75	17.5	
44	100	15	
44	131.25	15	
44	147.5	11.25	
44	163.75	10	
44	210	0	
44	225	-1.25	
44	241.25	-3.75	
44	256.25	-7.5	
44	281.25	-8.75	
44	300	-11.25	
44	307.5	-11.25	
44	317.5	-11.25	
44	321.25	-11.25	
44	323.75	-12.5	
44	327.5	-12.5	
44	330	-12.5	
44	330	-12.5	
44	330	-12.5	
44	330	-12.5	
44	330	-12.5	
44	330	-12.5	
44	331.25	-7.5	
44	331.25	-7.5	
44	331.25	-7.5	
44	331.25	-5	
44	332.5	-3.75	
44	332.5	-3.75	
44	333.75	-7.5	
44	333.75	-7.5	
44	332.5	-12.5	
44	331.25	-12.5	
44	331.25	-12.5	
44	331.25	-15	
44	331.25	-15	
44	331.25	-15	
44	332.5	-11.25	
44	333.75	-11.25	
44	333.75	-11.25	
45	0	0	
45	0	0	
45	0	-2.5	
45	0	0	
45	0	-2.5	
45	0	0	
45	0	-2.5	
45	0	-2.5	
45	0	-2.5	
45	0	-2.5	
45	0	-2.5	
45	0	-2.5	
45	0	-2.5	
45	0	-2.5	
45	0	-2.5	
45	0	-2.5	
45	0	-2.5	
45	0	0	
45	0	0	
45	0	-2.5	
45	0	-2.5	
45	0	-2.5	
45	0	-2.5	
45	0	0	
45	0	0	
45	0	-2.5	
45	0	0	
45	0	0	
45	0	0	
45	1.25	0	
45	6.25	1.25	
45	10	1.25	
45	15	1.25	
45	21.25	1.25	
45	28.75	3.75	
45	77.5	8.75	
45	93.75	11.25	
45	108.75	12.5	
45	126.25	15	
45	158.75	16.25	
45	190	16.25	
45	218.75	16.25	
45	231.25	16.25	
45	245	16.25	
45	256.25	15	
45	292.5	12.5	
45	298.75	12.5	
45	298.75	12.5	
45	312.5	8.75	
45	318.75	5	
45	331.25	3.75	
45	333.75	3.75	
45	336.25	1.25	
45	337.5	1.25	
45	340	1.25	
45	341.25	1.25	
45	341.25	1.25	
45	341.25	1.25	
45	342.5	0	
45	342.5	0	
45	342.5	0	
45	342.5	0	
45	343.75	-2.5	
45	343.75	0	
45	343.75	0	
45	343.75	0	
45	343.75	0	
45	343.75	0	
45	343.75	0	
45	343.75	0	
45	343.75	0	
45	343.75	0	
45	343.75	0	
45	343.75	0	
46	0	0	
46	0	0	
46	0	0	
46	0	-3.75	
46	0	-3.75	
46	0	0	
46	0	-5	
46	0	-7.5	
46	0	-11.25	
46	0	-11.25	
46	0	-11.25	
46	0	-12.5	
46	0	-12.5	
46	0	-12.5	
46	0	-12.5	
46	0	-7.5	
46	0	-7.5	
46	0	-7.5	
46	0	-7.5	
46	0	-7.5	
46	0	-7.5	
46	0	-3.75	
46	0	-3.75	
46	0	-3.75	
46	0	-3.75	
46	0	-5	
46	0	-3.75	
46	0	-3.75	
46	2.5	-3.75	
46	10	-1.25	
46	23.75	0	
46	43.75	2.5	
46	56.25	2.5	
46	68.75	2.5	
46	83.75	2.5	
46	130	0	
46	147.5	0	
46	165	-3.75	
46	200	-5	
46	233.75	-7.5	
46	250	-7.5	
46	267.5	-8.75	
46	285	-11.25	
46	298.75	-11.25	
46	310	-11.25	
46	332.5	-11.25	
46	337.5	-11.25	
46	341.25	-11.25	
46	346.25	-11.25	
46	348.75	-11.25	
46	348.75	-11.25	
46	348.75	-11.25	
46	348.75	-7.5	
46	348.75	-7.5	
46	348.75	-7.5	
46	347.5	-7.5	
46	347.5	-7.5	
46	347.5	-7.5	
46	347.5	-7.5	
46	347.5	-7.5	
46	347.5	-7.5	
46	347.5	-5	
46	347.5	-7.5	
46	346.25	-5	
46	347.5	-7.5	
46	347.5	-7.5	
46	347.5	-7.5	
46	346.25	-5	
46	347.5	-7.5	
46	346.25	-7.5	
46	346.25	-7.5	
46	347.5	-7.5	
46	347.5	-8.75	
46	347.5	-7.5	
47	0	0	
47	0	0	
47	0	0	
47	0	0	
47	0	2.5	
47	0	0	
47	0	0	
47	0	0	
47	0	0	
47	0	0	
47	0	0	
47	0	0	
47	0	0	
47	0	0	
47	0	0	
47	0	0	
47	0	0	
47	0	0	
47	0	0	
47	0	0	
47	0	0	
47	0	0	
47	0	0	
47	0	0	
47	0	0	
47	0	0	
47	0	-1.25	
47	0	-1.25	
47	0	-3.75	
47	0	-3.75	
47	8.75	0	
47	17.5	2.5	
47	17.5	2.5	
47	33.75	6.25	
47	33.75	6.25	
47	61.25	3.75	
47	90	2.5	
47	90	2.5	
47	90	2.5	
47	126.25	3.75	
47	207.5	3.75	
47	227.5	3.75	
47	245	3.75	
47	258.75	3.75	
47	283.75	3.75	
47	300	3.75	
47	305	3.75	
47	312.5	3.75	
47	315	3.75	
47	317.5	3.75	
47	320	3.75	
47	322.5	3.75	
47	322.5	3.75	
47	322.5	3.75	
47	322.5	3.75	
47	323.75	3.75	
47	323.75	3.75	
47	322.5	6.25	
47	322.5	6.25	
47	322.5	6.25	
47	323.75	3.75	
47	323.75	6.25	
47	323.75	6.25	
47	323.75	6.25	
47	323.75	3.75	
47	323.75	3.75	
47	323.75	3.75	
47	323.75	3.75	
47	323.75	3.75	
47	323.75	3.75	
47	323.75	3.75	
47	323.75	3.75	
47	323.75	3.75	
47	323.75	3.75	
48	0	0	
48	0	0	
48	0	0	
48	0	0	
48	0	0	
48	0	-1.25	
48	0	-1.25	
48	0	-1.25	
48	0	-1.25	
48	0	-1.25	
48	0	-1.25	
48	0	-1.25	
48	0	-1.25	
48	0	-3.75	
48	0	-1.25	
48	0	-1.25	
48	0	-1.25	
48	0	-1.25	
48	0	0	
48	0	0	
48	0	0	
48	0	0	
48	0	0	
48	0	0	
48	0	0	
48	0	0	
48	0	0	
48	0	0	
48	0	0	
48	0	0	
48	6.25	-1.25	
48	11.25	0	
48	23.75	0	
48	33.75	0	
48	57.5	0	
48	71.25	0	
48	111.25	0	
48	130	0	
48	148.75	0	
48	166.25	0	
48	213.75	-3.75	
48	227.5	-3.75	
48	250	-3.75	
48	258.75	-3.75	
48	273.75	-3.75	
48	285	-5	
48	292.5	-7.5	
48	295	-7.5	
48	297.5	-7.5	
48	298.75	-7.5	
48	301.25	-7.5	
48	302.5	-7.5	
48	302.5	-7.5	
48	303.75	-5	
48	303.75	-5	
48	303.75	-3.75	
48	303.75	-1.25	
48	305	0	
48	305	0	
48	305	0	
48	305	-1.25	
48	307.5	-1.25	
48	307.5	-1.25	
48	312.5	0	
48	312.5	0	
48	322.5	0	
48	330	0	
48	331.25	0	
48	333.75	-1.25	
48	336.25	-1.25	
48	337.5	0	
48	337.5	-1.25	
48	338.75	-3.75	
48	340	-3.75	
49	0	0	
49	1.25	-2.5	
49	1.25	-2.5	
49	1.25	-2.5	
49	1.25	-2.5	
49	1.25	-2.5	
49	1.25	-2.5	
49	1.25	1.25	
49	1.25	0	
49	1.25	0	
49	1.25	-2.5	
49	1.25	-2.5	
49	1.25	-2.5	
49	1.25	-2.5	
49	1.25	-2.5	
49	1.25	-2.5	
49	1.25	-2.5	
49	1.25	-2.5	
49	1.25	-2.5	
49	1.25	-2.5	
49	1.25	0	
49	1.25	0	
49	1.25	0	
49	1.25	0	
49	1.25	0	
49	1.25	-2.5	
49	1.25	-2.5	
49	0	-2.5	
49	0	-2.5	
49	0	0	
49	2.5	1.25	
49	3.75	1.25	
49	11.25	7.5	
49	17.5	8.75	
49	23.75	11.25	
49	55	16.25	
49	68.75	18.75	
49	100	20	
49	118.75	20	
49	153.75	18.75	
49	190	16.25	
49	208.75	16.25	
49	242.5	16.25	
49	258.75	15	
49	258.75	15	
49	293.75	16.25	
49	306.25	15	
49	327.5	15	
49	335	15	
49	346.25	15	
49	346.25	15	
49	346.25	15	
49	346.25	15	
49	346.25	15	
49	346.25	15	
49	346.25	15	
49	346.25	15	
49	346.25	15	
49	346.25	15	
49	346.25	15	
49	346.25	15	
49	346.25	15	
49	346.25	15	
49	346.25	15	
49	346.25	15	
49	346.25	15	
49	346.25	15	
49	346.25	15	
49	346.25	15	
49	346.25	15	
49	346.25	15	
49	346.25	15	
49	346.25	15	
49	346.25	15	
50	0	0	
50	0	3.75	
50	0	7.5	
50	0	7.5	
50	0	3.75	
50	0	3.75	
50	0	3.75	
50	0	3.75	
50	0	3.75	
50	0	3.75	
50	0	3.75	
50	0	3.75	
50	0	3.75	
50	0	3.75	
50	0	2.5	
50	0	3.75	
50	0	3.75	
50	0	2.5	
50	0	2.5	
50	0	2.5	
50	0	2.5	
50	0	2.5	
50	0	2.5	
50	0	2.5	
50	0	3.75	
50	0	2.5	
50	0	2.5	
50	0	2.5	
50	0	2.5	
50	0	2.5	
50	0	3.75	
50	2.5	3.75	
50	5	3.75	
50	13.75	7.5	
50	20	7.5	
50	38.75	10	
50	62.5	11.25	
50	76.25	15	
50	76.25	15	
50	113.75	15	
50	168.75	15	
50	186.25	18.75	
50	203.75	18.75	
50	237.5	18.75	
50	252.5	18.75	
50	280	22.5	
50	300	22.5	
50	307.5	22.5	
50	315	22.5	
50	326.25	22.5	
50	333.75	22.5	
50	335	22.5	
50	336.25	22.5	
50	337.5	22.5	
50	337.5	22.5	
50	337.5	25	
50	337.5	25	
50	337.5	25	
50	338.75	25	
50	338.75	25	
50	338.75	25	
50	338.75	25	
50	338.75	25	
50	338.75	25	
50	338.75	25	
50	338.75	25	
50	340	22.5	
50	340	22.5	
50	340	22.5	
50	338.75	25	
50	340	22.5	
50	338.75	22.5	
50	338.75	22.5	
50	338.75	22.5	
51	0	0	
51	0	0	
51	0	0	
51	0	0	
51	0	0	
51	0	0	
51	0	0	
51	0	0	
51	0	0	
51	0	0	
51	0	0	
51	0	0	
51	0	0	
51	0	0	
51	0	0	
51	0	0	
51	0	0	
51	0	0	
51	0	0	
51	0	0	
51	0	0	
51	0	-3.75	
51	0	-3.75	
51	-1.25	-5	
51	0	0	
51	0	3.75	
51	0	6.25	
51	0	7.5	
51	0	7.5	
51	0	7.5	
51	0	6.25	
51	0	6.25	
51	0	6.25	
51	0	7.5	
51	0	6.25	
51	0	2.5	
51	0	2.5	
51	0	2.5	
51	0	2.5	
51	0	2.5	
51	0	0	
51	0	2.5	
51	0	2.5	
51	1.25	3.75	
51	5	3.75	
51	18.75	2.5	
51	27.5	2.5	
51	38.75	3.75	
51	50	3.75	
51	78.75	0	
51	112.5	0	
51	130	-1.25	
51	167.5	-1.25	
51	203.75	-3.75	
51	222.5	-3.75	
51	268.75	0	
51	282.5	0	
51	293.75	2.5	
51	302.5	2.5	
51	318.75	3.75	
51	328.75	6.25	
51	332.5	6.25	
51	336.25	7.5	
51	338.75	6.25	
51	340	6.25	
51	341.25	7.5	
51	338.75	7.5	
51	337.5	7.5	
51	337.5	7.5	
51	336.25	10	
51	335	10	
51	332.5	11.25	
51	331.25	11.25	
51	331.25	11.25	
52	0	0	
52	0	0	
52	0	0	
52	0	0	
52	0	0	
52	0	0	
52	0	0	
52	0	-1.25	
52	0	0	
52	0	0	
52	0	0	
52	0	0	
52	0	-1.25	
52	0	-1.25	
52	0	-1.25	
52	0	0	
52	1.25	-1.25	
52	1.25	0	
52	1.25	0	
52	1.25	0	
52	1.25	-1.25	
52	1.25	0	
52	1.25	0	
52	1.25	0	
52	1.25	0	
52	1.25	0	
52	1.25	0	
52	2.5	0	
52	2.5	0	
52	3.75	0	
52	8.75	0	
52	15	2.5	
52	21.25	3.75	
52	37.5	7.5	
52	47.5	7.5	
52	71.25	11.25	
52	97.5	15	
52	125	17.5	
52	138.75	17.5	
52	153.75	18.75	
52	191.25	18.75	
52	202.5	18.75	
52	212.5	18.75	
52	228.75	21.25	
52	236.25	22.5	
52	247.5	22.5	
52	253.75	22.5	
52	257.5	25	
52	257.5	25	
52	262.5	22.5	
52	262.5	22.5	
52	262.5	18.75	
52	262.5	18.75	
52	262.5	18.75	
52	262.5	18.75	
52	261.25	22.5	
52	262.5	26.25	
52	262.5	26.25	
52	262.5	28.75	
52	262.5	28.75	
52	263.75	26.25	
52	263.75	26.25	
52	263.75	26.25	
52	263.75	26.25	
52	263.75	26.25	
52	263.75	26.25	
52	263.75	26.25	
52	263.75	26.25	
52	263.75	26.25	
52	263.75	26.25	
52	263.75	26.25	
52	265	26.25	
52	265	26.25	
52	265	26.25	
53	0	0	
53	0	0	
53	0	0	
53	0	0	
53	0	0	
53	0	0	
53	0	0	
53	0	0	
53	0	0	
53	0	0	
53	0	0	
53	0	0	
53	0	0	
53	0	0	
53	0	2.5	
53	0	2.5	
53	0	0	
53	0	0	
53	0	2.5	
53	0	2.5	
53	0	0	
53	0	0	
53	0	2.5	
53	0	2.5	
53	0	2.5	
53	0	0	
53	0	0	
53	0	0	
53	0	2.5	
53	2.5	3.75	
53	6.25	6.25	
53	10	7.5	
53	21.25	11.25	
53	28.75	11.25	
53	37.5	11.25	
53	71.25	15	
53	83.75	15	
53	97.5	15	
53	126.25	15	
53	155	17.5	
53	182.5	18.75	
53	195	18.75	
53	213.75	18.75	
53	222.5	18.75	
53	228.75	18.75	
53	238.75	18.75	
53	240	18.75	
53	242.5	18.75	
53	243.75	18.75	
53	245	21.25	
53	245	18.75	
53	245	18.75	
53	245	18.75	
53	245	18.75	
53	245	18.75	
53	245	18.75	
53	245	18.75	
53	245	18.75	
53	245	18.75	
53	245	18.75	
53	245	18.75	
53	245	18.75	
53	245	18.75	
53	245	18.75	
53	245	18.75	
53	245	18.75	
53	245	18.75	
53	245	18.75	
53	245	18.75	
53	245	18.75	
53	245	18.75	
53	245	18.75	
53	245	17.5	
53	245	17.5	
54	0	0	
54	0	2.5	
54	0	3.75	
54	-1.25	2.5	
54	-1.25	0	
54	-1.25	-1.25	
54	-1.25	-1.25	
54	-1.25	-1.25	
54	-1.25	-3.75	
54	-1.25	-3.75	
54	-1.25	-5	
54	-1.25	-5	
54	-1.25	-3.75	
54	-1.25	-5	
54	-1.25	-5	
54	-1.25	-5	
54	-1.25	-5	
54	-1.25	-5	
54	-1.25	-7.5	
54	-1.25	-7.5	
54	-1.25	-5	
54	-1.25	-5	
54	-1.25	-7.5	
54	-1.25	-5	
54	-1.25	-5	
54	-1.25	-3.75	
54	-1.25	-5	
54	-1.25	-3.75	
54	-1.25	-3.75	
54	-1.25	-3.75	
54	-1.25	-3.75	
54	-1.25	-3.75	
54	-1.25	-3.75	
54	-1.25	-3.75	
54	-1.25	-3.75	
54	-1.25	-3.75	
54	-1.25	-3.75	
54	-1.25	-3.75	
54	-1.25	-3.75	
54	-1.25	-3.75	
54	0	-3.75	
54	2.5	-3.75	
54	8.75	-1.25	
54	12.5	0	
54	18.75	0	
54	45	3.75	
54	57.5	7.5	
54	70	7.5	
54	85	7.5	
54	105	10	
54	140	10	
54	171.25	10	
54	196.25	10	
54	207.5	7.5	
54	216.25	10	
54	236.25	10	
54	240	10	
54	243.75	7.5	
54	247.5	7.5	
54	248.75	7.5	
54	250	10	
54	251.25	10	
54	251.25	10	
54	251.25	7.5	
54	251.25	7.5	
54	251.25	10	
54	251.25	7.5	
54	251.25	7.5	
54	251.25	7.5	
54	251.25	7.5	
54	251.25	7.5	
54	252.5	7.5	
54	252.5	7.5	
54	252.5	7.5	
55	0	0	
55	0	0	
55	0	0	
55	0	0	
55	0	0	
55	0	0	
55	0	0	
55	0	0	
55	0	0	
55	0	0	
55	0	0	
55	0	0	
55	0	0	
55	0	0	
55	0	0	
55	0	3.75	
55	0	3.75	
55	0	6.25	
55	0	6.25	
55	0	2.5	
55	0	0	
55	0	2.5	
55	0	-1.25	
55	0	-1.25	
55	0	-3.75	
55	0	-5	
55	0	-1.25	
55	0	-1.25	
55	0	2.5	
55	0	2.5	
55	0	2.5	
55	0	2.5	
55	0	2.5	
55	0	2.5	
55	0	2.5	
55	3.75	3.75	
55	8.75	6.25	
55	13.75	11.25	
55	31.25	17.5	
55	41.25	21.25	
55	66.25	26.25	
55	96.25	30	
55	112.5	30	
55	130	30	
55	148.75	32.5	
55	223.75	37.5	
55	240	37.5	
55	255	36.25	
55	277.5	37.5	
55	285	37.5	
55	297.5	37.5	
55	303.75	36.25	
55	305	36.25	
55	307.5	36.25	
55	308.75	36.25	
55	311.25	36.25	
55	310	36.25	
55	310	36.25	
55	311.25	37.5	
55	311.25	37.5	
55	310	37.5	
55	308.75	37.5	
55	308.75	37.5	
55	308.75	37.5	
55	308.75	37.5	
55	307.5	40	
55	307.5	40	
55	307.5	41.25	
55	307.5	41.25	
55	307.5	41.25	
55	307.5	41.25	
55	306.25	41.25	
55	306.25	41.25	
55	306.25	41.25	
56	0	0	
56	0	0	
56	0	0	
56	0	0	
56	0	0	
56	0	0	
56	0	0	
56	0	0	
56	0	0	
56	0	0	
56	0	0	
56	0	0	
56	0	0	
56	0	0	
56	0	0	
56	0	0	
56	0	0	
56	0	0	
56	0	0	
56	0	0	
56	0	0	
56	0	0	
56	0	0	
56	0	0	
56	0	0	
56	0	0	
56	0	0	
56	0	0	
56	0	0	
56	0	0	
56	6.25	0	
56	11.25	0	
56	25	0	
56	35	0	
56	45	0	
56	85	-3.75	
56	100	-3.75	
56	115	-5	
56	143.75	-8.75	
56	157.5	-11.25	
56	195	-18.75	
56	195	-18.75	
56	205	-18.75	
56	205	-18.75	
56	213.75	-22.5	
56	222.5	-26.25	
56	228.75	-26.25	
56	228.75	-26.25	
56	236.25	-30	
56	240	-23.75	
56	242.5	-22.5	
56	243.75	-18.75	
56	243.75	-18.75	
56	245	-18.75	
56	246.25	-16.25	
56	247.5	-18.75	
56	247.5	-20	
56	247.5	-20	
56	247.5	-20	
56	247.5	-20	
56	247.5	-20	
56	247.5	-20	
56	247.5	-20	
56	248.75	-22.5	
56	248.75	-22.5	
56	248.75	-22.5	
56	248.75	-22.5	
56	248.75	-22.5	
56	248.75	-22.5	
56	248.75	-22.5	
56	248.75	-22.5	
56	250	-22.5	
56	250	-22.5	
56	250	-22.5	
57	0	0	
57	0	0	
57	0	0	
57	0	0	
57	0	0	
57	0	0	
57	0	0	
57	0	0	
57	0	0	
57	0	0	
57	0	0	
57	0	0	
57	0	0	
57	0	0	
57	0	0	
57	0	0	
57	0	0	
57	0	0	
57	0	0	
57	0	0	
57	0	0	
57	0	2.5	
57	0	2.5	
57	0	2.5	
57	0	2.5	
57	0	3.75	
57	0	2.5	
57	0	3.75	
57	0	3.75	
57	0	3.75	
57	0	2.5	
57	2.5	3.75	
57	6.25	6.25	
57	10	7.5	
57	16.25	7.5	
57	41.25	13.75	
57	41.25	13.75	
57	70	15	
57	85	17.5	
57	100	17.5	
57	135	17.5	
57	150	17.5	
57	168.75	18.75	
57	168.75	18.75	
57	200	18.75	
57	223.75	18.75	
57	238.75	17.5	
57	243.75	17.5	
57	247.5	17.5	
57	251.25	17.5	
57	257.5	15	
57	258.75	15	
57	260	15	
57	260	15	
57	260	15	
57	260	15	
57	260	15	
57	260	15	
57	260	15	
57	260	15	
57	260	15	
57	260	15	
57	261.25	15	
57	261.25	15	
57	265	15	
57	272.5	15	
57	277.5	15	
57	277.5	15	
57	286.25	17.5	
57	292.5	17.5	
57	302.5	11.25	
57	306.25	11.25	
57	306.25	11.25	
57	306.25	11.25	
58	0	0	
58	0	0	
58	1.25	-2.5	
58	1.25	-2.5	
58	1.25	-2.5	
58	2.5	0	
58	2.5	0	
58	2.5	0	
58	2.5	0	
58	2.5	0	
58	3.75	0	
58	3.75	0	
58	3.75	0	
58	3.75	0	
58	3.75	1.25	
58	3.75	1.25	
58	3.75	1.25	
58	3.75	1.25	
58	5	1.25	
58	5	1.25	
58	5	1.25	
58	5	1.25	
58	5	1.25	
58	8.75	1.25	
58	10	3.75	
58	22.5	5	
58	30	5	
58	47.5	5	
58	58.75	5	
58	70	5	
58	111.25	5	
58	111.25	5	
58	132.5	1.25	
58	170	1.25	
58	188.75	-2.5	
58	237.5	-2.5	
58	252.5	-2.5	
58	270	-2.5	
58	285	-2.5	
58	298.75	0	
58	327.5	1.25	
58	333.75	1.25	
58	338.75	1.25	
58	345	1.25	
58	347.5	1.25	
58	347.5	1.25	
58	347.5	1.25	
58	347.5	1.25	
58	347.5	1.25	
58	347.5	1.25	
58	347.5	1.25	
58	347.5	1.25	
58	347.5	1.25	
58	347.5	1.25	
58	347.5	1.25	
58	347.5	1.25	
58	347.5	1.25	
58	347.5	1.25	
58	347.5	1.25	
58	347.5	1.25	
58	347.5	1.25	
58	347.5	1.25	
58	347.5	1.25	
58	347.5	1.25	
58	347.5	1.25	
58	347.5	1.25	
58	347.5	1.25	
58	347.5	1.25	
58	347.5	1.25	
58	347.5	1.25	
58	347.5	1.25	
58	347.5	1.25	
58	347.5	1.25	
58	347.5	1.25	
59	0	0	
59	0	0	
59	0	0	
59	0	0	
59	0	0	
59	0	0	
59	0	0	
59	0	0	
59	0	0	
59	0	0	
59	0	0	
59	0	0	
59	0	0	
59	0	3.75	
59	0	6.25	
59	0	7.5	
59	0	7.5	
59	0	7.5	
59	0	3.75	
59	0	0	
59	0	-1.25	
59	0	-1.25	
59	-1.25	-3.75	
59	-1.25	-5	
59	0	-3.75	
59	1.25	0	
59	2.5	0	
59	6.25	0	
59	8.75	0	
59	17.5	-1.25	
59	33.75	-3.75	
59	55	-7.5	
59	68.75	-8.75	
59	82.5	-11.25	
59	113.75	-18.75	
59	147.5	-22.5	
59	165	-23.75	
59	197.5	-30	
59	226.25	-31.25	
59	238.75	-33.75	
59	261.25	-33.75	
59	281.25	-33.75	
59	288.75	-33.75	
59	295	-33.75	
59	303.75	-33.75	
59	308.75	-33.75	
59	310	-33.75	
59	312.5	-33.75	
59	313.75	-33.75	
59	315	-31.25	
59	315	-31.25	
59	316.25	-31.25	
59	316.25	-30	
59	316.25	-30	
59	316.25	-30	
59	321.25	-23.75	
59	322.5	-20	
59	327.5	-18.75	
59	328.75	-16.25	
59	331.25	-15	
59	332.5	-12.5	
59	332.5	-12.5	
59	332.5	-12.5	
59	332.5	-12.5	
59	332.5	-12.5	
59	333.75	-11.25	
59	333.75	-11.25	
59	333.75	-11.25	
59	333.75	-11.25	
59	333.75	-11.25	
59	333.75	-12.5	
59	333.75	-11.25	
59	333.75	-11.25	
59	333.75	-12.5	
60	0	0	
60	0	0	
60	0	0	
60	0	0	
60	0	0	
60	1.25	0	
60	1.25	0	
60	1.25	0	
60	1.25	0	
60	1.25	0	
60	2.5	0	
60	2.5	0	
60	2.5	0	
60	2.5	0	
60	2.5	0	
60	3.75	0	
60	3.75	0	
60	3.75	0	
60	3.75	0	
60	3.75	0	
60	5	2.5	
60	5	2.5	
60	5	2.5	
60	5	2.5	
60	6.25	2.5	
60	6.25	0	
60	6.25	0	
60	7.5	0	
60	7.5	0	
60	7.5	0	
60	7.5	0	
60	7.5	0	
60	8.75	0	
60	11.25	0	
60	12.5	-1.25	
60	21.25	-3.75	
60	21.25	-3.75	
60	42.5	-3.75	
60	53.75	-8.75	
60	53.75	-8.75	
60	68.75	-15	
60	95	-18.75	
60	95	-18.75	
60	125	-22.5	
60	156.25	-23.75	
60	187.5	-26.25	
60	213.75	-26.25	
60	213.75	-26.25	
60	237.5	-30	
60	256.25	-27.5	
60	301.25	-23.75	
60	322.5	-22.5	
60	332.5	-18.75	
60	340	-18.75	
60	347.5	-18.75	
60	347.5	-18.75	
60	347.5	-18.75	
60	347.5	-18.75	
60	347.5	-18.75	
60	347.5	-18.75	
60	347.5	-18.75	
60	347.5	-18.75	
60	347.5	-18.75	
60	347.5	-18.75	
60	347.5	-18.75	
60	347.5	-18.75	
60	347.5	-18.75	
60	347.5	-18.75	
60	347.5	-18.75	
60	347.5	-18.75	
60	347.5	-18.75	
60	347.5	-18.75	
60	347.5	-18.75	
60	347.5	-18.75	
61	0	0	
61	0	0	
61	0	0	
61	0	0	
61	0	0	
61	0	0	
61	0	0	
61	0	0	
61	0	0	
61	0	0	
61	0	0	
61	0	0	
61	0	0	
61	0	0	
61	0	0	
61	0	0	
61	0	0	
61	0	0	
61	0	0	
61	0	0	
61	0	0	
61	0	0	
61	0	0	
61	0	0	
61	0	0	
61	2.5	0	
61	6.25	3.75	
61	10	3.75	
61	16.25	6.25	
61	22.5	7.5	
61	47.5	11.25	
61	57.5	11.25	
61	67.5	11.25	
61	92.5	11.25	
61	118.75	11.25	
61	148.75	11.25	
61	165	10	
61	195	7.5	
61	211.25	6.25	
61	225	3.75	
61	270	2.5	
61	283.75	2.5	
61	296.25	0	
61	317.5	0	
61	331.25	-1.25	
61	340	-3.75	
61	342.5	-3.75	
61	348.75	-5	
61	348.75	-5	
61	348.75	-5	
61	348.75	-5	
61	348.75	-5	
61	348.75	-5	
61	348.75	-5	
61	348.75	-5	
61	348.75	-5	
61	348.75	-5	
61	348.75	-5	
61	348.75	-5	
61	348.75	-5	
61	348.75	-5	
61	348.75	-5	
61	348.75	-5	
61	348.75	-5	
61	348.75	-5	
61	348.75	-5	
61	348.75	-5	
61	348.75	-5	
61	348.75	-5	
61	348.75	-5	
61	348.75	-5	
61	348.75	-5	
61	348.75	-5	
61	348.75	-5	
62	0	0	
62	0	2.5	
62	0	2.5	
62	0	3.75	
62	0	3.75	
62	0	3.75	
62	0	3.75	
62	0	3.75	
62	0	3.75	
62	0	3.75	
62	0	3.75	
62	0	3.75	
62	0	3.75	
62	1.25	3.75	
62	1.25	3.75	
62	1.25	3.75	
62	1.25	3.75	
62	1.25	3.75	
62	1.25	3.75	
62	1.25	3.75	
62	3.75	6.25	
62	6.25	6.25	
62	7.5	7.5	
62	11.25	10	
62	16.25	10	
62	27.5	11.25	
62	41.25	11.25	
62	51.25	11.25	
62	71.25	13.75	
62	83.75	13.75	
62	112.5	11.25	
62	127.5	7.5	
62	158.75	3.75	
62	175	-1.25	
62	190	-3.75	
62	230	-12.5	
62	242.5	-15	
62	261.25	-20	
62	270	-20	
62	277.5	-22.5	
62	293.75	-22.5	
62	297.5	-22.5	
62	302.5	-22.5	
62	303.75	-22.5	
62	306.25	-22.5	
62	307.5	-22.5	
62	307.5	-22.5	
62	307.5	-22.5	
62	308.75	-22.5	
62	308.75	-22.5	
62	308.75	-22.5	
62	308.75	-22.5	
62	308.75	-22.5	
62	311.25	-18.75	
62	311.25	-18.75	
62	311.25	-18.75	
62	311.25	-18.75	
62	311.25	-18.75	
62	311.25	-18.75	
62	311.25	-18.75	
62	311.25	-18.75	
62	311.25	-18.75	
62	311.25	-18.75	
62	311.25	-18.75	
62	311.25	-18.75	
62	311.25	-18.75	
62	311.25	-18.75	
62	311.25	-18.75	
62	311.25	-18.75	
62	311.25	-18.75	
62	311.25	-18.75	
62	311.25	-18.75	
62	335	-11.25	
62	336.25	-8.75	
63	0	0	
63	0	0	
63	0	0	
63	0	0	
63	0	0	
63	0	-2.5	
63	0	-2.5	
63	0	-2.5	
63	-1.25	-3.75	
63	-1.25	-3.75	
63	0	-2.5	
63	0	1.25	
63	0	1.25	
63	0	1.25	
63	0	1.25	
63	0	3.75	
63	0	5	
63	0	5	
63	0	5	
63	0	1.25	
63	0	1.25	
63	0	1.25	
63	0	1.25	
63	0	1.25	
63	0	0	
63	0	0	
63	2.5	0	
63	5	0	
63	8.75	1.25	
63	13.75	1.25	
63	43.75	3.75	
63	55	3.75	
63	67.5	1.25	
63	81.25	1.25	
63	111.25	1.25	
63	145	1.25	
63	162.5	1.25	
63	197.5	1.25	
63	215	1.25	
63	230	1.25	
63	248.75	3.75	
63	281.25	1.25	
63	293.75	1.25	
63	305	3.75	
63	322.5	3.75	
63	337.5	5	
63	342.5	5	
63	347.5	5	
63	347.5	5	
63	347.5	5	
63	347.5	5	
63	347.5	5	
63	347.5	5	
63	347.5	5	
63	347.5	5	
63	347.5	5	
63	347.5	5	
63	347.5	5	
63	347.5	5	
63	347.5	5	
63	347.5	5	
63	347.5	5	
63	347.5	5	
63	347.5	5	
63	347.5	5	
63	347.5	5	
63	347.5	5	
63	347.5	5	
63	347.5	5	
63	347.5	5	
63	347.5	5	
63	347.5	5	
63	347.5	5	
63	347.5	5	
64	0	0	
64	0	0	
64	0	0	
64	0	0	
64	0	-1.25	
64	0	0	
64	0	0	
64	0	0	
64	0	0	
64	0	-1.25	
64	0	0	
64	0	0	
64	0	0	
64	0	0	
64	0	0	
64	0	0	
64	0	0	
64	0	0	
64	0	0	
64	0	0	
64	0	0	
64	0	0	
64	0	0	
64	0	0	
64	0	0	
64	0	0	
64	0	0	
64	0	0	
64	0	0	
64	0	0	
64	0	0	
64	0	0	
64	0	3.75	
64	2.5	3.75	
64	7.5	3.75	
64	16.25	0	
64	30	0	
64	30	0	
64	47.5	0	
64	47.5	0	
64	70	-3.75	
64	98.75	-7.5	
64	127.5	-11.25	
64	176.25	-11.25	
64	197.5	-11.25	
64	236.25	-12.5	
64	270	-11.25	
64	285	-11.25	
64	298.75	-11.25	
64	318.75	-7.5	
64	332.5	-7.5	
64	336.25	-7.5	
64	342.5	-7.5	
64	346.25	-7.5	
64	347.5	-7.5	
64	348.75	-7.5	
64	348.75	-7.5	
64	348.75	-7.5	
64	348.75	-7.5	
64	348.75	-7.5	
64	348.75	-7.5	
64	348.75	-7.5	
64	348.75	-7.5	
64	348.75	-7.5	
64	348.75	-7.5	
64	348.75	-7.5	
64	348.75	-7.5	
64	348.75	-7.5	
64	348.75	-7.5	
64	348.75	-7.5	
64	348.75	-7.5	
64	348.75	-7.5	
64	348.75	-7.5	
64	348.75	-7.5	
65	0	0	
65	0	1.25	
65	0	1.25	
65	0	1.25	
65	0	1.25	
65	0	1.25	
65	0	1.25	
65	0	1.25	
65	0	1.25	
65	0	1.25	
65	0	1.25	
65	0	0	
65	0	0	
65	0	1.25	
65	0	1.25	
65	0	0	
65	0	1.25	
65	0	1.25	
65	0	1.25	
65	0	1.25	
65	0	1.25	
65	0	1.25	
65	0	1.25	
65	0	1.25	
65	0	1.25	
65	0	1.25	
65	0	1.25	
65	0	1.25	
65	0	1.25	
65	-1.25	1.25	
65	0	1.25	
65	2.5	3.75	
65	5	3.75	
65	11.25	3.75	
65	17.5	5	
65	47.5	5	
65	76.25	1.25	
65	95	1.25	
65	112.5	0	
65	151.25	-3.75	
65	188.75	-10	
65	221.25	-11.25	
65	235	-13.75	
65	247.5	-13.75	
65	258.75	-13.75	
65	282.5	-13.75	
65	291.25	-11.25	
65	293.75	-11.25	
65	295	-10	
65	298.75	-10	
65	298.75	-10	
65	298.75	-10	
65	298.75	-7.5	
65	298.75	-7.5	
65	298.75	-7.5	
65	298.75	-7.5	
65	297.5	-10	
65	297.5	-10	
65	296.25	-11.25	
65	297.5	-11.25	
65	296.25	-13.75	
65	296.25	-13.75	
65	296.25	-11.25	
65	296.25	-7.5	
65	296.25	-7.5	
65	297.5	-6.25	
65	296.25	-3.75	
65	297.5	-2.5	
65	297.5	-2.5	
65	297.5	0	
65	298.75	-2.5	
65	298.75	-2.5	
65	298.75	-2.5	
65	298.75	-2.5	
66	0	0	
66	0	0	
66	0	0	
66	0	0	
66	0	0	
66	0	0	
66	0	0	
66	0	0	
66	0	0	
66	0	0	
66	0	0	
66	0	0	
66	0	0	
66	0	0	
66	0	0	
66	0	0	
66	0	0	
66	0	0	
66	0	0	
66	0	0	
66	0	2.5	
66	0	2.5	
66	0	2.5	
66	0	2.5	
66	0	2.5	
66	0	2.5	
66	0	2.5	
66	0	2.5	
66	1.25	2.5	
66	3.75	3.75	
66	17.5	7.5	
66	27.5	7.5	
66	51.25	10	
66	66.25	7.5	
66	85	7.5	
66	120	3.75	
66	155	0	
66	171.25	-1.25	
66	185	-3.75	
66	208.75	-7.5	
66	227.5	-11.25	
66	232.5	-11.25	
66	233.75	-11.25	
66	238.75	-11.25	
66	240	-12.5	
66	240	-12.5	
66	241.25	-15	
66	241.25	-15	
66	241.25	-15	
66	241.25	-15	
66	241.25	-15	
66	242.5	-15	
66	242.5	-15	
66	242.5	-15	
66	242.5	-15	
66	242.5	-15	
66	242.5	-15	
66	242.5	-15	
66	242.5	-15	
66	242.5	-15	
66	243.75	-15	
66	243.75	-15	
66	243.75	-15	
66	243.75	-15	
66	243.75	-15	
66	243.75	-15	
66	243.75	-15	
66	243.75	-15	
66	243.75	-15	
66	243.75	-15	
66	243.75	-15	
66	243.75	-15	
66	243.75	-15	
66	243.75	-15	
67	0	0	
67	0	0	
67	1.25	2.5	
67	1.25	3.75	
67	1.25	3.75	
67	1.25	3.75	
67	1.25	3.75	
67	1.25	0	
67	1.25	2.5	
67	1.25	2.5	
67	1.25	3.75	
67	1.25	3.75	
67	1.25	3.75	
67	1.25	0	
67	1.25	0	
67	1.25	-3.75	
67	1.25	-3.75	
67	1.25	-3.75	
67	1.25	-3.75	
67	1.25	-3.75	
67	1.25	-5	
67	1.25	-3.75	
67	1.25	-5	
67	1.25	-5	
67	1.25	-5	
67	3.75	-7.5	
67	5	-7.5	
67	7.5	-7.5	
67	15	-7.5	
67	20	-8.75	
67	33.75	-8.75	
67	55	-11.25	
67	67.5	-11.25	
67	97.5	-12.5	
67	97.5	-12.5	
67	125	-12.5	
67	125	-12.5	
67	161.25	-15	
67	191.25	-15	
67	242.5	-12.5	
67	283.75	-11.25	
67	298.75	-11.25	
67	325	-11.25	
67	342.5	-7.5	
67	348.75	-7.5	
67	348.75	-7.5	
67	348.75	-7.5	
67	348.75	-7.5	
67	348.75	-7.5	
67	348.75	-7.5	
67	348.75	-7.5	
67	348.75	-7.5	
67	348.75	-7.5	
67	348.75	-7.5	
67	348.75	-7.5	
67	348.75	-7.5	
67	348.75	-7.5	
67	348.75	-7.5	
67	348.75	-7.5	
67	348.75	-7.5	
67	348.75	-7.5	
67	348.75	-7.5	
67	348.75	-7.5	
67	348.75	-7.5	
67	348.75	-7.5	
67	348.75	-7.5	
67	348.75	-7.5	
67	348.75	-7.5	
67	348.75	-7.5	
67	348.75	-7.5	
67	348.75	-7.5	
67	348.75	-7.5	
67	348.75	-7.5	
67	348.75	-7.5	
68	0	0	
68	0	1.25	
68	0	1.25	
68	0	0	
68	0	0	
68	0	0	
68	0	0	
68	0	0	
68	0	0	
68	0	0	
68	0	0	
68	0	0	
68	0	0	
68	0	0	
68	0	0	
68	0	0	
68	0	0	
68	0	0	
68	0	0	
68	0	0	
68	0	0	
68	1.25	0	
68	2.5	0	
68	6.25	0	
68	10	0	
68	13.75	1.25	
68	25	5	
68	25	5	
68	42.5	7.5	
68	78.75	8.75	
68	97.5	7.5	
68	125	5	
68	125	5	
68	153.75	3.75	
68	153.75	3.75	
68	213.75	-2.5	
68	257.5	3.75	
68	275	5	
68	275	5	
68	305	5	
68	322.5	7.5	
68	332.5	7.5	
68	336.25	7.5	
68	338.75	7.5	
68	340	7.5	
68	343.75	8.75	
68	345	8.75	
68	345	8.75	
68	345	8.75	
68	343.75	8.75	
68	342.5	8.75	
68	342.5	8.75	
68	342.5	8.75	
68	342.5	8.75	
68	342.5	7.5	
68	341.25	7.5	
68	341.25	7.5	
68	341.25	7.5	
68	341.25	7.5	
68	341.25	7.5	
68	342.5	7.5	
68	341.25	5	
68	341.25	5	
68	341.25	5	
68	341.25	5	
68	342.5	5	
68	342.5	5	
68	342.5	5	
68	341.25	7.5	
68	342.5	5	
68	341.25	5	
68	341.25	5	
68	341.25	5	
68	341.25	5	
69	0	0	
69	0	0	
69	0	0	
69	0	0	
69	0	0	
69	0	0	
69	0	0	
69	0	-1.25	
69	0	0	
69	0	-1.25	
69	0	-1.25	
69	0	-1.25	
69	0	-1.25	
69	0	-3.75	
69	0	-3.75	
69	0	-1.25	
69	0	-3.75	
69	0	-3.75	
69	0	-3.75	
69	0	-3.75	
69	0	-3.75	
69	0	-3.75	
69	0	-3.75	
69	0	-1.25	
69	0	-3.75	
69	0	-3.75	
69	0	-3.75	
69	0	-3.75	
69	0	-3.75	
69	0	-3.75	
69	0	-3.75	
69	0	-3.75	
69	0	-3.75	
69	0	-3.75	
69	0	-3.75	
69	0	-3.75	
69	0	-3.75	
69	1.25	-3.75	
69	1.25	-3.75	
69	6.25	-3.75	
69	12.5	-7.5	
69	20	-7.5	
69	40	-11.25	
69	53.75	-15	
69	67.5	-15	
69	118.75	-20	
69	137.5	-23.75	
69	158.75	-27.5	
69	177.5	-31.25	
69	212.5	-37.5	
69	241.25	-45	
69	258.75	-42.5	
69	258.75	-42.5	
69	267.5	-41.25	
69	273.75	-41.25	
69	281.25	-41.25	
69	281.25	-41.25	
69	285	-38.75	
69	292.5	-45	
69	292.5	-46.25	
69	292.5	-48.75	
69	292.5	-48.75	
69	292.5	-48.75	
69	292.5	-48.75	
69	292.5	-48.75	
69	292.5	-48.75	
69	293.75	-48.75	
69	293.75	-48.75	
69	293.75	-48.75	
69	293.75	-48.75	
69	295	-46.25	
69	295	-45	
69	295	-45	
69	295	-45	
70	0	0	
70	0	0	
70	0	0	
70	0	0	
70	0	0	
70	0	0	
70	0	0	
70	0	0	
70	0	0	
70	0	-2.5	
70	0	-2.5	
70	0	-2.5	
70	0	0	
70	0	-2.5	
70	0	-2.5	
70	0	-2.5	
70	0	-2.5	
70	0	-2.5	
70	2.5	-2.5	
70	8.75	-2.5	
70	17.5	0	
70	32.5	1.25	
70	41.25	1.25	
70	63.75	1.25	
70	76.25	0	
70	120	-2.5	
70	133.75	-2.5	
70	148.75	-2.5	
70	165	-3.75	
70	181.25	-2.5	
70	212.5	-3.75	
70	236.25	-3.75	
70	246.25	-3.75	
70	261.25	-2.5	
70	266.25	-2.5	
70	276.25	-2.5	
70	277.5	-2.5	
70	278.75	-2.5	
70	281.25	-2.5	
70	281.25	-2.5	
70	282.5	-2.5	
70	282.5	-2.5	
70	283.75	-2.5	
70	283.75	-2.5	
70	283.75	-2.5	
70	283.75	-2.5	
70	283.75	-2.5	
70	283.75	-2.5	
70	283.75	-2.5	
70	283.75	-2.5	
70	283.75	-2.5	
70	285	-2.5	
70	285	-2.5	
70	285	-2.5	
70	283.75	-2.5	
70	283.75	-2.5	
70	283.75	0	
70	283.75	0	
70	283.75	0	
70	281.25	0	
70	281.25	0	
70	281.25	0	
70	281.25	0	
70	281.25	0	
70	281.25	0	
70	280	-2.5	
70	280	-2.5	
70	280	-2.5	
70	280	-2.5	
70	280	-2.5	
70	280	-2.5	
70	280	-2.5	
70	280	-2.5	
70	280	-2.5	
71	0	0	
71	0	0	
71	0	0	
71	0	0	
71	0	0	
71	-7.5	12.5	
71	-6.25	15	
71	-6.25	12.5	
71	-5	8.75	
71	-5	8.75	
71	-5	8.75	
71	-5	8.75	
71	-5	8.75	
71	-3.75	7.5	
71	-3.75	7.5	
71	-3.75	7.5	
71	-3.75	7.5	
71	-3.75	7.5	
71	-3.75	8.75	
71	-1.25	8.75	
71	3.75	12.5	
71	6.25	15	
71	10	16.25	
71	13.75	16.25	
71	21.25	16.25	
71	41.25	15	
71	50	15	
71	60	12.5	
71	83.75	11.25	
71	96.25	8.75	
71	123.75	7.5	
71	153.75	7.5	
71	153.75	7.5	
71	172.5	5	
71	190	5	
71	236.25	1.25	
71	246.25	1.25	
71	255	0	
71	268.75	-3.75	
71	275	-6.25	
71	281.25	-6.25	
71	286.25	-10	
71	287.5	-10	
71	288.75	-10	
71	291.25	-10	
71	291.25	-10	
71	292.5	-10	
71	292.5	-10	
71	292.5	-10	
71	292.5	-10	
71	292.5	-10	
71	292.5	-10	
71	292.5	-10	
71	292.5	-10	
71	292.5	-10	
71	292.5	-10	
71	292.5	-10	
71	291.25	-7.5	
71	291.25	-7.5	
71	290	-10	
71	287.5	-10	
71	286.25	-10	
71	285	-13.75	
71	285	-13.75	
71	283.75	-13.75	
71	281.25	-17.5	
71	281.25	-17.5	
71	281.25	-17.5	
71	280	-17.5	
71	280	-17.5	
71	280	-18.75	
71	278.75	-21.25	
71	277.5	-18.75	
71	277.5	-21.25	
72	0	0	
72	0	0	
72	0	0	
72	0	0	
72	0	0	
72	0	0	
72	0	0	
72	0	0	
72	0	0	
72	0	0	
72	0	0	
72	0	0	
72	0	0	
72	0	0	
72	0	0	
72	0	0	
72	0	0	
72	0	0	
72	0	0	
72	0	0	
72	0	0	
72	0	0	
72	0	0	
72	0	0	
72	-7.5	-1.25	
72	-3.75	0	
72	2.5	2.5	
72	2.5	2.5	
72	15	6.25	
72	36.25	10	
72	61.25	11.25	
72	107.5	7.5	
72	128.75	7.5	
72	151.25	6.25	
72	172.5	3.75	
72	241.25	0	
72	261.25	0	
72	281.25	0	
72	297.5	0	
72	313.75	0	
72	348.75	3.75	
72	348.75	3.75	
72	348.75	3.75	
72	348.75	3.75	
72	348.75	3.75	
72	348.75	3.75	
72	348.75	3.75	
72	348.75	3.75	
72	348.75	3.75	
72	348.75	3.75	
72	348.75	3.75	
72	348.75	3.75	
72	348.75	3.75	
72	348.75	3.75	
72	348.75	3.75	
72	348.75	3.75	
72	348.75	3.75	
72	348.75	3.75	
72	348.75	3.75	
72	348.75	3.75	
72	348.75	3.75	
72	348.75	3.75	
72	348.75	3.75	
72	348.75	3.75	
72	348.75	3.75	
72	348.75	3.75	
72	348.75	3.75	
72	348.75	3.75	
72	348.75	3.75	
72	348.75	3.75	
72	348.75	3.75	
72	348.75	3.75	
72	348.75	3.75	
72	348.75	3.75	
73	0	0	
73	0	0	
73	0	0	
73	-72.5	-2.5	
73	-72.5	-2.5	
73	-72.5	-2.5	
73	-72.5	-2.5	
73	-72.5	-2.5	
73	-72.5	-2.5	
73	-72.5	-2.5	
73	-72.5	-2.5	
73	-72.5	-2.5	
73	-72.5	-2.5	
73	-72.5	-2.5	
73	-72.5	-2.5	
73	-72.5	-2.5	
73	-72.5	-2.5	
73	-72.5	-2.5	
73	-72.5	-2.5	
73	-72.5	-2.5	
73	-72.5	-2.5	
73	-72.5	-2.5	
73	-72.5	-2.5	
73	-72.5	-2.5	
73	-72.5	-2.5	
73	-72.5	-2.5	
73	-72.5	-2.5	
73	-72.5	-2.5	
73	-72.5	-2.5	
73	-72.5	-2.5	
73	-52.5	1.25	
73	-31.25	3.75	
73	-17.5	1.25	
73	-17.5	1.25	
73	20	-2.5	
73	57.5	-10	
73	77.5	-11.25	
73	113.75	-17.5	
73	130	-18.75	
73	146.25	-21.25	
73	187.5	-21.25	
73	208.75	-21.25	
73	218.75	-21.25	
73	226.25	-21.25	
73	237.5	-21.25	
73	242.5	-21.25	
73	247.5	-21.25	
73	251.25	-22.5	
73	251.25	-22.5	
73	253.75	-22.5	
73	260	-22.5	
73	265	-18.75	
73	270	-17.5	
73	270	-17.5	
73	275	-13.75	
73	281.25	-13.75	
73	281.25	-13.75	
73	287.5	-11.25	
73	287.5	-11.25	
73	292.5	-13.75	
73	303.75	-13.75	
73	307.5	-15	
73	308.75	-15	
73	310	-15	
73	310	-15	
73	311.25	-15	
73	311.25	-15	
73	311.25	-15	
73	311.25	-15	
73	311.25	-17.5	
73	311.25	-17.5	
73	311.25	-15	
73	311.25	-15	
73	311.25	-15	
74	0	0	
74	0	0	
74	0	0	
74	0	1.25	
74	0	0	
74	0	0	
74	0	0	
74	0	0	
74	0	-2.5	
74	0	-2.5	
74	0	-2.5	
74	0	0	
74	0	0	
74	0	-2.5	
74	0	-2.5	
74	0	-2.5	
74	0	-2.5	
74	0	-2.5	
74	1.25	-2.5	
74	1.25	-2.5	
74	1.25	-2.5	
74	1.25	-2.5	
74	1.25	-2.5	
74	1.25	-2.5	
74	1.25	-2.5	
74	8.75	1.25	
74	12.5	1.25	
74	18.75	3.75	
74	26.25	5	
74	46.25	8.75	
74	71.25	15	
74	85	16.25	
74	117.5	20	
74	135	22.5	
74	152.5	23.75	
74	206.25	27.5	
74	240	27.5	
74	256.25	27.5	
74	270	27.5	
74	283.75	30	
74	316.25	26.25	
74	326.25	23.75	
74	341.25	22.5	
74	346.25	22.5	
74	346.25	22.5	
74	346.25	22.5	
74	346.25	22.5	
74	346.25	22.5	
74	346.25	22.5	
74	346.25	22.5	
74	346.25	22.5	
74	346.25	22.5	
74	346.25	22.5	
74	346.25	22.5	
74	346.25	22.5	
74	346.25	22.5	
74	346.25	22.5	
74	346.25	22.5	
74	346.25	22.5	
74	346.25	22.5	
74	346.25	22.5	
74	346.25	22.5	
74	346.25	22.5	
74	346.25	22.5	
74	346.25	22.5	
74	346.25	22.5	
74	346.25	22.5	
74	346.25	22.5	
74	346.25	22.5	
74	346.25	22.5	
74	346.25	22.5	
74	346.25	22.5	
74	346.25	22.5	
74	346.25	22.5	
75	0	0	
75	0	0	
75	0	0	
75	0	0	
75	0	0	
75	0	0	
75	0	0	
75	0	0	
75	0	0	
75	0	0	
75	-37.5	-8.75	
75	-37.5	-8.75	
75	-37.5	-8.75	
75	-37.5	-8.75	
75	-37.5	-8.75	
75	-37.5	-8.75	
75	-37.5	-8.75	
75	-37.5	-8.75	
75	-37.5	-8.75	
75	-37.5	-8.75	
75	-37.5	-8.75	
75	-37.5	-8.75	
75	-37.5	-8.75	
75	-37.5	-8.75	
75	-37.5	-8.75	
75	-37.5	-8.75	
75	-37.5	-8.75	
75	-37.5	-8.75	
75	-37.5	-8.75	
75	-37.5	-8.75	
75	-37.5	-8.75	
75	-37.5	-8.75	
75	-37.5	-8.75	
75	-37.5	-8.75	
75	-37.5	-8.75	
75	-37.5	-8.75	
75	-38.75	-7.5	
75	-38.75	-7.5	
75	-38.75	-7.5	
75	-38.75	-7.5	
75	-1.25	2.5	
75	20	2.5	
75	32.5	2.5	
75	46.25	0	
75	46.25	0	
75	102.5	-3.75	
75	120	-7.5	
75	153.75	-11.25	
75	167.5	-15	
75	195	-18.75	
75	216.25	-20	
75	233.75	-22.5	
75	240	-23.75	
75	245	-23.75	
75	248.75	-23.75	
75	256.25	-26.25	
75	257.5	-26.25	
75	260	-26.25	
75	261.25	-26.25	
75	266.25	-26.25	
75	268.75	-26.25	
75	268.75	-26.25	
75	268.75	-26.25	
75	268.75	-26.25	
75	268.75	-26.25	
75	302.5	-35	
75	303.75	-37.5	
75	308.75	-37.5	
75	311.25	-37.5	
75	313.75	-37.5	
75	316.25	-37.5	
75	318.75	-35	
75	321.25	-33.75	
75	323.75	-31.25	
76	0	0	
76	0	0	
76	0	0	
76	0	0	
76	0	0	
76	0	0	
76	0	0	
76	0	0	
76	0	0	
76	0	0	
76	0	0	
76	0	0	
76	0	0	
76	0	0	
76	0	1.25	
76	-1.25	0	
76	-1.25	-2.5	
76	-1.25	-2.5	
76	-1.25	-3.75	
76	-1.25	-6.25	
76	1.25	-6.25	
76	5	-2.5	
76	11.25	-2.5	
76	11.25	-2.5	
76	23.75	1.25	
76	43.75	1.25	
76	43.75	1.25	
76	66.25	1.25	
76	108.75	0	
76	128.75	-2.5	
76	186.25	-2.5	
76	223.75	-2.5	
76	241.25	-2.5	
76	257.5	0	
76	273.75	1.25	
76	312.5	5	
76	322.5	5	
76	330	5	
76	336.25	7.5	
76	345	8.75	
76	345	8.75	
76	345	8.75	
76	345	8.75	
76	345	8.75	
76	345	8.75	
76	345	8.75	
76	345	8.75	
76	345	8.75	
76	345	8.75	
76	345	8.75	
76	345	8.75	
76	345	8.75	
76	345	8.75	
76	345	8.75	
76	345	8.75	
76	345	8.75	
76	345	8.75	
76	345	8.75	
76	345	8.75	
76	345	8.75	
76	345	8.75	
76	345	8.75	
76	345	8.75	
76	345	8.75	
76	345	8.75	
76	345	8.75	
76	345	8.75	
76	345	8.75	
76	345	8.75	
76	345	8.75	
76	345	8.75	
76	345	8.75	
76	345	8.75	
76	345	8.75	
77	0	0	
77	-6.25	0	
77	-13.75	0	
77	-27.5	-1.25	
77	-32.5	-3.75	
77	-47.5	-5	
77	-51.25	-5	
77	-56.25	-7.5	
77	-57.5	-7.5	
77	-58.75	-7.5	
77	-61.25	-7.5	
77	-61.25	-7.5	
77	-61.25	-8.75	
77	-61.25	-8.75	
77	-61.25	-8.75	
77	-61.25	-7.5	
77	-62.5	-8.75	
77	-62.5	-7.5	
77	-62.5	-7.5	
77	-62.5	-7.5	
77	-62.5	-7.5	
77	-62.5	-7.5	
77	-62.5	-7.5	
77	-62.5	-7.5	
77	-62.5	-7.5	
77	-62.5	-7.5	
77	-62.5	-7.5	
77	-58.75	-7.5	
77	-55	-5	
77	-48.75	-3.75	
77	-23.75	-1.25	
77	-12.5	-1.25	
77	0	-1.25	
77	27.5	-3.75	
77	42.5	-3.75	
77	95	-7.5	
77	111.25	-7.5	
77	130	-8.75	
77	147.5	-8.75	
77	163.75	-11.25	
77	193.75	-15	
77	193.75	-15	
77	212.5	-16.25	
77	226.25	-18.75	
77	241.25	-18.75	
77	255	-18.75	
77	270	-18.75	
77	270	-18.75	
77	286.25	-18.75	
77	298.75	-20	
77	310	-22.5	
77	320	-26.25	
77	328.75	-27.5	
77	343.75	-30	
77	347.5	-30	
77	347.5	-30	
77	347.5	-30	
77	347.5	-30	
77	347.5	-30	
77	347.5	-30	
77	347.5	-30	
77	347.5	-30	
77	347.5	-30	
77	347.5	-30	
77	347.5	-30	
77	347.5	-30	
77	347.5	-30	
77	347.5	-30	
77	347.5	-30	
77	347.5	-30	
77	347.5	-30	
77	347.5	-30	
77	347.5	-30	
77	347.5	-30	
78	0	0	
78	0	0	
78	0	0	
78	0	0	
78	0	0	
78	0	0	
78	0	0	
78	0	0	
78	0	0	
78	0	0	
78	0	0	
78	0	0	
78	0	0	
78	0	0	
78	0	0	
78	0	0	
78	0	0	
78	0	0	
78	0	0	
78	0	0	
78	0	0	
78	1.25	0	
78	2.5	0	
78	7.5	0	
78	15	0	
78	38.75	0	
78	52.5	0	
78	52.5	0	
78	78.75	0	
78	125	-1.25	
78	168.75	-5	
78	187.5	-7.5	
78	223.75	-11.25	
78	240	-12.5	
78	255	-15	
78	295	-18.75	
78	307.5	-18.75	
78	326.25	-18.75	
78	333.75	-18.75	
78	347.5	-18.75	
78	347.5	-18.75	
78	347.5	-18.75	
78	347.5	-18.75	
78	347.5	-18.75	
78	347.5	-18.75	
78	347.5	-18.75	
78	347.5	-18.75	
78	347.5	-18.75	
78	347.5	-18.75	
78	347.5	-18.75	
78	347.5	-18.75	
78	347.5	-18.75	
78	347.5	-18.75	
78	347.5	-18.75	
78	347.5	-18.75	
78	347.5	-18.75	
78	347.5	-18.75	
78	347.5	-18.75	
78	347.5	-18.75	
78	347.5	-18.75	
78	347.5	-18.75	
78	347.5	-18.75	
78	347.5	-18.75	
78	347.5	-18.75	
78	347.5	-18.75	
78	347.5	-18.75	
78	347.5	-18.75	
78	347.5	-18.75	
78	347.5	-18.75	
78	347.5	-18.75	
78	347.5	-18.75	
78	347.5	-18.75	
78	347.5	-18.75	
78	347.5	-18.75	
79	0	0	
79	0	0	
79	0	-1.25	
79	0	-1.25	
79	0	-1.25	
79	0	-1.25	
79	0	-1.25	
79	1.25	-1.25	
79	1.25	-1.25	
79	1.25	-1.25	
79	1.25	-1.25	
79	1.25	-3.75	
79	1.25	-3.75	
79	1.25	-3.75	
79	1.25	-3.75	
79	1.25	-3.75	
79	1.25	-3.75	
79	1.25	-3.75	
79	1.25	-3.75	
79	1.25	-3.75	
79	1.25	-3.75	
79	1.25	-3.75	
79	5	0	
79	8.75	0	
79	12.5	2.5	
79	33.75	7.5	
79	42.5	7.5	
79	52.5	7.5	
79	75	10	
79	88.75	10	
79	136.25	7.5	
79	152.5	6.25	
79	190	3.75	
79	207.5	0	
79	226.25	0	
79	282.5	-7.5	
79	301.25	-8.75	
79	318.75	-11.25	
79	348.75	-11.25	
79	348.75	-11.25	
79	348.75	-11.25	
79	348.75	-11.25	
79	348.75	-11.25	
79	348.75	-11.25	
79	348.75	-11.25	
79	348.75	-11.25	
79	348.75	-11.25	
79	348.75	-11.25	
79	348.75	-11.25	
79	348.75	-11.25	
79	348.75	-11.25	
79	348.75	-11.25	
79	348.75	-11.25	
79	348.75	-11.25	
79	348.75	-11.25	
79	348.75	-11.25	
79	348.75	-11.25	
79	348.75	-11.25	
79	348.75	-11.25	
79	348.75	-11.25	
79	348.75	-11.25	
79	348.75	-11.25	
79	348.75	-11.25	
79	348.75	-11.25	
79	348.75	-11.25	
79	348.75	-11.25	
79	348.75	-11.25	
79	348.75	-11.25	
79	348.75	-11.25	
79	348.75	-11.25	
79	348.75	-11.25	
79	348.75	-11.25	
79	348.75	-11.25	
79	348.75	-11.25	
80	0	0	
80	0	0	
80	0	0	
80	0	0	
80	0	0	
80	0	0	
80	0	0	
80	0	0	
80	0	0	
80	1.25	2.5	
80	2.5	3.75	
80	2.5	3.75	
80	2.5	3.75	
80	2.5	0	
80	2.5	0	
80	2.5	2.5	
80	2.5	3.75	
80	2.5	3.75	
80	2.5	3.75	
80	2.5	3.75	
80	2.5	3.75	
80	2.5	3.75	
80	2.5	0	
80	2.5	0	
80	2.5	0	
80	3.75	-1.25	
80	5	-3.75	
80	6.25	-3.75	
80	8.75	-3.75	
80	11.25	-3.75	
80	28.75	-7.5	
80	38.75	-8.75	
80	48.75	-11.25	
80	76.25	-11.25	
80	110	-15	
80	148.75	-16.25	
80	168.75	-18.75	
80	208.75	-18.75	
80	230	-20	
80	248.75	-22.5	
80	297.5	-23.75	
80	311.25	-22.5	
80	333.75	-23.75	
80	342.5	-23.75	
80	342.5	-23.75	
80	342.5	-23.75	
80	342.5	-23.75	
80	342.5	-23.75	
80	342.5	-23.75	
80	342.5	-23.75	
80	342.5	-23.75	
80	342.5	-23.75	
80	342.5	-23.75	
80	342.5	-23.75	
80	342.5	-23.75	
80	342.5	-23.75	
80	342.5	-23.75	
80	342.5	-23.75	
80	342.5	-23.75	
80	342.5	-23.75	
80	342.5	-23.75	
80	342.5	-23.75	
80	342.5	-23.75	
80	342.5	-23.75	
80	342.5	-23.75	
80	342.5	-23.75	
80	342.5	-23.75	
80	342.5	-23.75	
80	342.5	-23.75	
80	342.5	-23.75	
80	342.5	-23.75	
80	342.5	-23.75	
80	342.5	-23.75	
80	342.5	-23.75	
81	0	0	
81	-1.25	-2.5	
81	-1.25	0	
81	-1.25	0	
81	-1.25	0	
81	-1.25	0	
81	-1.25	0	
81	-1.25	0	
81	-1.25	0	
81	-1.25	0	
81	-1.25	1.25	
81	-1.25	0	
81	-1.25	0	
81	-1.25	0	
81	-1.25	1.25	
81	-1.25	0	
81	1.25	0	
81	2.5	1.25	
81	5	1.25	
81	8.75	1.25	
81	26.25	5	
81	35	5	
81	46.25	5	
81	70	5	
81	82.5	3.75	
81	127.5	1.25	
81	143.75	1.25	
81	177.5	1.25	
81	193.75	0	
81	211.25	0	
81	243.75	-2.5	
81	261.25	-2.5	
81	277.5	-2.5	
81	303.75	-2.5	
81	315	-2.5	
81	335	1.25	
81	343.75	3.75	
81	343.75	3.75	
81	343.75	3.75	
81	343.75	3.75	
81	343.75	3.75	
81	343.75	3.75	
81	343.75	3.75	
81	343.75	3.75	
81	343.75	3.75	
81	343.75	3.75	
81	343.75	3.75	
81	343.75	3.75	
81	343.75	3.75	
81	343.75	3.75	
81	343.75	3.75	
81	343.75	3.75	
81	343.75	3.75	
81	343.75	3.75	
81	343.75	3.75	
81	343.75	3.75	
81	343.75	3.75	
81	343.75	3.75	
81	343.75	3.75	
81	343.75	3.75	
81	343.75	3.75	
81	343.75	3.75	
81	343.75	3.75	
81	343.75	3.75	
81	343.75	3.75	
81	343.75	3.75	
81	343.75	3.75	
81	343.75	3.75	
81	343.75	3.75	
81	343.75	3.75	
81	343.75	3.75	
81	343.75	3.75	
81	343.75	3.75	
81	343.75	3.75	
82	0	0	
82	0	-1.25	
82	1.25	0	
82	1.25	0	
82	1.25	0	
82	1.25	0	
82	1.25	0	
82	1.25	2.5	
82	1.25	0	
82	1.25	0	
82	1.25	0	
82	1.25	2.5	
82	1.25	2.5	
82	1.25	2.5	
82	1.25	2.5	
82	1.25	2.5	
82	1.25	2.5	
82	1.25	2.5	
82	1.25	2.5	
82	1.25	2.5	
82	1.25	2.5	
82	1.25	2.5	
82	1.25	2.5	
82	1.25	2.5	
82	1.25	2.5	
82	1.25	2.5	
82	1.25	2.5	
82	1.25	2.5	
82	1.25	2.5	
82	1.25	2.5	
82	1.25	2.5	
82	1.25	2.5	
82	1.25	0	
82	1.25	0	
82	1.25	0	
82	1.25	0	
82	1.25	0	
82	2.5	0	
82	7.5	0	
82	17.5	0	
82	32.5	0	
82	41.25	0	
82	66.25	2.5	
82	80	3.75	
82	95	3.75	
82	143.75	6.25	
82	160	6.25	
82	176.25	6.25	
82	208.75	3.75	
82	225	2.5	
82	257.5	-3.75	
82	288.75	-5	
82	302.5	-7.5	
82	315	-7.5	
82	326.25	-8.75	
82	347.5	-8.75	
82	347.5	-8.75	
82	347.5	-8.75	
82	347.5	-8.75	
82	347.5	-8.75	
82	347.5	-8.75	
82	347.5	-8.75	
82	347.5	-8.75	
82	347.5	-8.75	
82	347.5	-8.75	
82	347.5	-8.75	
82	347.5	-8.75	
82	347.5	-8.75	
82	347.5	-8.75	
82	347.5	-8.75	
82	347.5	-8.75	
82	347.5	-8.75	
82	347.5	-8.75	
82	347.5	-8.75	
83	0	0	
83	0	0	
83	0	0	
83	0	0	
83	0	0	
83	0	0	
83	0	2.5	
83	0	2.5	
83	0	0	
83	0	0	
83	0	0	
83	0	0	
83	0	0	
83	0	0	
83	0	0	
83	0	0	
83	0	0	
83	0	0	
83	0	0	
83	0	0	
83	0	0	
83	0	0	
83	0	0	
83	0	0	
83	0	0	
83	0	0	
83	0	0	
83	0	0	
83	0	0	
83	0	-1.25	
83	3.75	0	
83	5	-1.25	
83	16.25	0	
83	27.5	0	
83	41.25	0	
83	65	0	
83	88.75	0	
83	111.25	0	
83	155	0	
83	176.25	-3.75	
83	216.25	-5	
83	252.5	-8.75	
83	283.75	-11.25	
83	297.5	-12.5	
83	310	-12.5	
83	342.5	-15	
83	342.5	-15	
83	342.5	-15	
83	342.5	-15	
83	342.5	-15	
83	342.5	-15	
83	342.5	-15	
83	342.5	-15	
83	342.5	-15	
83	342.5	-15	
83	342.5	-15	
83	342.5	-15	
83	342.5	-15	
83	342.5	-15	
83	342.5	-15	
83	342.5	-15	
83	342.5	-15	
83	342.5	-15	
83	342.5	-15	
83	342.5	-15	
83	342.5	-15	
83	342.5	-15	
83	342.5	-15	
83	342.5	-15	
83	342.5	-15	
83	342.5	-15	
83	342.5	-15	
83	342.5	-15	
83	342.5	-15	
84	0	0	
84	0	0	
84	0	0	
84	0	0	
84	0	0	
84	0	1.25	
84	0	5	
84	0	1.25	
84	0	-2.5	
84	0	-2.5	
84	0	-3.75	
84	0	-6.25	
84	0	-6.25	
84	0	-6.25	
84	0	-6.25	
84	0	1.25	
84	0	1.25	
84	0	1.25	
84	0	1.25	
84	0	1.25	
84	0	1.25	
84	0	1.25	
84	0	1.25	
84	0	0	
84	1.25	1.25	
84	8.75	1.25	
84	12.5	1.25	
84	26.25	0	
84	35	1.25	
84	46.25	0	
84	72.5	0	
84	93.75	0	
84	113.75	0	
84	133.75	1.25	
84	173.75	1.25	
84	231.25	1.25	
84	250	1.25	
84	266.25	1.25	
84	296.25	3.75	
84	308.75	5	
84	342.5	8.75	
84	342.5	8.75	
84	342.5	8.75	
84	342.5	8.75	
84	342.5	8.75	
84	342.5	8.75	
84	342.5	8.75	
84	342.5	8.75	
84	342.5	8.75	
84	342.5	8.75	
84	342.5	8.75	
84	342.5	8.75	
84	342.5	8.75	
84	342.5	8.75	
84	342.5	8.75	
84	342.5	8.75	
84	342.5	8.75	
84	342.5	8.75	
84	342.5	8.75	
84	342.5	8.75	
84	342.5	8.75	
84	342.5	8.75	
84	342.5	8.75	
84	342.5	8.75	
84	342.5	8.75	
84	342.5	8.75	
84	342.5	8.75	
84	342.5	8.75	
84	342.5	8.75	
84	342.5	8.75	
84	342.5	8.75	
84	342.5	8.75	
84	342.5	8.75	
84	342.5	8.75	
85	0	0	
85	0	0	
85	0	0	
85	0	0	
85	0	0	
85	0	0	
85	0	0	
85	0	0	
85	0	0	
85	0	0	
85	0	0	
85	0	0	
85	0	0	
85	0	0	
85	0	0	
85	0	0	
85	0	0	
85	0	0	
85	0	0	
85	0	0	
85	0	0	
85	1.25	0	
85	2.5	0	
85	5	0	
85	8.75	0	
85	25	3.75	
85	33.75	6.25	
85	52.5	7.5	
85	63.75	7.5	
85	76.25	6.25	
85	91.25	3.75	
85	113.75	2.5	
85	113.75	2.5	
85	161.25	0	
85	182.5	3.75	
85	207.5	3.75	
85	232.5	6.25	
85	232.5	6.25	
85	262.5	7.5	
85	288.75	7.5	
85	330	3.75	
85	345	2.5	
85	345	2.5	
85	345	2.5	
85	345	2.5	
85	345	2.5	
85	345	2.5	
85	345	2.5	
85	345	2.5	
85	345	2.5	
85	345	2.5	
85	345	2.5	
85	345	2.5	
85	345	2.5	
85	345	2.5	
85	345	2.5	
85	345	2.5	
85	345	2.5	
85	345	2.5	
85	345	2.5	
85	345	2.5	
85	345	2.5	
85	345	2.5	
85	345	2.5	
85	345	2.5	
85	345	2.5	
85	345	2.5	
85	345	2.5	
85	345	2.5	
85	345	2.5	
85	345	2.5	
85	345	2.5	
85	345	2.5	
85	345	2.5	
86	0	0	
86	0	0	
86	0	0	
86	0	0	
86	0	0	
86	0	0	
86	0	0	
86	0	0	
86	0	0	
86	0	0	
86	0	0	
86	0	0	
86	0	0	
86	0	0	
86	0	0	
86	0	0	
86	0	0	
86	1.25	0	
86	2.5	-1.25	
86	3.75	-1.25	
86	13.75	-3.75	
86	27.5	-3.75	
86	35	-7.5	
86	46.25	-7.5	
86	61.25	-11.25	
86	93.75	-15	
86	110	-15	
86	127.5	-18.75	
86	162.5	-20	
86	178.75	-22.5	
86	228.75	-22.5	
86	242.5	-22.5	
86	270	-22.5	
86	281.25	-26.25	
86	293.75	-26.25	
86	328.75	-26.25	
86	340	-26.25	
86	348.75	-23.75	
86	348.75	-23.75	
86	348.75	-23.75	
86	348.75	-23.75	
86	348.75	-23.75	
86	348.75	-23.75	
86	348.75	-23.75	
86	348.75	-23.75	
86	348.75	-23.75	
86	348.75	-23.75	
86	348.75	-23.75	
86	348.75	-23.75	
86	348.75	-23.75	
86	348.75	-23.75	
86	348.75	-23.75	
86	348.75	-23.75	
86	348.75	-23.75	
86	348.75	-23.75	
86	348.75	-23.75	
86	348.75	-23.75	
86	348.75	-23.75	
86	348.75	-23.75	
86	348.75	-23.75	
86	348.75	-23.75	
86	348.75	-23.75	
86	348.75	-23.75	
86	348.75	-23.75	
86	348.75	-23.75	
86	348.75	-23.75	
86	348.75	-23.75	
86	348.75	-23.75	
86	348.75	-23.75	
86	348.75	-23.75	
86	348.75	-23.75	
86	348.75	-23.75	
86	348.75	-23.75	
86	348.75	-23.75	
87	0	0	
87	0	0	
87	0	0	
87	0	2.5	
87	0	2.5	
87	0	2.5	
87	0	2.5	
87	0	2.5	
87	0	2.5	
87	0	2.5	
87	0	2.5	
87	0	2.5	
87	0	2.5	
87	0	2.5	
87	0	2.5	
87	0	2.5	
87	0	2.5	
87	0	2.5	
87	0	2.5	
87	0	2.5	
87	0	2.5	
87	0	2.5	
87	0	0	
87	0	0	
87	0	0	
87	0	0	
87	0	2.5	
87	0	2.5	
87	0	2.5	
87	0	2.5	
87	-1.25	0	
87	-1.25	2.5	
87	-1.25	2.5	
87	-1.25	2.5	
87	-1.25	2.5	
87	-1.25	0	
87	-1.25	0	
87	0	0	
87	1.25	0	
87	2.5	0	
87	15	0	
87	21.25	0	
87	30	0	
87	51.25	-1.25	
87	63.75	-3.75	
87	96.25	-5	
87	136.25	-12.5	
87	155	-16.25	
87	173.75	-22.5	
87	191.25	-26.25	
87	237.5	-33.75	
87	252.5	-37.5	
87	275	-38.75	
87	283.75	-38.75	
87	297.5	-41.25	
87	307.5	-42.5	
87	312.5	-45	
87	315	-45	
87	316.25	-42.5	
87	317.5	-42.5	
87	310	-33.75	
87	311.25	-33.75	
87	313.75	-33.75	
87	315	-33.75	
87	316.25	-35	
87	317.5	-35	
87	318.75	-35	
87	318.75	-35	
87	318.75	-35	
87	318.75	-35	
87	318.75	-35	
87	318.75	-35	
87	318.75	-35	
87	318.75	-35	
88	0	0	
88	0	0	
88	0	0	
88	0	0	
88	0	2.5	
88	0	2.5	
88	0	3.75	
88	0	3.75	
88	0	3.75	
88	0	3.75	
88	-1.25	-1.25	
88	-1.25	-3.75	
88	-1.25	-3.75	
88	-1.25	-3.75	
88	-1.25	-3.75	
88	-1.25	-3.75	
88	-1.25	-3.75	
88	-1.25	-3.75	
88	-1.25	-5	
88	-1.25	-5	
88	-1.25	-5	
88	-1.25	-5	
88	-1.25	-5	
88	-1.25	-5	
88	1.25	-5	
88	5	-3.75	
88	13.75	-5	
88	27.5	-3.75	
88	37.5	-5	
88	48.75	-5	
88	88.75	-7.5	
88	105	-8.75	
88	121.25	-8.75	
88	158.75	-11.25	
88	176.25	-12.5	
88	212.5	-11.25	
88	243.75	-8.75	
88	267.5	-7.5	
88	277.5	-5	
88	285	-5	
88	300	-3.75	
88	302.5	-3.75	
88	305	-3.75	
88	306.25	0	
88	307.5	0	
88	308.75	0	
88	308.75	0	
88	308.75	0	
88	310	0	
88	310	0	
88	311.25	0	
88	311.25	0	
88	311.25	0	
88	312.5	0	
88	312.5	0	
88	312.5	0	
88	312.5	2.5	
88	313.75	0	
88	315	3.75	
88	316.25	3.75	
88	320	3.75	
88	321.25	3.75	
88	321.25	3.75	
88	322.5	3.75	
88	326.25	6.25	
88	328.75	6.25	
88	332.5	6.25	
88	333.75	6.25	
88	336.25	7.5	
88	337.5	6.25	
88	338.75	6.25	
88	340	6.25	
88	340	7.5	
88	340	7.5	
89	0	0	
89	0	0	
89	0	0	
89	0	0	
89	0	0	
89	0	0	
89	0	0	
89	0	0	
89	0	0	
89	0	0	
89	0	0	
89	0	0	
89	0	0	
89	0	0	
89	0	0	
89	0	0	
89	0	0	
89	0	0	
89	0	0	
89	0	0	
89	0	0	
89	0	0	
89	0	0	
89	0	0	
89	0	-2.5	
89	0	-6.25	
89	3.75	-6.25	
89	12.5	-6.25	
89	23.75	-2.5	
89	38.75	5	
89	38.75	5	
89	96.25	16.25	
89	96.25	16.25	
89	96.25	16.25	
89	132.5	20	
89	165	20	
89	197.5	20	
89	225	20	
89	247.5	18.75	
89	277.5	16.25	
89	287.5	16.25	
89	301.25	16.25	
89	307.5	15	
89	310	15	
89	312.5	15	
89	315	15	
89	316.25	16.25	
89	316.25	16.25	
89	316.25	16.25	
89	316.25	16.25	
89	317.5	15	
89	318.75	15	
89	321.25	12.5	
89	322.5	12.5	
89	323.75	12.5	
89	325	12.5	
89	326.25	12.5	
89	328.75	12.5	
89	328.75	12.5	
89	328.75	12.5	
89	330	12.5	
89	331.25	12.5	
89	332.5	12.5	
89	333.75	12.5	
89	335	12.5	
89	337.5	12.5	
89	340	15	
89	340	12.5	
89	340	12.5	
89	340	12.5	
89	340	12.5	
89	340	15	
89	340	15	
89	340	15	
90	0	0	
90	0	0	
90	0	0	
90	0	0	
90	0	0	
90	0	0	
90	0	0	
90	0	0	
90	0	0	
90	0	0	
90	0	0	
90	0	0	
90	0	0	
90	-1.25	2.5	
90	-1.25	2.5	
90	-1.25	2.5	
90	-1.25	2.5	
90	-1.25	0	
90	-1.25	2.5	
90	-1.25	2.5	
90	-1.25	2.5	
90	-1.25	0	
90	-1.25	2.5	
90	-1.25	2.5	
90	-1.25	2.5	
90	-1.25	0	
90	-1.25	0	
90	-1.25	0	
90	-1.25	0	
90	0	0	
90	3.75	0	
90	8.75	0	
90	23.75	3.75	
90	33.75	3.75	
90	46.25	6.25	
90	93.75	11.25	
90	112.5	11.25	
90	132.5	11.25	
90	173.75	11.25	
90	215	11.25	
90	252.5	11.25	
90	268.75	11.25	
90	298.75	11.25	
90	311.25	10	
90	322.5	7.5	
90	348.75	7.5	
90	348.75	7.5	
90	348.75	7.5	
90	348.75	7.5	
90	348.75	7.5	
90	348.75	7.5	
90	348.75	7.5	
90	348.75	7.5	
90	348.75	7.5	
90	348.75	7.5	
90	348.75	7.5	
90	348.75	7.5	
90	348.75	7.5	
90	348.75	7.5	
90	348.75	7.5	
90	348.75	7.5	
90	348.75	7.5	
90	348.75	7.5	
90	348.75	7.5	
90	348.75	7.5	
90	348.75	7.5	
90	348.75	7.5	
90	348.75	7.5	
90	348.75	7.5	
90	348.75	7.5	
90	348.75	7.5	
90	348.75	7.5	
90	348.75	7.5	
90	348.75	7.5	
91	0	0	
91	0	0	
91	0	0	
91	0	0	
91	0	0	
91	0	1.25	
91	0	1.25	
91	0	1.25	
91	0	1.25	
91	0	1.25	
91	0	1.25	
91	0	1.25	
91	0	1.25	
91	0	3.75	
91	0	3.75	
91	1.25	1.25	
91	1.25	3.75	
91	1.25	5	
91	1.25	5	
91	1.25	5	
91	1.25	5	
91	1.25	5	
91	3.75	5	
91	6.25	7.5	
91	10	8.75	
91	23.75	12.5	
91	35	16.25	
91	61.25	23.75	
91	77.5	27.5	
91	96.25	31.25	
91	157.5	41.25	
91	180	42.5	
91	222.5	42.5	
91	243.75	42.5	
91	283.75	38.75	
91	318.75	33.75	
91	332.5	31.25	
91	332.5	31.25	
91	332.5	31.25	
91	332.5	31.25	
91	332.5	31.25	
91	332.5	31.25	
91	332.5	31.25	
91	332.5	31.25	
91	332.5	31.25	
91	332.5	31.25	
91	332.5	31.25	
91	332.5	31.25	
91	332.5	31.25	
91	332.5	31.25	
91	332.5	31.25	
91	332.5	31.25	
91	332.5	31.25	
91	332.5	31.25	
91	332.5	31.25	
91	332.5	31.25	
91	332.5	31.25	
91	332.5	31.25	
91	332.5	31.25	
91	332.5	31.25	
91	332.5	31.25	
91	332.5	31.25	
91	332.5	31.25	
91	332.5	31.25	
91	332.5	31.25	
91	332.5	31.25	
91	332.5	31.25	
91	332.5	31.25	
91	332.5	31.25	
91	332.5	31.25	
91	332.5	31.25	
91	332.5	31.25	
91	332.5	31.25	
91	332.5	31.25	
