Trial	X	Y
1	0	0	
1	0	0	
1	0	0	
1	0	0	
1	0	0	
1	0	0	
1	0	0	
1	0	0	
1	0	0	
1	0	0	
1	0	0	
1	0	0	
1	0	0	
1	0	0	
1	0	0	
1	0	0	
1	0	0	
1	0	0	
1	0	0	
1	0	0	
1	0	0	
1	0	0	
1	0	0	
1	0	0	
1	0	0	
1	0	0	
1	8.75	-2.5	
1	12.5	0	
1	16.25	0	
1	25	0	
1	28.75	0	
1	31.25	-2.5	
1	36.25	-2.5	
1	42.5	-2.5	
1	50	-2.5	
1	52.5	-2.5	
1	60	-2.5	
1	63.75	-2.5	
1	67.5	-2.5	
1	76.25	-2.5	
1	80	-2.5	
1	81.25	-2.5	
1	87.5	-2.5	
1	92.5	-2.5	
1	98.75	-2.5	
1	103.75	0	
1	110	0	
1	113.75	0	
1	118.75	0	
1	131.25	0	
1	136.25	1.25	
1	147.5	1.25	
1	153.75	1.25	
1	168.75	3.75	
1	182.5	5	
1	190	5	
1	196.25	5	
1	203.75	5	
1	211.25	5	
1	230	1.25	
1	236.25	1.25	
1	241.25	1.25	
1	251.25	-2.5	
1	260	-3.75	
1	268.75	-6.25	
1	272.5	-6.25	
1	281.25	-10	
1	285	-10	
1	290	-10	
1	302.5	-15	
1	307.5	-15	
1	311.25	-15	
1	322.5	-18.75	
1	327.5	-18.75	
2	0	0	
2	0	0	
2	0	0	
2	0	0	
2	0	0	
2	0	0	
2	0	0	
2	0	0	
2	0	0	
2	0	0	
2	0	0	
2	0	0	
2	0	0	
2	0	0	
2	0	0	
2	0	0	
2	0	0	
2	0	0	
2	0	0	
2	0	0	
2	0	0	
2	0	0	
2	0	0	
2	0	0	
2	0	0	
2	0	0	
2	0	0	
2	0	0	
2	0	0	
2	0	0	
2	0	0	
2	0	0	
2	0	0	
2	0	0	
2	-8.75	-6.25	
2	-8.75	-6.25	
2	-8.75	-6.25	
2	-8.75	-6.25	
2	-8.75	-6.25	
2	-8.75	-6.25	
2	-8.75	-6.25	
2	-8.75	-6.25	
2	-8.75	-6.25	
2	-8.75	-6.25	
2	-8.75	-6.25	
2	-8.75	-6.25	
2	-8.75	-6.25	
2	-8.75	-6.25	
2	-8.75	-6.25	
2	-8.75	-6.25	
2	-8.75	-6.25	
2	-8.75	-6.25	
2	-8.75	-6.25	
2	-8.75	-6.25	
2	-8.75	-6.25	
2	-8.75	-6.25	
2	-8.75	-6.25	
2	-8.75	-6.25	
2	-8.75	-6.25	
2	-8.75	-6.25	
2	-8.75	-6.25	
2	-8.75	-6.25	
2	-8.75	-6.25	
2	-8.75	-6.25	
2	-8.75	-6.25	
2	-8.75	-6.25	
2	-8.75	-6.25	
2	-8.75	-6.25	
2	-8.75	-6.25	
2	-8.75	-6.25	
2	-8.75	-6.25	
2	-8.75	-6.25	
2	-8.75	-6.25	
2	-8.75	-6.25	
3	0	0	
3	0	0	
3	0	0	
3	0	0	
3	0	0	
3	0	0	
3	0	0	
3	0	0	
3	0	0	
3	0	0	
3	0	0	
3	0	0	
3	0	0	
3	0	0	
3	0	0	
3	0	0	
3	0	0	
3	0	0	
3	0	0	
3	0	0	
3	0	0	
3	0	0	
3	0	0	
3	0	0	
3	0	0	
3	0	0	
3	0	0	
3	2.5	2.5	
3	2.5	2.5	
3	8.75	3.75	
3	11.25	3.75	
3	20	6.25	
3	26.25	7.5	
3	41.25	7.5	
3	61.25	11.25	
3	83.75	13.75	
3	96.25	15	
3	110	15	
3	123.75	15	
3	166.25	18.75	
3	180	18.75	
3	207.5	18.75	
3	221.25	18.75	
3	243.75	18.75	
3	262.5	17.5	
3	270	15	
3	280	13.75	
3	283.75	11.25	
3	286.25	11.25	
3	295	3.75	
3	297.5	2.5	
3	306.25	0	
3	311.25	-1.25	
3	317.5	-3.75	
3	322.5	-3.75	
3	323.75	-3.75	
3	325	-3.75	
3	325	-3.75	
3	326.25	-3.75	
3	328.75	-3.75	
3	328.75	-3.75	
3	331.25	-1.25	
3	333.75	-1.25	
3	336.25	-1.25	
3	337.5	0	
3	338.75	0	
3	338.75	0	
3	340	0	
3	340	0	
3	340	0	
3	340	0	
3	340	0	
3	340	0	
3	340	0	
4	0	0	
4	0	0	
4	0	0	
4	0	0	
4	0	0	
4	0	0	
4	0	0	
4	0	0	
4	0	0	
4	0	0	
4	0	0	
4	0	0	
4	0	0	
4	0	0	
4	0	0	
4	0	0	
4	0	0	
4	0	0	
4	0	0	
4	0	0	
4	0	0	
4	0	0	
4	0	0	
4	0	0	
4	0	0	
4	0	0	
4	0	0	
4	0	0	
4	0	0	
4	0	0	
4	0	0	
4	0	0	
4	0	0	
4	0	0	
4	0	0	
4	0	0	
4	0	0	
4	0	0	
4	0	0	
4	0	0	
4	0	0	
4	0	0	
4	0	0	
4	0	0	
4	3.75	0	
4	6.25	1.25	
4	10	1.25	
4	15	1.25	
4	27.5	1.25	
4	45	1.25	
4	67.5	1.25	
4	81.25	1.25	
4	110	3.75	
4	125	5	
4	155	5	
4	168.75	7.5	
4	188.75	7.5	
4	197.5	7.5	
4	203.75	7.5	
4	220	5	
4	225	3.75	
4	235	1.25	
4	241.25	0	
4	252.5	-2.5	
4	266.25	-2.5	
4	272.5	-3.75	
4	282.5	-6.25	
4	288.75	-6.25	
4	293.75	-6.25	
4	310	-10	
4	316.25	-10	
4	323.75	-10	
4	327.5	-10	
4	331.25	-10	
5	0	0	
5	0	0	
5	0	0	
5	0	0	
5	0	0	
5	0	0	
5	0	0	
5	0	0	
5	0	0	
5	0	0	
5	0	0	
5	0	0	
5	0	0	
5	0	0	
5	0	0	
5	0	0	
5	0	0	
5	0	0	
5	0	0	
5	0	0	
5	0	0	
5	0	0	
5	0	0	
5	0	0	
5	0	0	
5	0	0	
5	0	0	
5	0	0	
5	0	0	
5	0	0	
5	0	0	
5	0	0	
5	0	0	
5	0	0	
5	1.25	0	
5	2.5	0	
5	3.75	0	
5	7.5	2.5	
5	10	2.5	
5	17.5	3.75	
5	22.5	3.75	
5	32.5	3.75	
5	38.75	3.75	
5	46.25	3.75	
5	72.5	3.75	
5	83.75	6.25	
5	96.25	6.25	
5	121.25	3.75	
5	136.25	3.75	
5	173.75	3.75	
5	192.5	3.75	
5	228.75	2.5	
5	245	0	
5	261.25	0	
5	305	-1.25	
5	318.75	-3.75	
5	330	-3.75	
5	346.25	-3.75	
5	346.25	-3.75	
5	346.25	-3.75	
5	346.25	-3.75	
5	346.25	-3.75	
5	346.25	-3.75	
5	346.25	-3.75	
5	346.25	-3.75	
5	346.25	-3.75	
5	346.25	-3.75	
5	346.25	-3.75	
5	346.25	-3.75	
5	346.25	-3.75	
5	346.25	-3.75	
5	346.25	-3.75	
5	346.25	-3.75	
5	346.25	-3.75	
6	0	0	
6	0	0	
6	0	0	
6	0	0	
6	0	0	
6	0	0	
6	0	0	
6	0	0	
6	0	0	
6	0	0	
6	0	0	
6	0	0	
6	0	0	
6	0	0	
6	0	0	
6	0	0	
6	0	0	
6	0	0	
6	0	0	
6	0	0	
6	0	0	
6	0	0	
6	0	0	
6	0	0	
6	0	0	
6	0	0	
6	0	0	
6	0	0	
6	0	0	
6	0	0	
6	0	0	
6	0	0	
6	0	0	
6	0	0	
6	0	0	
6	0	0	
6	2.5	0	
6	6.25	0	
6	11.25	0	
6	36.25	0	
6	61.25	0	
6	76.25	-1.25	
6	92.5	-3.75	
6	110	-3.75	
6	166.25	-7.5	
6	186.25	-7.5	
6	223.75	-8.75	
6	240	-11.25	
6	256.25	-11.25	
6	295	-11.25	
6	312.5	-11.25	
6	318.75	-11.25	
6	322.5	-11.25	
6	326.25	-11.25	
6	332.5	-11.25	
6	333.75	-11.25	
6	336.25	-11.25	
6	337.5	-11.25	
6	338.75	-11.25	
6	345	-11.25	
6	345	-11.25	
6	345	-11.25	
6	345	-11.25	
6	345	-11.25	
6	345	-11.25	
6	345	-11.25	
6	345	-11.25	
6	345	-11.25	
6	345	-11.25	
6	345	-11.25	
6	345	-11.25	
6	345	-11.25	
6	345	-11.25	
6	345	-11.25	
7	0	0	
7	0	0	
7	0	0	
7	0	0	
7	0	0	
7	0	0	
7	0	0	
7	0	0	
7	0	0	
7	0	0	
7	0	0	
7	0	0	
7	0	0	
7	0	0	
7	0	0	
7	0	0	
7	0	0	
7	0	0	
7	0	0	
7	1.25	0	
7	3.75	2.5	
7	7.5	2.5	
7	11.25	2.5	
7	21.25	2.5	
7	36.25	3.75	
7	46.25	3.75	
7	70	3.75	
7	82.5	3.75	
7	96.25	3.75	
7	140	3.75	
7	170	3.75	
7	183.75	3.75	
7	197.5	2.5	
7	222.5	0	
7	245	0	
7	255	0	
7	272.5	0	
7	278.75	0	
7	285	0	
7	295	-1.25	
7	298.75	-1.25	
7	300	-1.25	
7	302.5	-1.25	
7	305	-1.25	
7	316.25	-1.25	
7	321.25	-3.75	
7	332.5	-3.75	
7	337.5	-3.75	
7	341.25	-3.75	
7	345	-3.75	
7	345	-3.75	
7	345	-3.75	
7	345	-3.75	
7	345	-3.75	
7	345	-3.75	
7	345	-3.75	
7	345	-3.75	
7	345	-3.75	
7	345	-3.75	
7	345	-3.75	
7	345	-3.75	
7	345	-3.75	
7	345	-3.75	
7	345	-3.75	
7	345	-3.75	
7	345	-3.75	
7	345	-3.75	
7	345	-3.75	
7	345	-3.75	
7	345	-3.75	
7	345	-3.75	
7	345	-3.75	
7	345	-3.75	
7	345	-3.75	
8	0	0	
8	0	0	
8	0	0	
8	0	0	
8	0	0	
8	0	0	
8	0	0	
8	0	0	
8	0	0	
8	0	0	
8	0	0	
8	0	0	
8	0	0	
8	0	0	
8	0	0	
8	0	0	
8	0	0	
8	0	0	
8	0	0	
8	0	0	
8	0	0	
8	0	0	
8	0	0	
8	0	0	
8	0	0	
8	0	0	
8	0	0	
8	1.25	0	
8	3.75	-1.25	
8	11.25	-1.25	
8	22.5	0	
8	42.5	0	
8	53.75	0	
8	66.25	2.5	
8	95	3.75	
8	113.75	3.75	
8	132.5	3.75	
8	168.75	3.75	
8	186.25	3.75	
8	222.5	3.75	
8	258.75	3.75	
8	292.5	3.75	
8	310	2.5	
8	326.25	2.5	
8	341.25	0	
8	341.25	0	
8	341.25	0	
8	341.25	0	
8	341.25	0	
8	341.25	0	
8	341.25	0	
8	341.25	0	
8	341.25	0	
8	341.25	0	
8	341.25	0	
8	341.25	0	
8	341.25	0	
8	341.25	0	
8	341.25	0	
8	341.25	0	
8	341.25	0	
8	341.25	0	
8	341.25	0	
8	341.25	0	
8	341.25	0	
8	341.25	0	
8	341.25	0	
8	341.25	0	
8	341.25	0	
8	341.25	0	
8	341.25	0	
8	341.25	0	
8	341.25	0	
8	341.25	0	
9	0	0	
9	0	0	
9	0	0	
9	0	0	
9	0	0	
9	0	0	
9	0	0	
9	0	0	
9	0	0	
9	0	0	
9	0	0	
9	0	0	
9	0	0	
9	0	0	
9	0	0	
9	0	0	
9	0	0	
9	0	0	
9	0	0	
9	0	0	
9	0	0	
9	0	0	
9	0	0	
9	0	0	
9	0	0	
9	0	0	
9	0	0	
9	0	0	
9	0	0	
9	0	0	
9	1.25	0	
9	3.75	0	
9	10	0	
9	15	0	
9	27.5	-1.25	
9	48.75	-3.75	
9	60	-3.75	
9	73.75	-5	
9	105	-8.75	
9	160	-15	
9	180	-15	
9	198.75	-18.75	
9	237.5	-20	
9	256.25	-22.5	
9	290	-23.75	
9	317.5	-26.25	
9	328.75	-26.25	
9	337.5	-26.25	
9	345	-26.25	
9	345	-26.25	
9	345	-26.25	
9	345	-26.25	
9	345	-26.25	
9	345	-26.25	
9	345	-26.25	
9	345	-26.25	
9	345	-26.25	
9	345	-26.25	
9	345	-26.25	
9	345	-26.25	
9	345	-26.25	
9	345	-26.25	
9	345	-26.25	
9	345	-26.25	
9	345	-26.25	
9	345	-26.25	
9	345	-26.25	
9	345	-26.25	
9	345	-26.25	
9	345	-26.25	
9	345	-26.25	
9	345	-26.25	
9	345	-26.25	
9	345	-26.25	
10	0	0	
10	0	0	
10	0	0	
10	0	0	
10	0	0	
10	0	0	
10	0	0	
10	0	0	
10	0	0	
10	0	0	
10	0	0	
10	0	0	
10	0	0	
10	0	0	
10	0	0	
10	0	0	
10	0	0	
10	0	0	
10	0	0	
10	0	0	
10	0	0	
10	0	0	
10	0	0	
10	0	0	
10	0	0	
10	0	0	
10	1.25	-2.5	
10	2.5	-2.5	
10	8.75	-2.5	
10	22.5	-2.5	
10	28.75	-2.5	
10	36.25	-2.5	
10	56.25	-3.75	
10	68.75	-3.75	
10	95	-3.75	
10	125	-6.25	
10	141.25	-6.25	
10	157.5	-7.5	
10	175	-10	
10	243.75	-13.75	
10	260	-15	
10	276.25	-17.5	
10	291.25	-17.5	
10	320	-21.25	
10	342.5	-21.25	
10	342.5	-21.25	
10	342.5	-21.25	
10	342.5	-21.25	
10	342.5	-21.25	
10	342.5	-21.25	
10	342.5	-21.25	
10	342.5	-21.25	
10	342.5	-21.25	
10	342.5	-21.25	
10	342.5	-21.25	
10	342.5	-21.25	
10	342.5	-21.25	
10	342.5	-21.25	
10	342.5	-21.25	
10	342.5	-21.25	
10	342.5	-21.25	
10	342.5	-21.25	
10	342.5	-21.25	
10	342.5	-21.25	
10	342.5	-21.25	
10	342.5	-21.25	
10	342.5	-21.25	
10	342.5	-21.25	
10	342.5	-21.25	
10	342.5	-21.25	
10	342.5	-21.25	
10	342.5	-21.25	
10	342.5	-21.25	
10	342.5	-21.25	
11	0	0	
11	0	0	
11	0	0	
11	0	0	
11	0	0	
11	0	0	
11	0	0	
11	0	0	
11	0	0	
11	0	0	
11	0	0	
11	0	0	
11	0	0	
11	0	0	
11	0	0	
11	0	0	
11	0	0	
11	0	0	
11	0	0	
11	0	0	
11	0	0	
11	0	0	
11	0	0	
11	0	0	
11	0	0	
11	0	0	
11	0	0	
11	0	0	
11	0	0	
11	0	0	
11	0	0	
11	0	0	
11	0	0	
11	3.75	0	
11	8.75	0	
11	17.5	0	
11	22.5	0	
11	28.75	0	
11	36.25	0	
11	76.25	0	
11	88.75	0	
11	101.25	0	
11	116.25	0	
11	146.25	0	
11	181.25	0	
11	198.75	2.5	
11	236.25	2.5	
11	255	3.75	
11	273.75	3.75	
11	326.25	3.75	
11	343.75	3.75	
11	343.75	3.75	
11	343.75	3.75	
11	343.75	3.75	
11	343.75	3.75	
11	343.75	3.75	
11	343.75	3.75	
11	343.75	3.75	
11	343.75	3.75	
11	343.75	3.75	
11	343.75	3.75	
11	343.75	3.75	
11	343.75	3.75	
11	343.75	3.75	
11	343.75	3.75	
11	343.75	3.75	
11	343.75	3.75	
11	343.75	3.75	
11	343.75	3.75	
11	343.75	3.75	
11	343.75	3.75	
11	343.75	3.75	
11	343.75	3.75	
11	343.75	3.75	
12	0	0	
12	0	0	
12	0	0	
12	0	0	
12	0	0	
12	0	0	
12	0	0	
12	0	0	
12	0	0	
12	0	0	
12	0	0	
12	0	0	
12	0	0	
12	0	0	
12	0	0	
12	0	0	
12	0	0	
12	0	0	
12	0	0	
12	0	0	
12	0	0	
12	0	0	
12	0	0	
12	0	0	
12	0	0	
12	0	0	
12	0	0	
12	0	0	
12	0	0	
12	0	0	
12	0	0	
12	0	0	
12	0	0	
12	0	0	
12	0	0	
12	0	0	
12	0	0	
12	0	0	
12	0	0	
12	0	0	
12	0	0	
12	0	0	
12	0	0	
12	0	0	
12	0	0	
12	0	0	
12	0	0	
12	0	0	
12	0	0	
12	7.5	-2.5	
12	12.5	0	
12	22.5	0	
12	30	0	
12	38.75	0	
12	68.75	-2.5	
12	81.25	-2.5	
12	95	-2.5	
12	123.75	-2.5	
12	140	-3.75	
12	190	-6.25	
12	207.5	-6.25	
12	241.25	-10	
12	257.5	-10	
12	272.5	-11.25	
12	315	-15	
12	326.25	-17.5	
12	337.5	-17.5	
12	345	-18.75	
12	345	-18.75	
12	345	-18.75	
12	345	-18.75	
12	345	-18.75	
12	345	-18.75	
12	345	-18.75	
13	0	0	
13	0	0	
13	0	0	
13	0	0	
13	0	0	
13	0	0	
13	0	0	
13	0	0	
13	0	0	
13	0	0	
13	0	0	
13	0	0	
13	0	0	
13	0	0	
13	0	0	
13	0	0	
13	0	0	
13	0	0	
13	0	0	
13	0	0	
13	0	0	
13	0	0	
13	0	0	
13	0	0	
13	0	0	
13	0	0	
13	0	0	
13	0	0	
13	0	0	
13	1.25	0	
13	2.5	0	
13	6.25	-2.5	
13	13.75	-2.5	
13	18.75	-2.5	
13	41.25	-2.5	
13	51.25	-2.5	
13	62.5	-2.5	
13	75	-2.5	
13	101.25	0	
13	136.25	0	
13	155	1.25	
13	173.75	1.25	
13	208.75	1.25	
13	226.25	1.25	
13	272.5	1.25	
13	287.5	1.25	
13	301.25	1.25	
13	313.75	1.25	
13	337.5	1.25	
13	337.5	1.25	
13	337.5	1.25	
13	337.5	1.25	
13	337.5	1.25	
13	337.5	1.25	
13	337.5	1.25	
13	337.5	1.25	
13	337.5	1.25	
13	337.5	1.25	
13	337.5	1.25	
13	337.5	1.25	
13	337.5	1.25	
13	337.5	1.25	
13	337.5	1.25	
13	337.5	1.25	
13	337.5	1.25	
13	337.5	1.25	
13	337.5	1.25	
13	337.5	1.25	
13	337.5	1.25	
13	337.5	1.25	
13	337.5	1.25	
13	337.5	1.25	
13	337.5	1.25	
13	337.5	1.25	
14	0	0	
14	0	0	
14	0	0	
14	0	0	
14	0	0	
14	0	0	
14	0	0	
14	0	0	
14	0	0	
14	0	0	
14	0	0	
14	0	0	
14	0	0	
14	0	0	
14	0	0	
14	0	0	
14	0	0	
14	0	0	
14	0	0	
14	0	0	
14	0	0	
14	0	0	
14	1.25	0	
14	2.5	0	
14	8.75	0	
14	11.25	0	
14	16.25	0	
14	23.75	0	
14	30	0	
14	53.75	0	
14	62.5	0	
14	85	0	
14	98.75	0	
14	111.25	0	
14	155	2.5	
14	170	2.5	
14	186.25	2.5	
14	218.75	3.75	
14	233.75	3.75	
14	265	3.75	
14	285	3.75	
14	320	3.75	
14	336.25	3.75	
14	336.25	3.75	
14	336.25	3.75	
14	336.25	3.75	
14	336.25	3.75	
14	336.25	3.75	
14	336.25	3.75	
14	336.25	3.75	
14	336.25	3.75	
14	336.25	3.75	
14	336.25	3.75	
14	336.25	3.75	
14	336.25	3.75	
14	336.25	3.75	
14	336.25	3.75	
14	336.25	3.75	
14	336.25	3.75	
14	336.25	3.75	
14	336.25	3.75	
14	336.25	3.75	
14	336.25	3.75	
14	336.25	3.75	
14	336.25	3.75	
14	336.25	3.75	
14	336.25	3.75	
14	336.25	3.75	
14	336.25	3.75	
14	336.25	3.75	
14	336.25	3.75	
14	336.25	3.75	
14	336.25	3.75	
14	336.25	3.75	
15	0	0	
15	0	0	
15	0	0	
15	0	0	
15	0	0	
15	0	0	
15	0	0	
15	0	0	
15	0	0	
15	0	0	
15	0	0	
15	0	0	
15	0	0	
15	0	0	
15	0	0	
15	0	0	
15	0	0	
15	0	0	
15	0	0	
15	0	0	
15	0	0	
15	0	0	
15	0	0	
15	0	0	
15	0	0	
15	0	0	
15	0	0	
15	0	0	
15	0	0	
15	0	0	
15	0	0	
15	0	0	
15	0	0	
15	1.25	0	
15	3.75	0	
15	10	-1.25	
15	13.75	-1.25	
15	18.75	-1.25	
15	25	-1.25	
15	62.5	-3.75	
15	75	-3.75	
15	88.75	-3.75	
15	102.5	-3.75	
15	133.75	-3.75	
15	170	-3.75	
15	187.5	-5	
15	223.75	-7.5	
15	242.5	-7.5	
15	260	-7.5	
15	327.5	-11.25	
15	341.25	-11.25	
15	341.25	-11.25	
15	341.25	-11.25	
15	341.25	-11.25	
15	341.25	-11.25	
15	341.25	-11.25	
15	341.25	-11.25	
15	341.25	-11.25	
15	341.25	-11.25	
15	341.25	-11.25	
15	341.25	-11.25	
15	341.25	-11.25	
15	341.25	-11.25	
15	341.25	-11.25	
15	341.25	-11.25	
15	341.25	-11.25	
15	341.25	-11.25	
15	341.25	-11.25	
15	341.25	-11.25	
15	341.25	-11.25	
15	341.25	-11.25	
15	341.25	-11.25	
15	341.25	-11.25	
15	341.25	-11.25	
16	0	0	
16	0	0	
16	0	0	
16	0	0	
16	0	0	
16	0	0	
16	0	0	
16	0	0	
16	0	0	
16	0	0	
16	0	0	
16	0	0	
16	0	0	
16	0	0	
16	0	0	
16	0	0	
16	0	0	
16	0	0	
16	0	0	
16	0	0	
16	0	0	
16	1.25	0	
16	3.75	0	
16	5	0	
16	17.5	0	
16	23.75	0	
16	31.25	0	
16	48.75	0	
16	60	0	
16	101.25	0	
16	116.25	-1.25	
16	151.25	-1.25	
16	170	-1.25	
16	190	-3.75	
16	250	-3.75	
16	270	-3.75	
16	290	-5	
16	326.25	-7.5	
16	343.75	-7.5	
16	343.75	-7.5	
16	343.75	-7.5	
16	343.75	-7.5	
16	343.75	-7.5	
16	343.75	-7.5	
16	343.75	-7.5	
16	343.75	-7.5	
16	343.75	-7.5	
16	343.75	-7.5	
16	343.75	-7.5	
16	343.75	-7.5	
16	343.75	-7.5	
16	343.75	-7.5	
16	343.75	-7.5	
16	343.75	-7.5	
16	343.75	-7.5	
16	343.75	-7.5	
16	343.75	-7.5	
16	343.75	-7.5	
16	343.75	-7.5	
16	343.75	-7.5	
16	343.75	-7.5	
16	343.75	-7.5	
16	343.75	-7.5	
16	343.75	-7.5	
16	343.75	-7.5	
16	343.75	-7.5	
16	343.75	-7.5	
16	343.75	-7.5	
16	343.75	-7.5	
16	343.75	-7.5	
16	343.75	-7.5	
16	343.75	-7.5	
16	343.75	-7.5	
16	343.75	-7.5	
17	0	0	
17	0	0	
17	0	0	
17	0	0	
17	0	0	
17	0	0	
17	0	0	
17	0	0	
17	0	0	
17	0	0	
17	0	0	
17	0	0	
17	0	0	
17	0	0	
17	0	0	
17	0	0	
17	0	0	
17	0	0	
17	0	0	
17	0	0	
17	0	0	
17	0	0	
17	0	0	
17	0	0	
17	0	0	
17	0	0	
17	0	0	
17	0	0	
17	3.75	0	
17	12.5	3.75	
17	17.5	3.75	
17	25	3.75	
17	43.75	6.25	
17	56.25	7.5	
17	90	7.5	
17	111.25	7.5	
17	131.25	7.5	
17	152.5	7.5	
17	196.25	7.5	
17	258.75	3.75	
17	278.75	3.75	
17	297.5	2.5	
17	335	0	
17	335	0	
17	335	0	
17	335	0	
17	335	0	
17	335	0	
17	335	0	
17	335	0	
17	335	0	
17	335	0	
17	335	0	
17	335	0	
17	335	0	
17	335	0	
17	335	0	
17	335	0	
17	335	0	
17	335	0	
17	335	0	
17	335	0	
17	335	0	
17	335	0	
17	335	0	
17	335	0	
17	335	0	
17	335	0	
17	335	0	
17	335	0	
17	335	0	
17	335	0	
17	335	0	
17	335	0	
18	0	0	
18	0	0	
18	0	0	
18	0	0	
18	0	0	
18	0	0	
18	0	0	
18	0	0	
18	0	0	
18	0	0	
18	0	0	
18	0	0	
18	0	0	
18	0	0	
18	0	0	
18	0	0	
18	0	0	
18	0	0	
18	0	0	
18	3.75	0	
18	11.25	0	
18	17.5	0	
18	23.75	0	
18	33.75	0	
18	68.75	0	
18	82.5	0	
18	102.5	0	
18	122.5	-1.25	
18	162.5	-3.75	
18	200	-7.5	
18	236.25	-11.25	
18	253.75	-12.5	
18	270	-15	
18	286.25	-16.25	
18	326.25	-20	
18	337.5	-23.75	
18	346.25	-23.75	
18	346.25	-23.75	
18	346.25	-23.75	
18	346.25	-23.75	
18	346.25	-23.75	
18	346.25	-23.75	
18	346.25	-23.75	
18	346.25	-23.75	
18	346.25	-23.75	
18	346.25	-23.75	
18	346.25	-23.75	
18	346.25	-23.75	
18	346.25	-23.75	
18	346.25	-23.75	
18	346.25	-23.75	
18	346.25	-23.75	
18	346.25	-23.75	
18	346.25	-23.75	
18	346.25	-23.75	
18	346.25	-23.75	
18	346.25	-23.75	
18	346.25	-23.75	
18	346.25	-23.75	
18	346.25	-23.75	
18	346.25	-23.75	
18	346.25	-23.75	
18	346.25	-23.75	
18	346.25	-23.75	
18	346.25	-23.75	
18	346.25	-23.75	
18	346.25	-23.75	
18	346.25	-23.75	
18	346.25	-23.75	
18	346.25	-23.75	
18	346.25	-23.75	
18	346.25	-23.75	
18	346.25	-23.75	
18	346.25	-23.75	
19	0	0	
19	0	0	
19	0	0	
19	0	0	
19	0	0	
19	0	0	
19	0	0	
19	0	0	
19	0	0	
19	0	0	
19	0	0	
19	0	0	
19	0	0	
19	0	0	
19	0	0	
19	0	0	
19	0	0	
19	1.25	0	
19	3.75	0	
19	10	0	
19	13.75	0	
19	17.5	0	
19	22.5	0	
19	35	0	
19	50	2.5	
19	67.5	2.5	
19	78.75	3.75	
19	88.75	3.75	
19	112.5	3.75	
19	152.5	3.75	
19	167.5	3.75	
19	167.5	3.75	
19	186.25	2.5	
19	222.5	2.5	
19	256.25	0	
19	272.5	-1.25	
19	302.5	-3.75	
19	317.5	-5	
19	332.5	-7.5	
19	346.25	-7.5	
19	346.25	-7.5	
19	346.25	-7.5	
19	346.25	-7.5	
19	346.25	-7.5	
19	346.25	-7.5	
19	346.25	-7.5	
19	346.25	-7.5	
19	346.25	-7.5	
19	346.25	-7.5	
19	346.25	-7.5	
19	346.25	-7.5	
19	346.25	-7.5	
19	346.25	-7.5	
19	346.25	-7.5	
19	346.25	-7.5	
19	346.25	-7.5	
19	346.25	-7.5	
19	346.25	-7.5	
19	346.25	-7.5	
19	346.25	-7.5	
19	346.25	-7.5	
19	346.25	-7.5	
19	346.25	-7.5	
19	346.25	-7.5	
19	346.25	-7.5	
19	346.25	-7.5	
19	346.25	-7.5	
19	346.25	-7.5	
19	346.25	-7.5	
19	346.25	-7.5	
19	346.25	-7.5	
19	346.25	-7.5	
19	346.25	-7.5	
19	346.25	-7.5	
20	0	0	
20	0	0	
20	0	0	
20	0	0	
20	0	0	
20	0	0	
20	0	0	
20	0	0	
20	0	0	
20	0	0	
20	0	0	
20	0	0	
20	0	0	
20	0	0	
20	0	0	
20	0	0	
20	0	0	
20	0	0	
20	0	0	
20	0	0	
20	0	0	
20	0	0	
20	0	0	
20	0	0	
20	1.25	0	
20	2.5	0	
20	7.5	0	
20	17.5	0	
20	25	0	
20	43.75	2.5	
20	68.75	0	
20	82.5	0	
20	82.5	0	
20	102.5	0	
20	161.25	0	
20	180	0	
20	218.75	-1.25	
20	236.25	-3.75	
20	270	-3.75	
20	298.75	-5	
20	321.25	-7.5	
20	330	-7.5	
20	337.5	-7.5	
20	343.75	-8.75	
20	343.75	-8.75	
20	343.75	-8.75	
20	343.75	-8.75	
20	343.75	-8.75	
20	343.75	-8.75	
20	343.75	-8.75	
20	343.75	-8.75	
20	343.75	-8.75	
20	343.75	-8.75	
20	343.75	-8.75	
20	343.75	-8.75	
20	343.75	-8.75	
20	343.75	-8.75	
20	343.75	-8.75	
20	343.75	-8.75	
20	343.75	-8.75	
20	343.75	-8.75	
20	343.75	-8.75	
20	343.75	-8.75	
20	343.75	-8.75	
20	343.75	-8.75	
20	343.75	-8.75	
20	343.75	-8.75	
20	343.75	-8.75	
20	343.75	-8.75	
20	343.75	-8.75	
20	343.75	-8.75	
20	343.75	-8.75	
20	343.75	-8.75	
20	343.75	-8.75	
21	0	0	
21	0	0	
21	0	0	
21	0	0	
21	0	0	
21	0	0	
21	0	0	
21	0	0	
21	0	0	
21	0	0	
21	0	0	
21	0	0	
21	0	0	
21	0	0	
21	0	0	
21	0	0	
21	0	0	
21	0	0	
21	0	0	
21	0	0	
21	0	0	
21	0	0	
21	0	0	
21	0	0	
21	0	0	
21	0	0	
21	0	0	
21	1.25	0	
21	2.5	0	
21	8.75	1.25	
21	11.25	1.25	
21	20	1.25	
21	23.75	3.75	
21	30	5	
21	50	7.5	
21	58.75	7.5	
21	58.75	7.5	
21	82.5	8.75	
21	96.25	11.25	
21	133.75	12.5	
21	147.5	15	
21	161.25	16.25	
21	188.75	16.25	
21	203.75	16.25	
21	231.25	18.75	
21	257.5	18.75	
21	270	18.75	
21	293.75	16.25	
21	303.75	16.25	
21	330	12.5	
21	337.5	12.5	
21	343.75	12.5	
21	343.75	12.5	
21	343.75	12.5	
21	343.75	12.5	
21	343.75	12.5	
21	343.75	12.5	
21	343.75	12.5	
21	343.75	12.5	
21	343.75	12.5	
21	343.75	12.5	
21	343.75	12.5	
21	343.75	12.5	
21	343.75	12.5	
21	343.75	12.5	
21	343.75	12.5	
21	343.75	12.5	
21	343.75	12.5	
21	343.75	12.5	
21	343.75	12.5	
21	343.75	12.5	
21	343.75	12.5	
21	343.75	12.5	
21	343.75	12.5	
22	0	0	
22	0	0	
22	0	0	
22	0	0	
22	0	0	
22	0	0	
22	0	0	
22	0	0	
22	0	0	
22	0	0	
22	0	0	
22	0	0	
22	0	0	
22	0	0	
22	0	0	
22	0	0	
22	0	0	
22	0	0	
22	0	0	
22	0	0	
22	0	0	
22	0	0	
22	0	0	
22	0	0	
22	0	0	
22	0	0	
22	0	0	
22	0	0	
22	2.5	0	
22	7.5	0	
22	10	0	
22	21.25	0	
22	28.75	0	
22	37.5	2.5	
22	70	0	
22	82.5	0	
22	96.25	0	
22	123.75	0	
22	152.5	0	
22	181.25	-1.25	
22	197.5	-3.75	
22	197.5	-3.75	
22	215	-3.75	
22	231.25	-3.75	
22	272.5	-5	
22	283.75	-5	
22	295	-7.5	
22	313.75	-7.5	
22	322.5	-7.5	
22	342.5	-7.5	
22	346.25	-7.5	
22	346.25	-7.5	
22	346.25	-7.5	
22	346.25	-7.5	
22	346.25	-7.5	
22	346.25	-7.5	
22	346.25	-7.5	
22	346.25	-7.5	
22	346.25	-7.5	
22	346.25	-7.5	
22	346.25	-7.5	
22	346.25	-7.5	
22	346.25	-7.5	
22	346.25	-7.5	
22	346.25	-7.5	
22	346.25	-7.5	
22	346.25	-7.5	
22	346.25	-7.5	
22	346.25	-7.5	
22	346.25	-7.5	
22	346.25	-7.5	
22	346.25	-7.5	
22	346.25	-7.5	
22	346.25	-7.5	
23	0	0	
23	0	0	
23	0	0	
23	0	0	
23	0	0	
23	0	0	
23	0	0	
23	0	0	
23	0	0	
23	0	0	
23	0	0	
23	0	0	
23	0	0	
23	0	0	
23	0	0	
23	0	0	
23	0	0	
23	0	0	
23	0	0	
23	3.75	3.75	
23	6.25	3.75	
23	10	3.75	
23	20	6.25	
23	26.25	6.25	
23	41.25	7.5	
23	60	7.5	
23	71.25	7.5	
23	95	7.5	
23	107.5	7.5	
23	148.75	7.5	
23	162.5	7.5	
23	177.5	6.25	
23	206.25	3.75	
23	221.25	3.75	
23	248.75	2.5	
23	272.5	0	
23	283.75	-1.25	
23	305	-3.75	
23	313.75	-3.75	
23	335	-7.5	
23	340	-7.5	
23	343.75	-7.5	
23	343.75	-7.5	
23	343.75	-7.5	
23	343.75	-7.5	
23	343.75	-7.5	
23	343.75	-7.5	
23	343.75	-7.5	
23	343.75	-7.5	
23	343.75	-7.5	
23	343.75	-7.5	
23	343.75	-7.5	
23	343.75	-7.5	
23	343.75	-7.5	
23	343.75	-7.5	
23	343.75	-7.5	
23	343.75	-7.5	
23	343.75	-7.5	
23	343.75	-7.5	
23	343.75	-7.5	
23	343.75	-7.5	
23	343.75	-7.5	
23	343.75	-7.5	
23	343.75	-7.5	
23	343.75	-7.5	
23	343.75	-7.5	
23	343.75	-7.5	
23	343.75	-7.5	
23	343.75	-7.5	
23	343.75	-7.5	
23	343.75	-7.5	
23	343.75	-7.5	
23	343.75	-7.5	
23	343.75	-7.5	
24	0	0	
24	0	0	
24	0	0	
24	0	0	
24	0	0	
24	0	0	
24	0	0	
24	0	0	
24	0	0	
24	0	0	
24	0	0	
24	0	0	
24	0	0	
24	0	0	
24	0	0	
24	0	0	
24	0	0	
24	0	0	
24	0	0	
24	0	0	
24	0	0	
24	0	0	
24	0	0	
24	0	0	
24	0	0	
24	0	0	
24	0	0	
24	0	0	
24	0	0	
24	0	0	
24	0	0	
24	0	0	
24	0	0	
24	0	0	
24	7.5	0	
24	11.25	0	
24	25	2.5	
24	33.75	2.5	
24	55	3.75	
24	80	6.25	
24	95	7.5	
24	126.25	7.5	
24	143.75	7.5	
24	160	7.5	
24	213.75	10	
24	230	10	
24	262.5	10	
24	276.25	7.5	
24	302.5	7.5	
24	325	7.5	
24	333.75	7.5	
24	348.75	6.25	
24	348.75	6.25	
24	348.75	6.25	
24	348.75	6.25	
24	348.75	6.25	
24	348.75	6.25	
24	348.75	6.25	
24	348.75	6.25	
24	348.75	6.25	
24	348.75	6.25	
24	348.75	6.25	
24	348.75	6.25	
24	348.75	6.25	
24	348.75	6.25	
24	348.75	6.25	
24	348.75	6.25	
24	348.75	6.25	
24	348.75	6.25	
24	348.75	6.25	
24	348.75	6.25	
24	348.75	6.25	
24	348.75	6.25	
24	348.75	6.25	
25	0	0	
25	-5	0	
25	-12.5	0	
25	-15	0	
25	-18.75	0	
25	-18.75	0	
25	-20	0	
25	-20	0	
25	-20	0	
25	-20	0	
25	-20	0	
25	-20	0	
25	-20	0	
25	-20	0	
25	-20	0	
25	-20	0	
25	-20	0	
25	-20	0	
25	-20	0	
25	-20	0	
25	-20	0	
25	-20	0	
25	-20	0	
25	-20	0	
25	-20	0	
25	-20	0	
25	-20	0	
25	-20	0	
25	-20	0	
25	-20	0	
25	-20	0	
25	-20	0	
25	-17.5	0	
25	-15	2.5	
25	-7.5	3.75	
25	3.75	3.75	
25	20	6.25	
25	30	7.5	
25	41.25	7.5	
25	81.25	10	
25	81.25	10	
25	101.25	11.25	
25	137.5	11.25	
25	155	10	
25	191.25	7.5	
25	225	6.25	
25	242.5	3.75	
25	275	0	
25	290	0	
25	317.5	-3.75	
25	342.5	-7.5	
25	342.5	-7.5	
25	342.5	-7.5	
25	342.5	-7.5	
25	342.5	-7.5	
25	342.5	-7.5	
25	342.5	-7.5	
25	342.5	-7.5	
25	342.5	-7.5	
25	342.5	-7.5	
25	342.5	-7.5	
25	342.5	-7.5	
25	342.5	-7.5	
25	342.5	-7.5	
25	342.5	-7.5	
25	342.5	-7.5	
25	342.5	-7.5	
25	342.5	-7.5	
25	342.5	-7.5	
25	342.5	-7.5	
25	342.5	-7.5	
25	342.5	-7.5	
25	342.5	-7.5	
25	342.5	-7.5	
26	0	0	
26	0	0	
26	0	0	
26	0	0	
26	0	0	
26	0	0	
26	0	0	
26	0	0	
26	0	0	
26	0	0	
26	0	0	
26	0	0	
26	0	0	
26	0	0	
26	0	0	
26	0	0	
26	0	0	
26	0	0	
26	0	0	
26	0	0	
26	0	0	
26	0	0	
26	0	0	
26	0	0	
26	0	0	
26	0	0	
26	1.25	0	
26	5	0	
26	6.25	2.5	
26	13.75	2.5	
26	25	3.75	
26	32.5	3.75	
26	41.25	3.75	
26	58.75	6.25	
26	80	7.5	
26	92.5	7.5	
26	118.75	7.5	
26	146.25	6.25	
26	161.25	6.25	
26	191.25	3.75	
26	221.25	0	
26	236.25	0	
26	251.25	-3.75	
26	263.75	-3.75	
26	301.25	-11.25	
26	311.25	-11.25	
26	330	-16.25	
26	337.5	-16.25	
26	348.75	-17.5	
26	348.75	-17.5	
26	348.75	-17.5	
26	348.75	-17.5	
26	348.75	-17.5	
26	348.75	-17.5	
26	348.75	-17.5	
26	348.75	-17.5	
26	348.75	-17.5	
26	348.75	-17.5	
26	348.75	-17.5	
26	348.75	-17.5	
26	348.75	-17.5	
26	348.75	-17.5	
26	348.75	-17.5	
26	348.75	-17.5	
26	348.75	-17.5	
26	348.75	-17.5	
26	348.75	-17.5	
26	348.75	-17.5	
26	348.75	-17.5	
26	348.75	-17.5	
26	348.75	-17.5	
26	348.75	-17.5	
26	348.75	-17.5	
26	348.75	-17.5	
27	0	0	
27	0	0	
27	0	0	
27	0	0	
27	0	0	
27	0	0	
27	0	0	
27	0	0	
27	0	0	
27	0	0	
27	0	0	
27	0	0	
27	0	0	
27	0	0	
27	0	0	
27	0	0	
27	0	0	
27	0	0	
27	0	0	
27	0	2.5	
27	1.25	2.5	
27	3.75	2.5	
27	8.75	3.75	
27	12.5	3.75	
27	31.25	3.75	
27	38.75	6.25	
27	56.25	6.25	
27	66.25	6.25	
27	77.5	6.25	
27	116.25	3.75	
27	128.75	3.75	
27	142.5	3.75	
27	170	2.5	
27	170	2.5	
27	220	0	
27	236.25	-1.25	
27	263.75	-3.75	
27	276.25	-3.75	
27	288.75	-5	
27	318.75	-7.5	
27	327.5	-8.75	
27	335	-8.75	
27	346.25	-11.25	
27	346.25	-11.25	
27	346.25	-11.25	
27	346.25	-11.25	
27	346.25	-11.25	
27	346.25	-11.25	
27	346.25	-11.25	
27	346.25	-11.25	
27	346.25	-11.25	
27	346.25	-11.25	
27	346.25	-11.25	
27	346.25	-11.25	
27	346.25	-11.25	
27	346.25	-11.25	
27	346.25	-11.25	
27	346.25	-11.25	
27	346.25	-11.25	
27	346.25	-11.25	
27	346.25	-11.25	
27	346.25	-11.25	
27	346.25	-11.25	
27	346.25	-11.25	
27	346.25	-11.25	
27	346.25	-11.25	
27	346.25	-11.25	
27	346.25	-11.25	
27	346.25	-11.25	
27	346.25	-11.25	
27	346.25	-11.25	
27	346.25	-11.25	
27	346.25	-11.25	
27	346.25	-11.25	
28	0	0	
28	0	0	
28	0	0	
28	0	0	
28	0	0	
28	0	0	
28	0	0	
28	0	0	
28	0	0	
28	0	0	
28	0	0	
28	0	0	
28	0	0	
28	0	0	
28	0	0	
28	0	0	
28	0	0	
28	0	0	
28	0	0	
28	0	0	
28	1.25	0	
28	3.75	0	
28	6.25	0	
28	12.5	2.5	
28	23.75	3.75	
28	40	7.5	
28	48.75	7.5	
28	68.75	11.25	
28	81.25	13.75	
28	120	15	
28	133.75	17.5	
28	147.5	18.75	
28	162.5	18.75	
28	191.25	18.75	
28	220	17.5	
28	247.5	15	
28	261.25	15	
28	277.5	13.75	
28	292.5	11.25	
28	330	7.5	
28	340	7.5	
28	340	7.5	
28	340	7.5	
28	340	7.5	
28	340	7.5	
28	340	7.5	
28	340	7.5	
28	340	7.5	
28	340	7.5	
28	340	7.5	
28	340	7.5	
28	340	7.5	
28	340	7.5	
28	340	7.5	
28	340	7.5	
28	340	7.5	
28	340	7.5	
28	340	7.5	
28	340	7.5	
28	340	7.5	
28	340	7.5	
28	340	7.5	
28	340	7.5	
28	340	7.5	
28	340	7.5	
28	340	7.5	
28	340	7.5	
28	340	7.5	
28	340	7.5	
28	340	7.5	
28	340	7.5	
28	340	7.5	
28	340	7.5	
28	340	7.5	
29	0	0	
29	0	0	
29	0	0	
29	0	0	
29	0	0	
29	0	0	
29	0	0	
29	0	0	
29	0	0	
29	0	0	
29	0	0	
29	0	0	
29	0	0	
29	0	0	
29	0	0	
29	0	0	
29	0	0	
29	0	0	
29	0	0	
29	0	0	
29	0	0	
29	1.25	0	
29	3.75	0	
29	6.25	0	
29	15	0	
29	25	2.5	
29	38.75	3.75	
29	47.5	3.75	
29	47.5	3.75	
29	81.25	7.5	
29	93.75	7.5	
29	105	7.5	
29	130	10	
29	143.75	11.25	
29	183.75	11.25	
29	210	10	
29	223.75	10	
29	238.75	7.5	
29	253.75	7.5	
29	285	7.5	
29	298.75	6.25	
29	311.25	3.75	
29	332.5	3.75	
29	342.5	3.75	
29	342.5	3.75	
29	342.5	3.75	
29	342.5	3.75	
29	342.5	3.75	
29	342.5	3.75	
29	342.5	3.75	
29	342.5	3.75	
29	342.5	3.75	
29	342.5	3.75	
29	342.5	3.75	
29	342.5	3.75	
29	342.5	3.75	
29	342.5	3.75	
29	342.5	3.75	
29	342.5	3.75	
29	342.5	3.75	
29	342.5	3.75	
29	342.5	3.75	
29	342.5	3.75	
29	342.5	3.75	
29	342.5	3.75	
29	342.5	3.75	
29	342.5	3.75	
29	342.5	3.75	
29	342.5	3.75	
29	342.5	3.75	
29	342.5	3.75	
29	342.5	3.75	
29	342.5	3.75	
29	342.5	3.75	
30	0	0	
30	0	0	
30	0	0	
30	0	0	
30	0	0	
30	0	0	
30	0	0	
30	0	0	
30	0	0	
30	0	0	
30	0	0	
30	0	0	
30	0	0	
30	0	0	
30	0	0	
30	0	0	
30	0	0	
30	0	0	
30	0	0	
30	0	0	
30	0	0	
30	0	0	
30	0	0	
30	0	0	
30	0	0	
30	1.25	0	
30	3.75	0	
30	10	0	
30	13.75	2.5	
30	32.5	3.75	
30	40	3.75	
30	50	3.75	
30	60	3.75	
30	82.5	6.25	
30	107.5	7.5	
30	135	7.5	
30	148.75	7.5	
30	177.5	6.25	
30	191.25	6.25	
30	235	3.75	
30	247.5	3.75	
30	261.25	3.75	
30	272.5	2.5	
30	295	0	
30	315	-3.75	
30	332.5	-3.75	
30	340	-5	
30	340	-5	
30	340	-5	
30	340	-5	
30	340	-5	
30	340	-5	
30	340	-5	
30	340	-5	
30	340	-5	
30	340	-5	
30	340	-5	
30	340	-5	
30	340	-5	
30	340	-5	
30	340	-5	
30	340	-5	
30	340	-5	
30	340	-5	
30	340	-5	
30	340	-5	
30	340	-5	
30	340	-5	
30	340	-5	
30	340	-5	
30	340	-5	
30	340	-5	
30	340	-5	
30	340	-5	
31	0	0	
31	0	0	
31	0	0	
31	0	0	
31	0	0	
31	0	0	
31	0	0	
31	0	0	
31	0	0	
31	0	0	
31	0	0	
31	0	0	
31	0	0	
31	0	0	
31	0	0	
31	0	0	
31	0	0	
31	0	0	
31	0	0	
31	0	0	
31	0	0	
31	0	0	
31	0	0	
31	0	0	
31	0	0	
31	0	0	
31	0	0	
31	1.25	0	
31	2.5	0	
31	7.5	1.25	
31	12.5	1.25	
31	21.25	1.25	
31	27.5	3.75	
31	33.75	5	
31	50	5	
31	72.5	7.5	
31	83.75	8.75	
31	96.25	8.75	
31	108.75	11.25	
31	146.25	12.5	
31	158.75	12.5	
31	185	12.5	
31	197.5	12.5	
31	210	12.5	
31	247.5	12.5	
31	270	12.5	
31	281.25	12.5	
31	291.25	12.5	
31	301.25	12.5	
31	318.75	11.25	
31	327.5	8.75	
31	342.5	8.75	
31	348.75	8.75	
31	348.75	8.75	
31	348.75	8.75	
31	348.75	8.75	
31	348.75	8.75	
31	348.75	8.75	
31	348.75	8.75	
31	348.75	8.75	
31	348.75	8.75	
31	348.75	8.75	
31	348.75	8.75	
31	348.75	8.75	
31	348.75	8.75	
31	348.75	8.75	
31	348.75	8.75	
31	348.75	8.75	
31	348.75	8.75	
31	348.75	8.75	
31	348.75	8.75	
31	348.75	8.75	
31	348.75	8.75	
31	348.75	8.75	
32	0	0	
32	0	0	
32	0	0	
32	0	0	
32	0	0	
32	0	0	
32	0	0	
32	0	0	
32	0	0	
32	0	0	
32	0	0	
32	0	0	
32	0	0	
32	0	0	
32	0	0	
32	0	0	
32	0	0	
32	0	0	
32	0	0	
32	0	0	
32	0	0	
32	0	0	
32	0	0	
32	0	0	
32	0	0	
32	0	0	
32	0	0	
32	0	0	
32	0	0	
32	0	0	
32	0	0	
32	0	0	
32	0	0	
32	0	0	
32	2.5	0	
32	5	0	
32	11.25	2.5	
32	15	3.75	
32	21.25	3.75	
32	45	7.5	
32	55	10	
32	65	11.25	
32	88.75	13.75	
32	100	15	
32	141.25	18.75	
32	156.25	20	
32	185	20	
32	200	20	
32	213.75	20	
32	258.75	20	
32	272.5	20	
32	286.25	20	
32	308.75	18.75	
32	320	15	
32	343.75	11.25	
32	343.75	11.25	
32	343.75	11.25	
32	343.75	11.25	
32	343.75	11.25	
32	343.75	11.25	
32	343.75	11.25	
32	343.75	11.25	
32	343.75	11.25	
32	343.75	11.25	
32	343.75	11.25	
32	343.75	11.25	
32	343.75	11.25	
32	343.75	11.25	
32	343.75	11.25	
32	343.75	11.25	
32	343.75	11.25	
32	343.75	11.25	
32	343.75	11.25	
32	343.75	11.25	
33	0	0	
33	0	0	
33	0	0	
33	0	0	
33	0	0	
33	0	0	
33	0	0	
33	0	0	
33	0	0	
33	0	0	
33	0	0	
33	0	0	
33	0	0	
33	0	0	
33	0	0	
33	0	0	
33	0	0	
33	0	0	
33	0	0	
33	0	0	
33	0	0	
33	0	0	
33	0	0	
33	0	0	
33	0	0	
33	0	0	
33	0	0	
33	0	0	
33	1.25	0	
33	5	2.5	
33	11.25	3.75	
33	15	3.75	
33	21.25	6.25	
33	27.5	7.5	
33	60	11.25	
33	72.5	13.75	
33	98.75	15	
33	112.5	17.5	
33	127.5	18.75	
33	158.75	18.75	
33	177.5	18.75	
33	196.25	18.75	
33	230	18.75	
33	245	18.75	
33	278.75	18.75	
33	293.75	18.75	
33	318.75	17.5	
33	330	17.5	
33	338.75	17.5	
33	347.5	17.5	
33	347.5	17.5	
33	347.5	17.5	
33	347.5	17.5	
33	347.5	17.5	
33	347.5	17.5	
33	347.5	17.5	
33	347.5	17.5	
33	347.5	17.5	
33	347.5	17.5	
33	347.5	17.5	
33	347.5	17.5	
33	347.5	17.5	
33	347.5	17.5	
33	347.5	17.5	
33	347.5	17.5	
33	347.5	17.5	
33	347.5	17.5	
33	347.5	17.5	
33	347.5	17.5	
33	347.5	17.5	
33	347.5	17.5	
33	347.5	17.5	
33	347.5	17.5	
33	347.5	17.5	
34	0	0	
34	0	0	
34	0	0	
34	0	0	
34	0	0	
34	0	0	
34	0	0	
34	0	0	
34	0	0	
34	0	0	
34	0	0	
34	0	0	
34	0	0	
34	0	0	
34	0	0	
34	0	0	
34	1.25	0	
34	2.5	0	
34	7.5	2.5	
34	16.25	3.75	
34	27.5	3.75	
34	33.75	3.75	
34	42.5	6.25	
34	52.5	6.25	
34	85	10	
34	108.75	11.25	
34	122.5	11.25	
34	135	11.25	
34	147.5	11.25	
34	186.25	11.25	
34	198.75	11.25	
34	212.5	10	
34	226.25	7.5	
34	252.5	6.25	
34	287.5	3.75	
34	297.5	2.5	
34	306.25	0	
34	323.75	-1.25	
34	330	-1.25	
34	341.25	-3.75	
34	347.5	-3.75	
34	347.5	-3.75	
34	347.5	-3.75	
34	347.5	-3.75	
34	347.5	-3.75	
34	347.5	-3.75	
34	347.5	-3.75	
34	347.5	-3.75	
34	347.5	-3.75	
34	347.5	-3.75	
34	347.5	-3.75	
34	347.5	-3.75	
34	347.5	-3.75	
34	347.5	-3.75	
34	347.5	-3.75	
34	347.5	-3.75	
34	347.5	-3.75	
34	347.5	-3.75	
34	347.5	-3.75	
34	347.5	-3.75	
34	347.5	-3.75	
34	347.5	-3.75	
34	347.5	-3.75	
34	347.5	-3.75	
34	347.5	-3.75	
34	347.5	-3.75	
34	347.5	-3.75	
34	347.5	-3.75	
34	347.5	-3.75	
34	347.5	-3.75	
34	347.5	-3.75	
34	347.5	-3.75	
34	347.5	-3.75	
34	347.5	-3.75	
35	0	0	
35	0	0	
35	0	0	
35	0	0	
35	0	0	
35	0	0	
35	0	0	
35	0	0	
35	0	0	
35	0	0	
35	0	0	
35	0	0	
35	0	0	
35	0	0	
35	0	0	
35	0	0	
35	0	0	
35	0	0	
35	0	0	
35	0	0	
35	0	0	
35	0	0	
35	0	0	
35	0	0	
35	0	0	
35	0	0	
35	0	0	
35	0	0	
35	1.25	0	
35	6.25	3.75	
35	8.75	5	
35	13.75	5	
35	25	7.5	
35	31.25	8.75	
35	57.5	12.5	
35	67.5	15	
35	80	16.25	
35	106.25	20	
35	120	20	
35	150	22.5	
35	168.75	22.5	
35	186.25	23.75	
35	203.75	23.75	
35	236.25	22.5	
35	267.5	20	
35	297.5	16.25	
35	310	16.25	
35	322.5	15	
35	333.75	12.5	
35	333.75	12.5	
35	333.75	12.5	
35	333.75	12.5	
35	333.75	12.5	
35	333.75	12.5	
35	333.75	12.5	
35	333.75	12.5	
35	333.75	12.5	
35	333.75	12.5	
35	333.75	12.5	
35	333.75	12.5	
35	333.75	12.5	
35	333.75	12.5	
35	333.75	12.5	
35	333.75	12.5	
35	333.75	12.5	
35	333.75	12.5	
35	333.75	12.5	
35	333.75	12.5	
35	333.75	12.5	
35	333.75	12.5	
35	333.75	12.5	
35	333.75	12.5	
35	333.75	12.5	
35	333.75	12.5	
36	0	0	
36	0	0	
36	0	0	
36	0	0	
36	0	0	
36	0	0	
36	0	0	
36	0	0	
36	0	0	
36	0	0	
36	0	0	
36	0	0	
36	0	0	
36	0	0	
36	0	0	
36	0	0	
36	0	0	
36	0	0	
36	0	0	
36	0	0	
36	0	0	
36	0	0	
36	0	0	
36	0	0	
36	5	3.75	
36	6.25	3.75	
36	13.75	5	
36	18.75	7.5	
36	23.75	8.75	
36	43.75	12.5	
36	51.25	12.5	
36	51.25	12.5	
36	73.75	16.25	
36	85	16.25	
36	111.25	20	
36	111.25	20	
36	148.75	18.75	
36	166.25	18.75	
36	183.75	16.25	
36	230	15	
36	246.25	12.5	
36	261.25	12.5	
36	290	11.25	
36	302.5	8.75	
36	340	5	
36	340	5	
36	340	5	
36	340	5	
36	340	5	
36	340	5	
36	340	5	
36	340	5	
36	340	5	
36	340	5	
36	340	5	
36	340	5	
36	340	5	
36	340	5	
36	340	5	
36	340	5	
36	340	5	
36	340	5	
36	340	5	
36	340	5	
36	340	5	
36	340	5	
36	340	5	
36	340	5	
36	340	5	
36	340	5	
36	340	5	
36	340	5	
36	340	5	
36	340	5	
37	0	0	
37	0	0	
37	0	0	
37	0	0	
37	0	0	
37	0	0	
37	0	0	
37	0	0	
37	0	0	
37	0	0	
37	0	0	
37	0	0	
37	0	0	
37	0	0	
37	0	0	
37	0	0	
37	0	0	
37	0	0	
37	0	0	
37	0	0	
37	1.25	0	
37	5	0	
37	7.5	0	
37	12.5	2.5	
37	23.75	3.75	
37	41.25	6.25	
37	51.25	6.25	
37	61.25	7.5	
37	85	10	
37	111.25	11.25	
37	126.25	11.25	
37	146.25	11.25	
37	163.75	11.25	
37	182.5	11.25	
37	235	10	
37	266.25	7.5	
37	280	7.5	
37	293.75	3.75	
37	316.25	3.75	
37	333.75	0	
37	342.5	0	
37	342.5	0	
37	342.5	0	
37	342.5	0	
37	342.5	0	
37	342.5	0	
37	342.5	0	
37	342.5	0	
37	342.5	0	
37	342.5	0	
37	342.5	0	
37	342.5	0	
37	342.5	0	
37	342.5	0	
37	342.5	0	
37	342.5	0	
37	342.5	0	
37	342.5	0	
37	342.5	0	
37	342.5	0	
37	342.5	0	
37	342.5	0	
37	342.5	0	
37	342.5	0	
37	342.5	0	
37	342.5	0	
37	342.5	0	
37	342.5	0	
37	342.5	0	
37	342.5	0	
37	342.5	0	
37	342.5	0	
37	342.5	0	
37	342.5	0	
38	0	0	
38	0	0	
38	0	0	
38	0	0	
38	0	0	
38	0	0	
38	0	0	
38	0	0	
38	0	0	
38	0	0	
38	0	0	
38	0	0	
38	0	0	
38	0	0	
38	0	0	
38	0	0	
38	0	0	
38	0	0	
38	0	0	
38	0	0	
38	0	0	
38	0	0	
38	0	0	
38	0	0	
38	0	0	
38	0	0	
38	0	0	
38	0	0	
38	0	0	
38	0	0	
38	0	0	
38	0	0	
38	0	0	
38	0	0	
38	2.5	0	
38	6.25	0	
38	10	0	
38	13.75	0	
38	17.5	0	
38	38.75	0	
38	46.25	0	
38	56.25	0	
38	80	0	
38	92.5	0	
38	133.75	-5	
38	150	-5	
38	180	-6.25	
38	196.25	-8.75	
38	211.25	-10	
38	253.75	-13.75	
38	265	-16.25	
38	276.25	-16.25	
38	293.75	-20	
38	301.25	-20	
38	313.75	-21.25	
38	316.25	-23.75	
38	320	-23.75	
38	321.25	-23.75	
38	321.25	-23.75	
38	322.5	-23.75	
38	322.5	-23.75	
38	322.5	-23.75	
38	322.5	-23.75	
38	322.5	-23.75	
38	322.5	-23.75	
38	322.5	-23.75	
38	323.75	-23.75	
38	323.75	-23.75	
38	323.75	-23.75	
38	323.75	-23.75	
38	323.75	-23.75	
38	323.75	-23.75	
38	323.75	-23.75	
38	323.75	-23.75	
39	0	0	
39	0	0	
39	0	0	
39	0	0	
39	0	0	
39	0	0	
39	0	0	
39	0	0	
39	0	0	
39	0	0	
39	0	0	
39	0	0	
39	0	0	
39	0	0	
39	0	0	
39	0	0	
39	0	0	
39	0	0	
39	0	0	
39	0	0	
39	0	0	
39	0	0	
39	0	0	
39	0	0	
39	0	0	
39	0	0	
39	0	0	
39	0	0	
39	0	0	
39	0	0	
39	0	0	
39	0	0	
39	0	0	
39	0	0	
39	0	0	
39	0	0	
39	0	0	
39	0	0	
39	0	0	
39	0	0	
39	0	0	
39	0	0	
39	0	0	
39	0	0	
39	0	0	
39	0	0	
39	0	0	
39	0	0	
39	0	0	
39	0	0	
39	0	0	
39	0	0	
39	0	0	
39	0	0	
39	0	0	
39	0	0	
39	0	0	
39	0	0	
39	0	0	
39	0	0	
39	0	0	
39	0	0	
39	0	0	
39	0	0	
39	0	0	
39	0	0	
39	0	0	
39	0	0	
39	0	0	
39	0	0	
39	0	0	
39	0	0	
39	0	0	
39	0	0	
40	0	0	
40	0	0	
40	0	0	
40	0	0	
40	0	0	
40	0	0	
40	0	0	
40	0	0	
40	0	0	
40	0	0	
40	0	0	
40	0	0	
40	0	0	
40	0	0	
40	0	0	
40	0	0	
40	0	0	
40	0	0	
40	0	0	
40	0	0	
40	0	0	
40	0	0	
40	0	0	
40	1.25	3.75	
40	6.25	8.75	
40	15	12.5	
40	21.25	16.25	
40	28.75	20	
40	48.75	23.75	
40	73.75	27.5	
40	86.25	27.5	
40	115	30	
40	130	30	
40	161.25	27.5	
40	191.25	23.75	
40	220	16.25	
40	233.75	15	
40	246.25	11.25	
40	268.75	3.75	
40	288.75	0	
40	296.25	-3.75	
40	308.75	-7.5	
40	312.5	-7.5	
40	320	-8.75	
40	322.5	-11.25	
40	325	-11.25	
40	326.25	-11.25	
40	326.25	-11.25	
40	326.25	-11.25	
40	326.25	-11.25	
40	326.25	-11.25	
40	326.25	-11.25	
40	326.25	-11.25	
40	326.25	-11.25	
40	326.25	-11.25	
40	326.25	-11.25	
40	326.25	-11.25	
40	326.25	-11.25	
40	326.25	-11.25	
40	327.5	-11.25	
40	327.5	-11.25	
40	327.5	-11.25	
40	327.5	-11.25	
40	327.5	-11.25	
40	327.5	-11.25	
40	327.5	-11.25	
40	327.5	-11.25	
40	327.5	-11.25	
40	327.5	-11.25	
40	327.5	-11.25	
40	327.5	-11.25	
40	327.5	-11.25	
40	327.5	-11.25	
40	327.5	-11.25	
41	0	0	
41	0	0	
41	0	0	
41	0	0	
41	0	0	
41	0	0	
41	0	0	
41	0	0	
41	0	0	
41	0	0	
41	0	0	
41	0	0	
41	0	0	
41	0	0	
41	0	0	
41	0	0	
41	0	0	
41	0	0	
41	0	0	
41	0	0	
41	0	0	
41	0	0	
41	0	0	
41	0	0	
41	0	0	
41	0	0	
41	0	0	
41	0	0	
41	0	0	
41	0	0	
41	0	0	
41	1.25	0	
41	2.5	0	
41	8.75	3.75	
41	23.75	6.25	
41	31.25	6.25	
41	38.75	7.5	
41	57.5	7.5	
41	67.5	10	
41	103.75	11.25	
41	116.25	11.25	
41	130	11.25	
41	143.75	11.25	
41	171.25	11.25	
41	212.5	7.5	
41	226.25	7.5	
41	238.75	3.75	
41	262.5	2.5	
41	273.75	0	
41	303.75	-5	
41	311.25	-7.5	
41	320	-8.75	
41	326.25	-11.25	
41	338.75	-12.5	
41	347.5	-15	
41	347.5	-15	
41	347.5	-15	
41	347.5	-15	
41	347.5	-15	
41	347.5	-15	
41	347.5	-15	
41	347.5	-15	
41	347.5	-15	
41	347.5	-15	
41	347.5	-15	
41	347.5	-15	
41	347.5	-15	
41	347.5	-15	
41	347.5	-15	
41	347.5	-15	
41	347.5	-15	
41	347.5	-15	
41	347.5	-15	
41	347.5	-15	
42	0	0	
42	0	0	
42	0	0	
42	0	0	
42	0	0	
42	0	0	
42	0	0	
42	0	0	
42	0	0	
42	0	0	
42	0	0	
42	0	0	
42	0	0	
42	0	0	
42	0	0	
42	0	0	
42	0	0	
42	0	0	
42	0	0	
42	0	0	
42	0	0	
42	0	0	
42	0	0	
42	1.25	0	
42	8.75	0	
42	13.75	0	
42	18.75	0	
42	25	0	
42	32.5	2.5	
42	53.75	3.75	
42	78.75	3.75	
42	91.25	3.75	
42	105	6.25	
42	131.25	6.25	
42	172.5	6.25	
42	187.5	6.25	
42	201.25	6.25	
42	226.25	6.25	
42	237.5	7.5	
42	260	7.5	
42	277.5	7.5	
42	286.25	7.5	
42	293.75	7.5	
42	308.75	7.5	
42	325	7.5	
42	330	7.5	
42	335	7.5	
42	342.5	7.5	
42	345	7.5	
42	348.75	7.5	
42	348.75	7.5	
42	348.75	7.5	
42	348.75	7.5	
42	348.75	7.5	
42	348.75	7.5	
42	348.75	7.5	
42	348.75	7.5	
42	348.75	7.5	
42	348.75	7.5	
42	348.75	7.5	
42	348.75	7.5	
42	348.75	7.5	
42	348.75	7.5	
42	348.75	7.5	
42	348.75	7.5	
42	348.75	7.5	
42	348.75	7.5	
42	348.75	7.5	
42	348.75	7.5	
42	348.75	7.5	
42	348.75	7.5	
42	348.75	7.5	
42	348.75	7.5	
42	348.75	7.5	
43	0	0	
43	0	0	
43	0	0	
43	0	0	
43	0	0	
43	0	0	
43	0	0	
43	0	0	
43	0	0	
43	0	0	
43	0	0	
43	0	0	
43	0	0	
43	0	0	
43	0	0	
43	0	0	
43	0	0	
43	0	0	
43	0	0	
43	0	0	
43	0	0	
43	0	0	
43	0	0	
43	0	0	
43	0	0	
43	1.25	0	
43	2.5	0	
43	5	0	
43	7.5	1.25	
43	21.25	1.25	
43	28.75	3.75	
43	42.5	5	
43	52.5	7.5	
43	65	8.75	
43	91.25	8.75	
43	118.75	11.25	
43	132.5	12.5	
43	147.5	12.5	
43	147.5	12.5	
43	190	11.25	
43	208.75	8.75	
43	245	5	
43	277.5	1.25	
43	292.5	1.25	
43	320	-2.5	
43	341.25	-6.25	
43	341.25	-6.25	
43	341.25	-6.25	
43	341.25	-6.25	
43	341.25	-6.25	
43	341.25	-6.25	
43	341.25	-6.25	
43	341.25	-6.25	
43	341.25	-6.25	
43	341.25	-6.25	
43	341.25	-6.25	
43	341.25	-6.25	
43	341.25	-6.25	
43	341.25	-6.25	
43	341.25	-6.25	
43	341.25	-6.25	
43	341.25	-6.25	
43	341.25	-6.25	
43	341.25	-6.25	
43	341.25	-6.25	
43	341.25	-6.25	
43	341.25	-6.25	
43	341.25	-6.25	
43	341.25	-6.25	
43	341.25	-6.25	
43	341.25	-6.25	
43	341.25	-6.25	
43	341.25	-6.25	
43	341.25	-6.25	
44	0	0	
44	0	0	
44	0	0	
44	0	0	
44	0	0	
44	0	0	
44	0	0	
44	0	0	
44	0	0	
44	0	0	
44	0	0	
44	0	0	
44	0	0	
44	0	0	
44	0	0	
44	0	0	
44	0	0	
44	0	0	
44	0	0	
44	0	0	
44	0	0	
44	0	0	
44	0	0	
44	1.25	0	
44	10	0	
44	10	0	
44	15	0	
44	23.75	2.5	
44	28.75	2.5	
44	42.5	3.75	
44	57.5	3.75	
44	66.25	6.25	
44	83.75	7.5	
44	93.75	7.5	
44	126.25	10	
44	137.5	10	
44	148.75	11.25	
44	172.5	11.25	
44	185	11.25	
44	208.75	11.25	
44	233.75	11.25	
44	246.25	11.25	
44	268.75	11.25	
44	278.75	11.25	
44	305	11.25	
44	312.5	10	
44	320	10	
44	331.25	7.5	
44	335	7.5	
44	342.5	7.5	
44	347.5	6.25	
44	348.75	6.25	
44	348.75	6.25	
44	348.75	6.25	
44	348.75	6.25	
44	348.75	6.25	
44	348.75	6.25	
44	348.75	6.25	
44	348.75	6.25	
44	348.75	6.25	
44	348.75	6.25	
44	348.75	6.25	
44	348.75	6.25	
44	348.75	6.25	
44	348.75	6.25	
44	348.75	6.25	
44	348.75	6.25	
44	348.75	6.25	
44	348.75	6.25	
44	348.75	6.25	
44	348.75	6.25	
44	348.75	6.25	
44	348.75	6.25	
44	348.75	6.25	
45	0	0	
45	0	0	
45	0	0	
45	0	0	
45	0	0	
45	0	0	
45	0	0	
45	0	0	
45	0	0	
45	0	0	
45	0	0	
45	0	0	
45	0	0	
45	0	0	
45	0	0	
45	0	0	
45	0	0	
45	0	0	
45	0	0	
45	2.5	0	
45	6.25	0	
45	10	0	
45	15	0	
45	21.25	0	
45	41.25	0	
45	48.75	0	
45	57.5	0	
45	67.5	0	
45	88.75	2.5	
45	112.5	2.5	
45	136.25	2.5	
45	150	0	
45	175	0	
45	188.75	0	
45	228.75	-3.75	
45	240	-3.75	
45	252.5	-5	
45	263.75	-7.5	
45	285	-7.5	
45	302.5	-8.75	
45	317.5	-11.25	
45	325	-11.25	
45	336.25	-11.25	
45	340	-11.25	
45	347.5	-12.5	
45	348.75	-12.5	
45	348.75	-12.5	
45	348.75	-12.5	
45	348.75	-12.5	
45	348.75	-12.5	
45	348.75	-12.5	
45	348.75	-12.5	
45	348.75	-12.5	
45	348.75	-12.5	
45	348.75	-12.5	
45	348.75	-12.5	
45	348.75	-12.5	
45	348.75	-12.5	
45	348.75	-12.5	
45	348.75	-12.5	
45	348.75	-12.5	
45	348.75	-12.5	
45	348.75	-12.5	
45	348.75	-12.5	
45	348.75	-12.5	
45	348.75	-12.5	
45	348.75	-12.5	
45	348.75	-12.5	
45	348.75	-12.5	
45	348.75	-12.5	
45	348.75	-12.5	
45	348.75	-12.5	
45	348.75	-12.5	
45	348.75	-12.5	
46	0	0	
46	0	0	
46	0	0	
46	0	0	
46	0	0	
46	0	0	
46	0	0	
46	0	0	
46	0	0	
46	0	0	
46	0	0	
46	0	0	
46	0	0	
46	0	0	
46	0	0	
46	0	0	
46	0	0	
46	0	0	
46	0	0	
46	0	0	
46	0	0	
46	0	0	
46	0	0	
46	0	0	
46	2.5	-2.5	
46	3.75	-2.5	
46	10	-2.5	
46	13.75	-2.5	
46	18.75	0	
46	38.75	1.25	
46	38.75	1.25	
46	58.75	1.25	
46	82.5	3.75	
46	95	5	
46	120	5	
46	147.5	8.75	
46	162.5	8.75	
46	176.25	8.75	
46	176.25	8.75	
46	228.75	8.75	
46	228.75	8.75	
46	261.25	8.75	
46	275	7.5	
46	296.25	5	
46	311.25	5	
46	321.25	5	
46	323.75	5	
46	326.25	3.75	
46	327.5	3.75	
46	331.25	3.75	
46	331.25	3.75	
46	331.25	3.75	
46	332.5	3.75	
46	333.75	3.75	
46	337.5	3.75	
46	338.75	3.75	
46	340	3.75	
46	341.25	3.75	
46	341.25	3.75	
46	341.25	3.75	
46	341.25	3.75	
46	341.25	3.75	
46	341.25	3.75	
46	341.25	3.75	
46	341.25	3.75	
46	341.25	3.75	
46	341.25	3.75	
46	341.25	3.75	
46	341.25	3.75	
46	341.25	3.75	
46	341.25	3.75	
46	341.25	3.75	
46	341.25	3.75	
46	341.25	3.75	
47	0	0	
47	0	0	
47	0	0	
47	0	0	
47	0	0	
47	0	0	
47	0	0	
47	0	0	
47	0	0	
47	0	0	
47	0	0	
47	0	0	
47	0	0	
47	0	0	
47	0	0	
47	0	0	
47	0	0	
47	0	0	
47	0	0	
47	0	0	
47	0	0	
47	0	0	
47	0	0	
47	1.25	0	
47	3.75	0	
47	8.75	0	
47	11.25	0	
47	15	0	
47	26.25	2.5	
47	38.75	3.75	
47	47.5	3.75	
47	66.25	7.5	
47	76.25	7.5	
47	86.25	7.5	
47	120	10	
47	132.5	11.25	
47	156.25	11.25	
47	168.75	11.25	
47	180	11.25	
47	217.5	13.75	
47	230	13.75	
47	252.5	13.75	
47	263.75	11.25	
47	273.75	11.25	
47	302.5	11.25	
47	310	11.25	
47	323.75	10	
47	330	7.5	
47	335	7.5	
47	345	7.5	
47	346.25	7.5	
47	346.25	7.5	
47	346.25	7.5	
47	346.25	7.5	
47	346.25	7.5	
47	346.25	7.5	
47	346.25	7.5	
47	346.25	7.5	
47	346.25	7.5	
47	346.25	7.5	
47	346.25	7.5	
47	346.25	7.5	
47	346.25	7.5	
47	346.25	7.5	
47	346.25	7.5	
47	346.25	7.5	
47	346.25	7.5	
47	346.25	7.5	
47	346.25	7.5	
47	346.25	7.5	
47	346.25	7.5	
47	346.25	7.5	
47	346.25	7.5	
47	346.25	7.5	
48	0	0	
48	0	0	
48	0	0	
48	0	0	
48	0	0	
48	0	0	
48	0	0	
48	0	0	
48	0	0	
48	0	0	
48	0	0	
48	0	0	
48	0	0	
48	0	0	
48	0	0	
48	0	0	
48	0	0	
48	0	0	
48	1.25	2.5	
48	3.75	2.5	
48	6.25	2.5	
48	11.25	2.5	
48	18.75	3.75	
48	23.75	3.75	
48	33.75	6.25	
48	47.5	7.5	
48	55	7.5	
48	62.5	7.5	
48	70	10	
48	81.25	10	
48	106.25	11.25	
48	130	11.25	
48	141.25	11.25	
48	152.5	11.25	
48	186.25	10	
48	197.5	10	
48	207.5	7.5	
48	230	7.5	
48	240	7.5	
48	258.75	7.5	
48	277.5	6.25	
48	295	3.75	
48	302.5	3.75	
48	310	2.5	
48	328.75	0	
48	333.75	0	
48	337.5	-1.25	
48	343.75	-1.25	
48	347.5	-1.25	
48	348.75	-1.25	
48	348.75	-1.25	
48	348.75	-1.25	
48	348.75	-1.25	
48	348.75	-1.25	
48	348.75	-1.25	
48	348.75	-1.25	
48	348.75	-1.25	
48	348.75	-1.25	
48	348.75	-1.25	
48	348.75	-1.25	
48	348.75	-1.25	
48	348.75	-1.25	
48	348.75	-1.25	
48	348.75	-1.25	
48	348.75	-1.25	
48	348.75	-1.25	
48	348.75	-1.25	
48	348.75	-1.25	
48	348.75	-1.25	
48	348.75	-1.25	
48	348.75	-1.25	
48	348.75	-1.25	
48	348.75	-1.25	
48	348.75	-1.25	
49	0	0	
49	0	0	
49	0	0	
49	0	0	
49	0	0	
49	0	0	
49	0	0	
49	0	0	
49	0	0	
49	0	0	
49	0	0	
49	0	0	
49	0	0	
49	0	0	
49	0	0	
49	0	0	
49	0	0	
49	0	0	
49	0	0	
49	0	0	
49	0	0	
49	0	0	
49	0	0	
49	0	0	
49	0	0	
49	0	0	
49	0	0	
49	0	0	
49	0	0	
49	0	0	
49	0	0	
49	0	0	
49	0	0	
49	1.25	0	
49	3.75	0	
49	7.5	0	
49	11.25	0	
49	15	0	
49	17.5	0	
49	35	2.5	
49	41.25	3.75	
49	57.5	3.75	
49	66.25	6.25	
49	85	7.5	
49	107.5	7.5	
49	130	7.5	
49	141.25	10	
49	152.5	10	
49	163.75	10	
49	200	7.5	
49	211.25	7.5	
49	235	7.5	
49	246.25	6.25	
49	257.5	3.75	
49	286.25	2.5	
49	293.75	2.5	
49	301.25	0	
49	312.5	0	
49	317.5	0	
49	327.5	-1.25	
49	328.75	-1.25	
49	331.25	-1.25	
49	332.5	-1.25	
49	332.5	-1.25	
49	332.5	-1.25	
49	332.5	-1.25	
49	332.5	-1.25	
49	332.5	-1.25	
49	332.5	-1.25	
49	332.5	-1.25	
49	332.5	-1.25	
49	332.5	-1.25	
49	332.5	-1.25	
49	332.5	-1.25	
50	0	0	
50	0	0	
50	0	0	
50	0	0	
50	0	0	
50	0	0	
50	0	0	
50	0	0	
50	0	0	
50	0	0	
50	0	0	
50	0	0	
50	0	0	
50	0	0	
50	0	0	
50	0	0	
50	0	0	
50	0	0	
50	0	0	
50	0	0	
50	0	0	
50	0	0	
50	0	0	
50	0	0	
50	0	0	
50	0	0	
50	0	0	
50	0	0	
50	0	0	
50	1.25	0	
50	2.5	0	
50	6.25	1.25	
50	10	1.25	
50	18.75	3.75	
50	31.25	5	
50	38.75	5	
50	57.5	8.75	
50	68.75	8.75	
50	80	11.25	
50	118.75	12.5	
50	147.5	15	
50	161.25	15	
50	161.25	15	
50	198.75	12.5	
50	232.5	12.5	
50	246.25	11.25	
50	275	8.75	
50	288.75	8.75	
50	300	7.5	
50	332.5	3.75	
50	341.25	1.25	
50	341.25	1.25	
50	341.25	1.25	
50	341.25	1.25	
50	341.25	1.25	
50	341.25	1.25	
50	341.25	1.25	
50	341.25	1.25	
50	341.25	1.25	
50	341.25	1.25	
50	341.25	1.25	
50	341.25	1.25	
50	341.25	1.25	
50	341.25	1.25	
50	341.25	1.25	
50	341.25	1.25	
50	341.25	1.25	
50	341.25	1.25	
50	341.25	1.25	
50	341.25	1.25	
50	341.25	1.25	
50	341.25	1.25	
50	341.25	1.25	
50	341.25	1.25	
51	0	0	
51	0	0	
51	0	0	
51	0	0	
51	0	0	
51	0	0	
51	0	0	
51	0	0	
51	0	0	
51	0	0	
51	0	0	
51	0	0	
51	0	0	
51	0	0	
51	0	0	
51	0	0	
51	0	0	
51	0	0	
51	0	0	
51	0	0	
51	0	0	
51	0	0	
51	0	0	
51	1.25	0	
51	7.5	0	
51	11.25	2.5	
51	15	2.5	
51	25	3.75	
51	31.25	3.75	
51	46.25	7.5	
51	70	10	
51	82.5	11.25	
51	96.25	11.25	
51	110	13.75	
51	152.5	15	
51	166.25	15	
51	181.25	15	
51	210	15	
51	225	13.75	
51	253.75	11.25	
51	278.75	11.25	
51	291.25	10	
51	301.25	7.5	
51	318.75	7.5	
51	331.25	7.5	
51	335	6.25	
51	340	6.25	
51	342.5	6.25	
51	343.75	3.75	
51	346.25	3.75	
51	346.25	3.75	
51	346.25	3.75	
51	346.25	3.75	
51	346.25	3.75	
51	346.25	3.75	
51	346.25	3.75	
51	346.25	3.75	
51	346.25	3.75	
51	346.25	3.75	
51	346.25	3.75	
51	346.25	3.75	
51	346.25	3.75	
51	346.25	3.75	
51	346.25	3.75	
51	346.25	3.75	
51	346.25	3.75	
51	346.25	3.75	
51	346.25	3.75	
51	346.25	3.75	
51	346.25	3.75	
51	346.25	3.75	
51	346.25	3.75	
51	346.25	3.75	
51	346.25	3.75	
52	0	0	
52	0	0	
52	0	0	
52	0	0	
52	0	0	
52	0	0	
52	0	0	
52	0	0	
52	0	0	
52	0	0	
52	0	0	
52	0	0	
52	0	0	
52	0	0	
52	0	0	
52	0	0	
52	0	0	
52	0	0	
52	0	0	
52	0	0	
52	0	0	
52	0	0	
52	0	0	
52	0	0	
52	0	0	
52	0	0	
52	0	0	
52	3.75	2.5	
52	5	2.5	
52	11.25	3.75	
52	20	3.75	
52	32.5	6.25	
52	40	7.5	
52	47.5	7.5	
52	76.25	11.25	
52	87.5	11.25	
52	98.75	11.25	
52	122.5	11.25	
52	135	11.25	
52	161.25	11.25	
52	187.5	11.25	
52	213.75	11.25	
52	227.5	11.25	
52	240	10	
52	276.25	6.25	
52	287.5	3.75	
52	297.5	3.75	
52	307.5	3.75	
52	322.5	2.5	
52	332.5	0	
52	340	0	
52	341.25	0	
52	343.75	0	
52	345	0	
52	346.25	0	
52	346.25	0	
52	346.25	0	
52	346.25	0	
52	346.25	0	
52	346.25	0	
52	346.25	0	
52	346.25	0	
52	346.25	0	
52	346.25	0	
52	346.25	0	
52	346.25	0	
52	346.25	0	
52	346.25	0	
52	346.25	0	
52	346.25	0	
52	346.25	0	
52	346.25	0	
52	346.25	0	
52	347.5	0	
53	0	0	
53	0	0	
53	0	0	
53	0	0	
53	0	0	
53	0	0	
53	0	0	
53	0	0	
53	0	0	
53	0	0	
53	0	0	
53	0	0	
53	0	0	
53	0	0	
53	0	0	
53	0	0	
53	0	0	
53	0	0	
53	0	0	
53	0	0	
53	0	0	
53	0	0	
53	0	0	
53	0	0	
53	0	0	
53	2.5	0	
53	6.25	0	
53	8.75	0	
53	11.25	0	
53	27.5	0	
53	42.5	0	
53	51.25	0	
53	60	0	
53	80	0	
53	103.75	0	
53	115	0	
53	141.25	0	
53	153.75	0	
53	166.25	0	
53	205	-1.25	
53	230	-3.75	
53	241.25	-3.75	
53	251.25	-5	
53	262.5	-7.5	
53	290	-8.75	
53	298.75	-11.25	
53	306.25	-11.25	
53	317.5	-11.25	
53	322.5	-12.5	
53	333.75	-15	
53	335	-15	
53	337.5	-15	
53	338.75	-15	
53	340	-15	
53	340	-15	
53	340	-15	
53	340	-15	
53	340	-15	
53	340	-15	
53	340	-15	
53	340	-15	
53	340	-15	
53	340	-15	
53	340	-15	
53	340	-15	
53	340	-15	
53	340	-15	
53	340	-15	
53	340	-15	
53	340	-15	
53	340	-15	
53	340	-15	
53	340	-15	
53	340	-15	
54	0	0	
54	0	0	
54	0	0	
54	0	0	
54	0	0	
54	0	0	
54	0	0	
54	0	0	
54	0	0	
54	0	0	
54	0	0	
54	0	0	
54	0	0	
54	0	0	
54	0	0	
54	1.25	0	
54	2.5	0	
54	2.5	0	
54	6.25	0	
54	10	1.25	
54	11.25	1.25	
54	12.5	1.25	
54	15	1.25	
54	17.5	1.25	
54	20	1.25	
54	23.75	1.25	
54	25	1.25	
54	27.5	1.25	
54	28.75	1.25	
54	30	1.25	
54	31.25	1.25	
54	31.25	1.25	
54	31.25	1.25	
54	31.25	1.25	
54	31.25	1.25	
54	33.75	1.25	
54	35	1.25	
54	36.25	1.25	
54	45	1.25	
54	62.5	1.25	
54	72.5	3.75	
54	72.5	3.75	
54	85	3.75	
54	112.5	3.75	
54	131.25	1.25	
54	148.75	1.25	
54	185	1.25	
54	202.5	1.25	
54	218.75	0	
54	262.5	-2.5	
54	285	-3.75	
54	295	-3.75	
54	302.5	-6.25	
54	315	-6.25	
54	322.5	-6.25	
54	325	-6.25	
54	327.5	-6.25	
54	327.5	-6.25	
54	328.75	-6.25	
54	330	-6.25	
54	330	-6.25	
54	330	-6.25	
54	330	-6.25	
54	330	-6.25	
54	330	-6.25	
54	330	-6.25	
54	330	-6.25	
54	330	-6.25	
54	330	-6.25	
54	330	-6.25	
54	330	-6.25	
54	330	-6.25	
54	330	-6.25	
54	330	-6.25	
55	0	0	
55	0	0	
55	0	0	
55	0	0	
55	0	0	
55	0	0	
55	0	0	
55	0	0	
55	0	0	
55	0	0	
55	0	0	
55	0	0	
55	0	0	
55	0	0	
55	0	0	
55	0	0	
55	0	0	
55	0	0	
55	0	0	
55	0	0	
55	0	0	
55	0	0	
55	0	0	
55	0	0	
55	0	0	
55	0	-1.25	
55	0	-1.25	
55	3.75	-3.75	
55	5	-3.75	
55	17.5	-3.75	
55	17.5	-3.75	
55	25	-3.75	
55	35	-3.75	
55	35	-3.75	
55	61.25	-3.75	
55	61.25	-3.75	
55	81.25	-3.75	
55	117.5	-5	
55	135	-7.5	
55	183.75	-8.75	
55	198.75	-11.25	
55	228.75	-11.25	
55	243.75	-12.5	
55	257.5	-12.5	
55	295	-15	
55	305	-15	
55	313.75	-16.25	
55	328.75	-16.25	
55	333.75	-16.25	
55	341.25	-18.75	
55	342.5	-18.75	
55	345	-18.75	
55	346.25	-18.75	
55	346.25	-18.75	
55	346.25	-18.75	
55	346.25	-18.75	
55	346.25	-18.75	
55	346.25	-18.75	
55	346.25	-18.75	
55	346.25	-18.75	
55	346.25	-18.75	
55	346.25	-18.75	
55	346.25	-18.75	
55	346.25	-18.75	
55	346.25	-18.75	
55	346.25	-18.75	
55	346.25	-18.75	
55	346.25	-18.75	
55	346.25	-18.75	
55	346.25	-18.75	
55	346.25	-18.75	
55	346.25	-18.75	
55	346.25	-18.75	
55	346.25	-18.75	
56	0	0	
56	0	0	
56	0	0	
56	0	0	
56	0	0	
56	0	0	
56	0	0	
56	0	0	
56	0	0	
56	0	0	
56	0	0	
56	0	0	
56	0	0	
56	0	0	
56	0	0	
56	0	0	
56	0	0	
56	0	0	
56	0	0	
56	0	0	
56	0	0	
56	0	0	
56	0	0	
56	0	0	
56	0	0	
56	0	0	
56	0	0	
56	0	0	
56	0	0	
56	0	0	
56	0	0	
56	0	0	
56	0	0	
56	0	0	
56	0	0	
56	0	0	
56	0	0	
56	0	0	
56	0	0	
56	-3.75	0	
56	-6.25	0	
56	-8.75	0	
56	-12.5	0	
56	-21.25	2.5	
56	-35	3.75	
56	-52.5	3.75	
56	-63.75	6.25	
56	-75	6.25	
56	-87.5	7.5	
56	-148.75	7.5	
56	-166.25	10	
56	-185	10	
56	-203.75	10	
56	-243.75	11.25	
56	-282.5	10	
56	-318.75	7.5	
56	-335	6.25	
56	-335	6.25	
56	-335	6.25	
56	-335	6.25	
56	-335	6.25	
56	-335	6.25	
56	-335	6.25	
56	-335	6.25	
56	-335	6.25	
56	-335	6.25	
56	-335	6.25	
56	-335	6.25	
56	-335	6.25	
56	-335	6.25	
56	-335	6.25	
56	-335	6.25	
56	-335	6.25	
56	-335	6.25	
57	0	0	
57	0	0	
57	0	0	
57	0	0	
57	0	0	
57	0	0	
57	0	0	
57	0	0	
57	0	0	
57	0	0	
57	0	0	
57	0	0	
57	0	0	
57	0	0	
57	0	0	
57	0	0	
57	0	0	
57	0	2.5	
57	0	2.5	
57	-2.5	3.75	
57	-2.5	3.75	
57	-2.5	3.75	
57	-2.5	3.75	
57	-2.5	3.75	
57	-2.5	3.75	
57	-2.5	3.75	
57	-2.5	3.75	
57	-2.5	3.75	
57	-2.5	3.75	
57	-2.5	3.75	
57	-2.5	3.75	
57	-2.5	3.75	
57	-2.5	3.75	
57	-2.5	3.75	
57	-2.5	3.75	
57	-2.5	3.75	
57	-2.5	3.75	
57	-2.5	3.75	
57	-2.5	3.75	
57	-2.5	3.75	
57	-2.5	3.75	
57	-2.5	3.75	
57	-2.5	3.75	
57	-2.5	3.75	
57	-2.5	3.75	
57	-2.5	3.75	
57	-2.5	3.75	
57	-2.5	3.75	
57	-2.5	3.75	
57	-2.5	3.75	
57	-2.5	3.75	
57	-2.5	3.75	
57	-2.5	3.75	
57	-347.5	3.75	
57	-325	3.75	
57	-301.25	3.75	
57	-288.75	3.75	
57	-277.5	3.75	
57	-251.25	6.25	
57	-215	7.5	
57	-202.5	7.5	
57	-190	7.5	
57	-165	7.5	
57	-152.5	7.5	
57	-128.75	7.5	
57	-106.25	7.5	
57	-95	7.5	
57	-86.25	6.25	
57	-76.25	6.25	
57	-45	3.75	
57	-37.5	2.5	
57	-30	2.5	
57	-22.5	0	
57	-8.75	0	
58	0	0	
58	0	0	
58	0	0	
58	0	0	
58	-2.5	5	
58	-2.5	5	
58	-2.5	5	
58	-2.5	5	
58	-2.5	5	
58	-2.5	5	
58	-2.5	5	
58	-2.5	5	
58	-2.5	5	
58	-2.5	5	
58	-2.5	5	
58	-2.5	5	
58	-2.5	5	
58	-2.5	5	
58	-2.5	5	
58	-2.5	5	
58	-2.5	5	
58	-2.5	5	
58	-2.5	5	
58	-2.5	5	
58	-2.5	5	
58	-2.5	5	
58	-2.5	5	
58	-2.5	5	
58	-2.5	5	
58	-2.5	5	
58	-2.5	5	
58	-2.5	5	
58	-2.5	5	
58	-2.5	5	
58	10	2.5	
58	13.75	2.5	
58	17.5	2.5	
58	23.75	5	
58	36.25	6.25	
58	61.25	10	
58	72.5	10	
58	82.5	12.5	
58	107.5	13.75	
58	120	13.75	
58	160	13.75	
58	173.75	13.75	
58	186.25	13.75	
58	201.25	13.75	
58	227.5	13.75	
58	262.5	13.75	
58	272.5	13.75	
58	281.25	13.75	
58	298.75	13.75	
58	307.5	13.75	
58	326.25	13.75	
58	331.25	12.5	
58	336.25	12.5	
58	340	12.5	
58	345	12.5	
58	348.75	12.5	
58	348.75	12.5	
58	348.75	12.5	
58	348.75	12.5	
58	348.75	12.5	
58	348.75	12.5	
58	348.75	12.5	
58	348.75	12.5	
58	348.75	12.5	
58	348.75	12.5	
58	348.75	12.5	
58	348.75	12.5	
58	348.75	12.5	
58	348.75	12.5	
58	348.75	12.5	
59	0	0	
59	0	0	
59	0	0	
59	0	0	
59	0	0	
59	0	0	
59	0	0	
59	0	0	
59	0	0	
59	0	0	
59	0	0	
59	0	0	
59	0	0	
59	0	0	
59	0	0	
59	0	0	
59	0	0	
59	0	0	
59	0	0	
59	0	0	
59	0	0	
59	0	0	
59	0	0	
59	0	0	
59	0	0	
59	0	0	
59	0	0	
59	0	0	
59	0	0	
59	3.75	0	
59	6.25	0	
59	11.25	0	
59	15	0	
59	18.75	2.5	
59	32.5	3.75	
59	38.75	3.75	
59	45	3.75	
59	61.25	3.75	
59	70	3.75	
59	100	7.5	
59	110	7.5	
59	133.75	7.5	
59	145	7.5	
59	157.5	7.5	
59	195	3.75	
59	207.5	3.75	
59	218.75	3.75	
59	241.25	2.5	
59	252.5	0	
59	285	-1.25	
59	293.75	-3.75	
59	302.5	-3.75	
59	311.25	-3.75	
59	325	-5	
59	336.25	-5	
59	345	-7.5	
59	347.5	-7.5	
59	347.5	-7.5	
59	347.5	-7.5	
59	347.5	-7.5	
59	347.5	-7.5	
59	347.5	-7.5	
59	347.5	-7.5	
59	347.5	-7.5	
59	347.5	-7.5	
59	347.5	-7.5	
59	347.5	-7.5	
59	347.5	-7.5	
59	347.5	-7.5	
59	347.5	-7.5	
59	347.5	-7.5	
59	347.5	-7.5	
59	347.5	-7.5	
59	347.5	-7.5	
60	0	0	
60	0	0	
60	0	0	
60	0	0	
60	0	0	
60	0	0	
60	0	0	
60	0	0	
60	0	0	
60	0	0	
60	0	0	
60	0	0	
60	0	0	
60	0	0	
60	0	0	
60	0	0	
60	0	0	
60	0	0	
60	0	0	
60	0	0	
60	0	0	
60	0	0	
60	0	0	
60	0	0	
60	1.25	0	
60	2.5	0	
60	5	0	
60	7.5	0	
60	15	0	
60	33.75	0	
60	41.25	2.5	
60	57.5	3.75	
60	67.5	3.75	
60	78.75	3.75	
60	112.5	6.25	
60	112.5	6.25	
60	126.25	7.5	
60	142.5	7.5	
60	158.75	7.5	
60	193.75	7.5	
60	227.5	6.25	
60	243.75	6.25	
60	258.75	3.75	
60	286.25	3.75	
60	308.75	3.75	
60	318.75	2.5	
60	338.75	2.5	
60	346.25	0	
60	346.25	0	
60	346.25	0	
60	346.25	0	
60	346.25	0	
60	346.25	0	
60	346.25	0	
60	346.25	0	
60	346.25	0	
60	346.25	0	
60	346.25	0	
60	346.25	0	
60	346.25	0	
60	346.25	0	
60	346.25	0	
60	346.25	0	
60	346.25	0	
60	346.25	0	
60	346.25	0	
60	346.25	0	
60	346.25	0	
60	346.25	0	
60	346.25	0	
60	346.25	0	
60	346.25	0	
60	346.25	0	
60	346.25	0	
61	0	0	
61	0	7.5	
61	0	7.5	
61	0	11.25	
61	0	13.75	
61	0	13.75	
61	0	15	
61	0	15	
61	0	15	
61	0	15	
61	0	15	
61	0	15	
61	0	15	
61	0	15	
61	0	15	
61	0	15	
61	0	15	
61	0	15	
61	0	15	
61	0	15	
61	0	15	
61	0	15	
61	0	15	
61	0	15	
61	0	15	
61	0	15	
61	0	15	
61	1.25	15	
61	2.5	15	
61	8.75	15	
61	12.5	15	
61	20	17.5	
61	25	18.75	
61	31.25	18.75	
61	53.75	18.75	
61	62.5	21.25	
61	72.5	21.25	
61	93.75	22.5	
61	105	22.5	
61	143.75	26.25	
61	158.75	26.25	
61	172.5	26.25	
61	191.25	26.25	
61	208.75	26.25	
61	257.5	25	
61	272.5	22.5	
61	287.5	22.5	
61	315	18.75	
61	327.5	18.75	
61	327.5	18.75	
61	327.5	18.75	
61	327.5	18.75	
61	327.5	18.75	
61	327.5	18.75	
61	327.5	18.75	
61	327.5	18.75	
61	327.5	18.75	
61	327.5	18.75	
61	327.5	18.75	
61	327.5	18.75	
61	327.5	18.75	
61	327.5	18.75	
61	327.5	18.75	
61	327.5	18.75	
61	327.5	18.75	
61	327.5	18.75	
61	327.5	18.75	
61	327.5	18.75	
61	327.5	18.75	
61	327.5	18.75	
61	327.5	18.75	
61	327.5	18.75	
61	327.5	18.75	
61	327.5	18.75	
62	0	0	
62	0	0	
62	0	0	
62	0	0	
62	0	0	
62	0	0	
62	0	0	
62	0	0	
62	0	0	
62	0	0	
62	0	0	
62	0	0	
62	0	0	
62	0	0	
62	0	0	
62	0	0	
62	0	0	
62	0	0	
62	0	0	
62	0	0	
62	0	0	
62	0	0	
62	0	0	
62	0	0	
62	0	0	
62	2.5	0	
62	3.75	-1.25	
62	7.5	-1.25	
62	13.75	-3.75	
62	22.5	-3.75	
62	26.25	-3.75	
62	37.5	-1.25	
62	42.5	-1.25	
62	48.75	-1.25	
62	70	-1.25	
62	77.5	-1.25	
62	87.5	-1.25	
62	105	-1.25	
62	123.75	-1.25	
62	143.75	-1.25	
62	153.75	-1.25	
62	176.25	-1.25	
62	186.25	-1.25	
62	197.5	-1.25	
62	232.5	-3.75	
62	243.75	-3.75	
62	256.25	-3.75	
62	278.75	-5	
62	291.25	-5	
62	325	-7.5	
62	335	-7.5	
62	335	-7.5	
62	335	-7.5	
62	335	-7.5	
62	335	-7.5	
62	335	-7.5	
62	335	-7.5	
62	335	-7.5	
62	335	-7.5	
62	335	-7.5	
62	335	-7.5	
62	335	-7.5	
62	335	-7.5	
62	335	-7.5	
62	335	-7.5	
62	335	-7.5	
62	335	-7.5	
62	335	-7.5	
62	335	-7.5	
62	335	-7.5	
62	335	-7.5	
62	335	-7.5	
62	335	-7.5	
62	335	-7.5	
63	0	0	
63	0	0	
63	0	0	
63	0	0	
63	0	0	
63	0	-5	
63	0	-7.5	
63	0	-7.5	
63	0	-11.25	
63	0	-12.5	
63	0	-15	
63	0	-15	
63	0	-15	
63	0	-15	
63	0	-15	
63	0	-15	
63	0	-15	
63	0	-15	
63	0	-15	
63	0	-15	
63	0	-15	
63	0	-15	
63	0	-15	
63	0	-15	
63	0	-15	
63	0	-15	
63	0	-15	
63	0	-15	
63	0	-15	
63	0	-15	
63	0	-15	
63	0	-15	
63	0	-15	
63	0	-15	
63	0	-15	
63	0	-15	
63	0	-15	
63	0	-15	
63	0	-15	
63	1.25	-15	
63	5	-12.5	
63	6.25	-12.5	
63	10	-11.25	
63	12.5	-11.25	
63	23.75	-8.75	
63	30	-7.5	
63	43.75	-7.5	
63	52.5	-7.5	
63	71.25	-3.75	
63	90	-3.75	
63	112.5	1.25	
63	123.75	1.25	
63	135	3.75	
63	147.5	3.75	
63	185	5	
63	197.5	5	
63	222.5	5	
63	235	5	
63	258.75	5	
63	280	3.75	
63	302.5	1.25	
63	312.5	1.25	
63	321.25	1.25	
63	330	1.25	
63	346.25	0	
63	346.25	0	
63	346.25	0	
63	346.25	0	
63	346.25	0	
63	346.25	0	
63	346.25	0	
63	346.25	0	
63	346.25	0	
63	346.25	0	
64	0	0	
64	0	0	
64	0	0	
64	0	0	
64	0	0	
64	0	0	
64	0	0	
64	0	0	
64	0	0	
64	0	0	
64	0	0	
64	0	0	
64	0	0	
64	0	0	
64	0	0	
64	0	0	
64	0	0	
64	0	0	
64	0	0	
64	0	0	
64	0	0	
64	0	0	
64	0	0	
64	0	0	
64	0	0	
64	0	0	
64	0	0	
64	0	0	
64	0	0	
64	0	0	
64	1.25	0	
64	1.25	0	
64	2.5	0	
64	5	0	
64	15	0	
64	18.75	1.25	
64	25	1.25	
64	37.5	1.25	
64	53.75	1.25	
64	73.75	1.25	
64	97.5	5	
64	110	5	
64	125	5	
64	138.75	7.5	
64	187.5	8.75	
64	205	8.75	
64	222.5	8.75	
64	257.5	8.75	
64	291.25	8.75	
64	325	5	
64	341.25	5	
64	341.25	5	
64	341.25	5	
64	341.25	5	
64	341.25	5	
64	341.25	5	
64	341.25	5	
64	341.25	5	
64	341.25	5	
64	341.25	5	
64	341.25	5	
64	341.25	5	
64	341.25	5	
64	341.25	5	
64	341.25	5	
64	341.25	5	
64	341.25	5	
64	341.25	5	
64	341.25	5	
64	341.25	5	
64	341.25	5	
64	341.25	5	
64	341.25	5	
64	341.25	5	
65	0	0	
65	0	0	
65	0	0	
65	0	0	
65	0	0	
65	0	0	
65	0	0	
65	0	0	
65	0	0	
65	0	0	
65	0	0	
65	0	0	
65	0	0	
65	0	0	
65	0	0	
65	0	0	
65	0	0	
65	0	0	
65	0	0	
65	0	0	
65	0	0	
65	0	0	
65	0	0	
65	0	0	
65	0	0	
65	0	0	
65	0	0	
65	0	0	
65	0	0	
65	0	0	
65	0	0	
65	0	0	
65	0	0	
65	0	0	
65	0	0	
65	0	0	
65	0	0	
65	0	0	
65	0	0	
65	0	0	
65	0	0	
65	0	0	
65	0	0	
65	0	0	
65	0	0	
65	0	0	
65	0	0	
65	0	0	
65	0	0	
65	0	0	
65	0	0	
65	0	0	
65	0	0	
65	0	0	
65	0	0	
65	0	0	
65	0	0	
65	0	0	
65	0	0	
65	0	0	
65	0	0	
65	0	0	
65	0	0	
65	0	0	
65	0	0	
65	0	0	
65	0	0	
65	0	0	
65	0	0	
65	0	0	
65	0	0	
65	0	0	
65	0	0	
65	0	0	
66	0	0	
66	0	0	
66	0	0	
66	0	0	
66	0	0	
66	0	0	
66	0	0	
66	0	0	
66	0	0	
66	0	0	
66	0	0	
66	0	0	
66	0	0	
66	0	0	
66	0	0	
66	0	0	
66	0	0	
66	0	0	
66	0	0	
66	0	0	
66	1.25	0	
66	3.75	0	
66	5	1.25	
66	6.25	1.25	
66	16.25	1.25	
66	20	1.25	
66	25	1.25	
66	36.25	3.75	
66	50	3.75	
66	66.25	5	
66	76.25	5	
66	98.75	5	
66	110	5	
66	122.5	7.5	
66	162.5	8.75	
66	162.5	8.75	
66	182.5	8.75	
66	218.75	8.75	
66	235	11.25	
66	267.5	11.25	
66	286.25	8.75	
66	320	8.75	
66	335	8.75	
66	347.5	7.5	
66	347.5	7.5	
66	347.5	7.5	
66	347.5	7.5	
66	347.5	7.5	
66	347.5	7.5	
66	347.5	7.5	
66	347.5	7.5	
66	347.5	7.5	
66	347.5	7.5	
66	347.5	7.5	
66	347.5	7.5	
66	347.5	7.5	
66	347.5	7.5	
66	347.5	7.5	
66	347.5	7.5	
66	347.5	7.5	
66	347.5	7.5	
66	347.5	7.5	
66	347.5	7.5	
66	347.5	7.5	
66	347.5	7.5	
66	347.5	7.5	
66	347.5	7.5	
66	347.5	7.5	
66	347.5	7.5	
66	347.5	7.5	
66	347.5	7.5	
66	347.5	7.5	
66	347.5	7.5	
66	347.5	7.5	
67	0	0	
67	0	0	
67	0	0	
67	0	0	
67	0	0	
67	0	0	
67	0	0	
67	0	0	
67	0	0	
67	0	0	
67	0	0	
67	0	0	
67	0	0	
67	0	0	
67	0	0	
67	0	0	
67	0	0	
67	0	0	
67	0	0	
67	0	0	
67	0	0	
67	0	0	
67	0	0	
67	0	0	
67	0	0	
67	0	0	
67	0	0	
67	0	0	
67	0	0	
67	6.25	-2.5	
67	10	-2.5	
67	15	-2.5	
67	20	-2.5	
67	32.5	0	
67	50	1.25	
67	71.25	1.25	
67	83.75	1.25	
67	111.25	1.25	
67	126.25	1.25	
67	173.75	1.25	
67	190	1.25	
67	206.25	1.25	
67	223.75	1.25	
67	257.5	0	
67	290	-2.5	
67	320	-6.25	
67	335	-6.25	
67	335	-6.25	
67	335	-6.25	
67	335	-6.25	
67	335	-6.25	
67	335	-6.25	
67	335	-6.25	
67	335	-6.25	
67	335	-6.25	
67	335	-6.25	
67	335	-6.25	
67	335	-6.25	
67	335	-6.25	
67	335	-6.25	
67	335	-6.25	
67	335	-6.25	
67	335	-6.25	
67	335	-6.25	
67	335	-6.25	
67	335	-6.25	
67	335	-6.25	
67	335	-6.25	
67	335	-6.25	
67	335	-6.25	
67	335	-6.25	
67	335	-6.25	
67	335	-6.25	
67	335	-6.25	
68	0	0	
68	0	0	
68	0	0	
68	0	0	
68	0	0	
68	0	0	
68	0	0	
68	0	0	
68	0	0	
68	0	0	
68	0	0	
68	0	0	
68	0	0	
68	0	0	
68	0	0	
68	0	0	
68	0	0	
68	0	0	
68	0	0	
68	0	0	
68	0	0	
68	0	0	
68	0	0	
68	0	0	
68	0	0	
68	0	0	
68	0	0	
68	0	0	
68	0	0	
68	0	0	
68	0	0	
68	0	0	
68	0	0	
68	0	0	
68	0	0	
68	0	0	
68	0	0	
68	0	0	
68	0	0	
68	0	0	
68	0	0	
68	0	0	
68	0	0	
68	2.5	0	
68	6.25	0	
68	10	0	
68	17.5	1.25	
68	30	1.25	
68	37.5	1.25	
68	55	3.75	
68	65	3.75	
68	78.75	5	
68	95	5	
68	126.25	7.5	
68	142.5	8.75	
68	162.5	7.5	
68	201.25	5	
68	236.25	5	
68	252.5	3.75	
68	283.75	0	
68	311.25	-2.5	
68	323.75	-3.75	
68	336.25	-6.25	
68	346.25	-6.25	
68	346.25	-6.25	
68	346.25	-6.25	
68	346.25	-6.25	
68	346.25	-6.25	
68	346.25	-6.25	
68	346.25	-6.25	
68	346.25	-6.25	
68	346.25	-6.25	
68	346.25	-6.25	
68	346.25	-6.25	
69	0	0	
69	0	0	
69	0	0	
69	0	0	
69	0	0	
69	0	0	
69	0	0	
69	0	0	
69	0	0	
69	0	0	
69	0	0	
69	0	0	
69	0	0	
69	0	0	
69	0	0	
69	0	0	
69	0	0	
69	0	0	
69	0	0	
69	0	0	
69	0	0	
69	0	0	
69	0	0	
69	0	0	
69	0	0	
69	0	0	
69	0	0	
69	0	0	
69	0	0	
69	3.75	0	
69	6.25	0	
69	11.25	-1.25	
69	13.75	-1.25	
69	17.5	-1.25	
69	28.75	-1.25	
69	33.75	-1.25	
69	40	0	
69	45	0	
69	48.75	0	
69	62.5	0	
69	68.75	0	
69	80	0	
69	86.25	0	
69	93.75	0	
69	120	-1.25	
69	131.25	-1.25	
69	152.5	-1.25	
69	163.75	-1.25	
69	176.25	-1.25	
69	213.75	-1.25	
69	227.5	-1.25	
69	241.25	-1.25	
69	266.25	-5	
69	278.75	-5	
69	315	-6.25	
69	326.25	-6.25	
69	346.25	-8.75	
69	346.25	-8.75	
69	346.25	-8.75	
69	346.25	-8.75	
69	346.25	-8.75	
69	346.25	-8.75	
69	346.25	-8.75	
69	346.25	-8.75	
69	346.25	-8.75	
69	346.25	-8.75	
69	346.25	-8.75	
69	346.25	-8.75	
69	346.25	-8.75	
69	346.25	-8.75	
69	346.25	-8.75	
69	346.25	-8.75	
69	346.25	-8.75	
69	346.25	-8.75	
70	0	0	
70	0	0	
70	0	0	
70	0	0	
70	0	0	
70	0	0	
70	0	0	
70	0	0	
70	0	0	
70	0	0	
70	0	0	
70	0	0	
70	0	0	
70	0	0	
70	0	0	
70	0	0	
70	0	0	
70	0	0	
70	0	0	
70	0	0	
70	0	0	
70	0	0	
70	0	0	
70	0	0	
70	0	0	
70	0	0	
70	0	0	
70	0	0	
70	0	0	
70	0	0	
70	0	0	
70	0	0	
70	0	0	
70	0	0	
70	0	0	
70	0	0	
70	0	0	
70	0	0	
70	1.25	0	
70	5	1.25	
70	10	1.25	
70	15	1.25	
70	18.75	1.25	
70	30	1.25	
70	46.25	1.25	
70	55	1.25	
70	76.25	1.25	
70	100	1.25	
70	112.5	1.25	
70	137.5	-2.5	
70	163.75	-3.75	
70	176.25	-6.25	
70	188.75	-6.25	
70	212.5	-11.25	
70	235	-16.25	
70	245	-18.75	
70	262.5	-22.5	
70	278.75	-26.25	
70	285	-26.25	
70	297.5	-30	
70	305	-30	
70	307.5	-30	
70	310	-30	
70	311.25	-31.25	
70	313.75	-31.25	
70	313.75	-31.25	
70	313.75	-31.25	
70	313.75	-31.25	
70	313.75	-31.25	
70	313.75	-31.25	
70	313.75	-31.25	
70	313.75	-31.25	
70	313.75	-31.25	
70	313.75	-31.25	
71	0	0	
71	0	0	
71	0	0	
71	0	0	
71	0	0	
71	0	0	
71	0	0	
71	0	0	
71	0	0	
71	0	0	
71	0	0	
71	0	0	
71	0	0	
71	0	0	
71	0	0	
71	0	0	
71	0	0	
71	0	0	
71	0	0	
71	0	0	
71	0	0	
71	0	0	
71	0	0	
71	0	0	
71	0	0	
71	0	0	
71	0	0	
71	0	0	
71	0	0	
71	0	0	
71	0	0	
71	1.25	0	
71	3.75	0	
71	5	0	
71	13.75	2.5	
71	16.25	2.5	
71	22.5	2.5	
71	26.25	3.75	
71	30	3.75	
71	37.5	3.75	
71	41.25	3.75	
71	46.25	3.75	
71	48.75	3.75	
71	52.5	3.75	
71	65	6.25	
71	71.25	6.25	
71	83.75	6.25	
71	91.25	7.5	
71	100	7.5	
71	128.75	7.5	
71	138.75	7.5	
71	150	6.25	
71	173.75	3.75	
71	187.5	3.75	
71	227.5	0	
71	240	0	
71	265	-5	
71	276.25	-5	
71	287.5	-6.25	
71	316.25	-10	
71	325	-10	
71	332.5	-12.5	
71	345	-12.5	
71	345	-12.5	
71	345	-12.5	
71	345	-12.5	
71	345	-12.5	
71	345	-12.5	
71	345	-12.5	
71	345	-12.5	
71	345	-12.5	
71	345	-12.5	
71	345	-12.5	
71	345	-12.5	
72	0	0	
72	0	0	
72	0	0	
72	0	0	
72	0	0	
72	0	0	
72	0	0	
72	0	0	
72	0	0	
72	0	0	
72	0	0	
72	0	0	
72	0	0	
72	0	0	
72	0	0	
72	0	0	
72	0	0	
72	0	0	
72	0	0	
72	0	0	
72	0	0	
72	0	0	
72	0	0	
72	0	0	
72	0	0	
72	0	0	
72	0	0	
72	0	0	
72	0	0	
72	0	0	
72	0	0	
72	0	0	
72	0	0	
72	0	0	
72	2.5	0	
72	3.75	0	
72	7.5	0	
72	10	0	
72	15	0	
72	21.25	0	
72	30	0	
72	35	0	
72	41.25	0	
72	47.5	0	
72	70	0	
72	78.75	0	
72	98.75	0	
72	110	3.75	
72	132.5	3.75	
72	156.25	3.75	
72	181.25	3.75	
72	193.75	3.75	
72	206.25	3.75	
72	218.75	0	
72	256.25	0	
72	267.5	0	
72	290	-1.25	
72	300	-1.25	
72	318.75	-3.75	
72	337.5	-3.75	
72	346.25	-5	
72	346.25	-5	
72	346.25	-5	
72	346.25	-5	
72	346.25	-5	
72	346.25	-5	
72	346.25	-5	
72	346.25	-5	
72	346.25	-5	
72	346.25	-5	
72	346.25	-5	
72	346.25	-5	
72	346.25	-5	
72	346.25	-5	
73	0	0	
73	0	0	
73	0	0	
73	0	0	
73	0	0	
73	0	0	
73	0	0	
73	0	0	
73	0	0	
73	0	0	
73	0	0	
73	0	0	
73	0	0	
73	0	0	
73	0	0	
73	0	0	
73	0	0	
73	0	0	
73	0	0	
73	0	0	
73	0	0	
73	0	0	
73	0	0	
73	0	0	
73	0	0	
73	0	0	
73	0	0	
73	0	0	
73	0	0	
73	0	0	
73	0	0	
73	0	0	
73	0	0	
73	0	0	
73	0	0	
73	0	0	
73	0	0	
73	1.25	0	
73	3.75	0	
73	8.75	0	
73	11.25	-1.25	
73	18.75	-1.25	
73	23.75	-1.25	
73	28.75	-1.25	
73	47.5	-3.75	
73	63.75	-3.75	
73	72.5	-3.75	
73	81.25	-3.75	
73	101.25	-3.75	
73	123.75	-3.75	
73	135	-3.75	
73	158.75	-3.75	
73	171.25	-3.75	
73	182.5	-3.75	
73	220	-5	
73	242.5	-7.5	
73	253.75	-7.5	
73	265	-7.5	
73	285	-8.75	
73	303.75	-12.5	
73	312.5	-12.5	
73	327.5	-13.75	
73	335	-13.75	
73	342.5	-16.25	
73	348.75	-16.25	
73	348.75	-16.25	
73	348.75	-16.25	
73	348.75	-16.25	
73	348.75	-16.25	
73	348.75	-16.25	
73	348.75	-16.25	
73	348.75	-16.25	
73	348.75	-16.25	
73	348.75	-16.25	
74	0	0	
74	0	0	
74	0	0	
74	0	0	
74	0	0	
74	0	0	
74	0	0	
74	0	0	
74	0	0	
74	0	0	
74	0	0	
74	0	0	
74	0	0	
74	0	0	
74	0	0	
74	0	0	
74	0	0	
74	0	0	
74	0	0	
74	0	0	
74	0	0	
74	0	0	
74	0	0	
74	0	0	
74	0	0	
74	0	0	
74	0	0	
74	0	0	
74	0	0	
74	3.75	0	
74	6.25	0	
74	8.75	0	
74	17.5	0	
74	22.5	0	
74	33.75	1.25	
74	48.75	1.25	
74	65	1.25	
74	73.75	1.25	
74	83.75	3.75	
74	113.75	3.75	
74	123.75	3.75	
74	132.5	3.75	
74	153.75	1.25	
74	165	1.25	
74	185	1.25	
74	205	1.25	
74	225	1.25	
74	235	0	
74	245	0	
74	271.25	0	
74	281.25	0	
74	288.75	0	
74	297.5	-2.5	
74	312.5	0	
74	325	0	
74	336.25	0	
74	341.25	0	
74	348.75	0	
74	348.75	0	
74	348.75	0	
74	348.75	0	
74	348.75	0	
74	348.75	0	
74	348.75	0	
74	348.75	0	
74	348.75	0	
74	348.75	0	
74	348.75	0	
74	348.75	0	
74	348.75	0	
74	348.75	0	
74	348.75	0	
74	348.75	0	
74	348.75	0	
75	0	0	
75	0	0	
75	0	0	
75	0	0	
75	0	0	
75	0	0	
75	0	0	
75	0	0	
75	0	0	
75	0	0	
75	0	0	
75	0	0	
75	0	0	
75	0	0	
75	0	0	
75	0	0	
75	0	0	
75	0	0	
75	0	0	
75	0	0	
75	0	0	
75	0	0	
75	0	0	
75	0	0	
75	0	0	
75	1.25	0	
75	2.5	0	
75	5	0	
75	10	0	
75	16.25	0	
75	25	0	
75	30	0	
75	36.25	0	
75	43.75	0	
75	70	2.5	
75	90	3.75	
75	101.25	3.75	
75	112.5	3.75	
75	136.25	3.75	
75	162.5	2.5	
75	188.75	2.5	
75	202.5	2.5	
75	215	2.5	
75	227.5	0	
75	262.5	0	
75	283.75	0	
75	293.75	0	
75	303.75	0	
75	321.25	-1.25	
75	336.25	-3.75	
75	342.5	-3.75	
75	342.5	-3.75	
75	342.5	-3.75	
75	342.5	-3.75	
75	342.5	-3.75	
75	342.5	-3.75	
75	342.5	-3.75	
75	342.5	-3.75	
75	342.5	-3.75	
75	342.5	-3.75	
75	342.5	-3.75	
75	342.5	-3.75	
75	342.5	-3.75	
75	342.5	-3.75	
75	342.5	-3.75	
75	342.5	-3.75	
75	342.5	-3.75	
75	342.5	-3.75	
75	342.5	-3.75	
75	342.5	-3.75	
75	342.5	-3.75	
75	342.5	-3.75	
75	342.5	-3.75	
75	342.5	-3.75	
76	0	0	
76	0	0	
76	0	0	
76	0	0	
76	0	0	
76	0	0	
76	0	0	
76	0	0	
76	0	0	
76	0	0	
76	0	0	
76	0	0	
76	0	0	
76	0	0	
76	0	0	
76	0	0	
76	0	0	
76	0	0	
76	0	0	
76	0	0	
76	0	0	
76	0	0	
76	0	0	
76	0	0	
76	0	0	
76	0	0	
76	1.25	0	
76	3.75	0	
76	6.25	0	
76	15	0	
76	20	0	
76	25	2.5	
76	30	2.5	
76	45	3.75	
76	60	3.75	
76	70	3.75	
76	81.25	3.75	
76	96.25	3.75	
76	96.25	3.75	
76	132.5	3.75	
76	148.75	3.75	
76	165	3.75	
76	183.75	3.75	
76	200	3.75	
76	235	3.75	
76	263.75	2.5	
76	276.25	2.5	
76	287.5	2.5	
76	297.5	0	
76	323.75	0	
76	331.25	0	
76	337.5	0	
76	337.5	0	
76	337.5	0	
76	337.5	0	
76	337.5	0	
76	337.5	0	
76	337.5	0	
76	337.5	0	
76	337.5	0	
76	337.5	0	
76	337.5	0	
76	337.5	0	
76	337.5	0	
76	337.5	0	
76	337.5	0	
76	337.5	0	
76	337.5	0	
76	337.5	0	
76	337.5	0	
76	337.5	0	
76	337.5	0	
76	337.5	0	
76	337.5	0	
77	0	0	
77	0	0	
77	0	0	
77	0	0	
77	0	0	
77	0	0	
77	0	0	
77	0	0	
77	0	0	
77	0	0	
77	0	0	
77	0	0	
77	0	0	
77	0	0	
77	0	0	
77	0	0	
77	0	0	
77	0	0	
77	0	0	
77	1.25	0	
77	2.5	0	
77	2.5	0	
77	5	0	
77	7.5	0	
77	16.25	0	
77	18.75	0	
77	23.75	0	
77	32.5	0	
77	37.5	0	
77	56.25	2.5	
77	62.5	2.5	
77	70	3.75	
77	77.5	3.75	
77	95	6.25	
77	115	7.5	
77	115	7.5	
77	140	10	
77	151.25	10	
77	162.5	11.25	
77	196.25	11.25	
77	207.5	11.25	
77	218.75	11.25	
77	230	11.25	
77	241.25	11.25	
77	255	11.25	
77	272.5	10	
77	287.5	7.5	
77	311.25	7.5	
77	321.25	7.5	
77	338.75	6.25	
77	338.75	6.25	
77	338.75	6.25	
77	338.75	6.25	
77	338.75	6.25	
77	338.75	6.25	
77	338.75	6.25	
77	338.75	6.25	
77	338.75	6.25	
77	338.75	6.25	
77	338.75	6.25	
77	338.75	6.25	
77	338.75	6.25	
77	338.75	6.25	
77	338.75	6.25	
77	338.75	6.25	
77	338.75	6.25	
77	338.75	6.25	
77	338.75	6.25	
77	338.75	6.25	
77	338.75	6.25	
77	338.75	6.25	
77	338.75	6.25	
77	338.75	6.25	
77	338.75	6.25	
78	0	0	
78	0	0	
78	0	0	
78	0	0	
78	0	0	
78	0	0	
78	0	0	
78	0	0	
78	0	0	
78	0	0	
78	0	0	
78	0	0	
78	0	0	
78	0	0	
78	0	0	
78	0	0	
78	0	0	
78	0	0	
78	0	0	
78	0	0	
78	0	0	
78	0	0	
78	0	0	
78	0	0	
78	5	0	
78	7.5	-1.25	
78	10	-1.25	
78	16.25	-1.25	
78	21.25	-1.25	
78	31.25	-1.25	
78	45	-1.25	
78	51.25	-1.25	
78	58.75	-1.25	
78	67.5	-1.25	
78	106.25	-1.25	
78	117.5	-1.25	
78	128.75	-1.25	
78	140	0	
78	162.5	0	
78	176.25	0	
78	191.25	0	
78	191.25	0	
78	210	0	
78	210	0	
78	258.75	0	
78	282.5	0	
78	292.5	0	
78	302.5	0	
78	310	0	
78	330	0	
78	336.25	0	
78	347.5	0	
78	347.5	0	
78	347.5	0	
78	347.5	0	
78	347.5	0	
78	347.5	0	
78	347.5	0	
78	347.5	0	
78	347.5	0	
78	347.5	0	
78	347.5	0	
78	347.5	0	
78	347.5	0	
78	347.5	0	
78	347.5	0	
78	347.5	0	
78	347.5	0	
78	347.5	0	
78	347.5	0	
78	347.5	0	
78	347.5	0	
78	347.5	0	
78	347.5	0	
79	0	0	
79	0	0	
79	0	0	
79	0	0	
79	0	0	
79	0	0	
79	0	0	
79	0	0	
79	0	0	
79	0	0	
79	0	0	
79	0	0	
79	0	0	
79	0	0	
79	0	0	
79	0	0	
79	0	0	
79	0	0	
79	0	0	
79	0	0	
79	0	0	
79	2.5	0	
79	3.75	0	
79	8.75	0	
79	31.25	3.75	
79	40	3.75	
79	50	3.75	
79	72.5	7.5	
79	85	7.5	
79	110	10	
79	137.5	11.25	
79	151.25	11.25	
79	165	13.75	
79	191.25	13.75	
79	232.5	13.75	
79	246.25	13.75	
79	260	13.75	
79	285	11.25	
79	297.5	11.25	
79	321.25	10	
79	343.75	7.5	
79	343.75	7.5	
79	343.75	7.5	
79	343.75	7.5	
79	343.75	7.5	
79	343.75	7.5	
79	343.75	7.5	
79	343.75	7.5	
79	343.75	7.5	
79	343.75	7.5	
79	343.75	7.5	
79	343.75	7.5	
79	343.75	7.5	
79	343.75	7.5	
79	343.75	7.5	
79	343.75	7.5	
79	343.75	7.5	
79	343.75	7.5	
79	343.75	7.5	
79	343.75	7.5	
79	343.75	7.5	
79	343.75	7.5	
79	343.75	7.5	
79	343.75	7.5	
79	343.75	7.5	
79	343.75	7.5	
79	343.75	7.5	
79	343.75	7.5	
79	343.75	7.5	
79	343.75	7.5	
79	343.75	7.5	
79	343.75	7.5	
79	343.75	7.5	
79	343.75	7.5	
80	0	0	
80	0	0	
80	0	0	
80	0	0	
80	0	0	
80	0	0	
80	0	0	
80	0	0	
80	0	0	
80	0	0	
80	0	0	
80	0	0	
80	0	0	
80	0	0	
80	0	0	
80	0	0	
80	2.5	0	
80	5	0	
80	8.75	0	
80	20	2.5	
80	36.25	3.75	
80	45	3.75	
80	55	3.75	
80	76.25	6.25	
80	111.25	7.5	
80	123.75	7.5	
80	136.25	7.5	
80	162.5	10	
80	175	10	
80	200	10	
80	225	7.5	
80	236.25	7.5	
80	248.75	7.5	
80	270	7.5	
80	292.5	3.75	
80	303.75	3.75	
80	313.75	0	
80	323.75	0	
80	340	-3.75	
80	347.5	-5	
80	347.5	-5	
80	347.5	-5	
80	347.5	-5	
80	347.5	-5	
80	347.5	-5	
80	347.5	-5	
80	347.5	-5	
80	347.5	-5	
80	347.5	-5	
80	347.5	-5	
80	347.5	-5	
80	347.5	-5	
80	347.5	-5	
80	347.5	-5	
80	347.5	-5	
80	347.5	-5	
80	347.5	-5	
80	347.5	-5	
80	347.5	-5	
80	347.5	-5	
80	347.5	-5	
80	347.5	-5	
80	347.5	-5	
80	347.5	-5	
80	347.5	-5	
80	347.5	-5	
80	347.5	-5	
80	347.5	-5	
80	347.5	-5	
80	347.5	-5	
80	347.5	-5	
80	347.5	-5	
80	347.5	-5	
80	347.5	-5	
81	0	0	
81	0	0	
81	0	0	
81	0	0	
81	0	0	
81	0	0	
81	0	0	
81	0	0	
81	0	0	
81	0	0	
81	0	0	
81	0	0	
81	0	0	
81	0	0	
81	0	0	
81	0	0	
81	0	0	
81	0	0	
81	1.25	0	
81	6.25	-1.25	
81	7.5	-1.25	
81	13.75	-1.25	
81	17.5	-1.25	
81	20	-1.25	
81	30	-1.25	
81	37.5	0	
81	47.5	0	
81	47.5	0	
81	73.75	3.75	
81	97.5	3.75	
81	110	3.75	
81	136.25	6.25	
81	150	6.25	
81	163.75	6.25	
81	205	6.25	
81	233.75	6.25	
81	247.5	3.75	
81	260	3.75	
81	272.5	3.75	
81	298.75	3.75	
81	311.25	2.5	
81	331.25	0	
81	340	0	
81	346.25	0	
81	346.25	0	
81	346.25	0	
81	346.25	0	
81	346.25	0	
81	346.25	0	
81	346.25	0	
81	346.25	0	
81	346.25	0	
81	346.25	0	
81	346.25	0	
81	346.25	0	
81	346.25	0	
81	346.25	0	
81	346.25	0	
81	346.25	0	
81	346.25	0	
81	346.25	0	
81	346.25	0	
81	346.25	0	
81	346.25	0	
81	346.25	0	
81	346.25	0	
81	346.25	0	
81	346.25	0	
81	346.25	0	
81	346.25	0	
81	346.25	0	
81	346.25	0	
81	346.25	0	
81	346.25	0	
82	0	0	
82	0	0	
82	0	0	
82	0	0	
82	0	0	
82	0	0	
82	0	0	
82	0	0	
82	0	0	
82	0	0	
82	0	0	
82	0	0	
82	0	0	
82	0	0	
82	0	0	
82	0	0	
82	0	0	
82	0	0	
82	0	0	
82	0	0	
82	0	0	
82	0	0	
82	0	0	
82	0	0	
82	0	0	
82	0	0	
82	0	0	
82	0	0	
82	0	0	
82	0	0	
82	0	0	
82	0	0	
82	0	0	
82	0	0	
82	0	0	
82	0	0	
82	0	0	
82	0	0	
82	0	0	
82	0	0	
82	0	0	
82	0	0	
82	0	0	
82	0	0	
82	0	0	
82	1.25	0	
82	2.5	0	
82	8.75	0	
82	12.5	0	
82	28.75	2.5	
82	35	3.75	
82	43.75	3.75	
82	53.75	3.75	
82	73.75	6.25	
82	112.5	7.5	
82	126.25	10	
82	140	10	
82	170	11.25	
82	185	11.25	
82	217.5	11.25	
82	235	11.25	
82	250	11.25	
82	266.25	10	
82	293.75	7.5	
82	331.25	3.75	
82	342.5	3.75	
82	342.5	3.75	
82	342.5	3.75	
82	342.5	3.75	
82	342.5	3.75	
82	342.5	3.75	
82	342.5	3.75	
82	342.5	3.75	
82	342.5	3.75	
83	0	0	
83	0	0	
83	0	0	
83	0	0	
83	0	0	
83	0	0	
83	0	0	
83	0	0	
83	0	0	
83	0	0	
83	0	0	
83	0	0	
83	0	0	
83	0	0	
83	0	0	
83	0	0	
83	0	0	
83	2.5	0	
83	3.75	0	
83	7.5	0	
83	13.75	0	
83	17.5	0	
83	22.5	0	
83	26.25	0	
83	48.75	2.5	
83	55	3.75	
83	62.5	3.75	
83	70	3.75	
83	86.25	3.75	
83	106.25	6.25	
83	127.5	6.25	
83	138.75	6.25	
83	150	6.25	
83	161.25	6.25	
83	208.75	3.75	
83	220	3.75	
83	231.25	3.75	
83	242.5	2.5	
83	265	0	
83	286.25	-3.75	
83	296.25	-3.75	
83	305	-5	
83	315	-7.5	
83	327.5	-8.75	
83	342.5	-11.25	
83	346.25	-11.25	
83	348.75	-11.25	
83	348.75	-11.25	
83	348.75	-11.25	
83	348.75	-11.25	
83	348.75	-11.25	
83	348.75	-11.25	
83	348.75	-11.25	
83	348.75	-11.25	
83	348.75	-11.25	
83	348.75	-11.25	
83	348.75	-11.25	
83	348.75	-11.25	
83	348.75	-11.25	
83	348.75	-11.25	
83	348.75	-11.25	
83	348.75	-11.25	
83	348.75	-11.25	
83	348.75	-11.25	
83	348.75	-11.25	
83	348.75	-11.25	
83	348.75	-11.25	
83	348.75	-11.25	
83	348.75	-11.25	
83	348.75	-11.25	
83	348.75	-11.25	
83	348.75	-11.25	
83	348.75	-11.25	
83	348.75	-11.25	
84	0	0	
84	0	0	
84	0	0	
84	0	0	
84	0	0	
84	0	0	
84	0	0	
84	0	0	
84	0	0	
84	0	0	
84	0	0	
84	0	0	
84	0	0	
84	0	0	
84	0	0	
84	0	0	
84	0	0	
84	0	0	
84	0	0	
84	0	0	
84	0	0	
84	0	0	
84	0	0	
84	0	0	
84	0	0	
84	0	0	
84	0	0	
84	1.25	0	
84	3.75	0	
84	7.5	0	
84	10	0	
84	13.75	0	
84	17.5	0	
84	27.5	0	
84	38.75	0	
84	53.75	0	
84	62.5	0	
84	71.25	0	
84	81.25	0	
84	112.5	0	
84	123.75	0	
84	146.25	0	
84	157.5	0	
84	181.25	0	
84	207.5	-1.25	
84	220	-3.75	
84	231.25	-3.75	
84	242.5	-3.75	
84	262.5	-5	
84	280	-7.5	
84	292.5	-8.75	
84	298.75	-8.75	
84	303.75	-8.75	
84	310	-11.25	
84	315	-11.25	
84	315	-11.25	
84	316.25	-11.25	
84	316.25	-11.25	
84	317.5	-11.25	
84	317.5	-11.25	
84	317.5	-11.25	
84	317.5	-11.25	
84	317.5	-11.25	
84	317.5	-11.25	
84	317.5	-11.25	
84	317.5	-11.25	
84	317.5	-11.25	
84	317.5	-11.25	
84	317.5	-11.25	
84	317.5	-11.25	
84	317.5	-11.25	
84	317.5	-11.25	
84	317.5	-11.25	
84	317.5	-11.25	
85	0	0	
85	0	0	
85	0	0	
85	0	0	
85	0	0	
85	0	0	
85	0	0	
85	0	0	
85	0	0	
85	0	0	
85	0	0	
85	0	0	
85	0	0	
85	0	0	
85	0	0	
85	0	0	
85	0	0	
85	0	0	
85	0	0	
85	0	0	
85	0	0	
85	0	0	
85	0	0	
85	0	0	
85	0	0	
85	0	0	
85	0	0	
85	0	0	
85	0	0	
85	0	0	
85	0	0	
85	0	0	
85	1.25	0	
85	2.5	0	
85	8.75	0	
85	11.25	0	
85	15	0	
85	18.75	0	
85	27.5	0	
85	38.75	0	
85	52.5	2.5	
85	58.75	2.5	
85	67.5	2.5	
85	85	3.75	
85	107.5	3.75	
85	120	3.75	
85	131.25	6.25	
85	143.75	6.25	
85	168.75	6.25	
85	192.5	7.5	
85	203.75	6.25	
85	218.75	6.25	
85	218.75	6.25	
85	247.5	3.75	
85	283.75	3.75	
85	293.75	2.5	
85	303.75	2.5	
85	320	0	
85	326.25	0	
85	338.75	0	
85	347.5	-1.25	
85	347.5	-1.25	
85	347.5	-1.25	
85	347.5	-1.25	
85	347.5	-1.25	
85	347.5	-1.25	
85	347.5	-1.25	
85	347.5	-1.25	
85	347.5	-1.25	
85	347.5	-1.25	
85	347.5	-1.25	
85	347.5	-1.25	
85	347.5	-1.25	
85	347.5	-1.25	
86	0	0	
86	0	0	
86	0	0	
86	0	0	
86	0	0	
86	0	0	
86	0	0	
86	0	0	
86	0	0	
86	0	0	
86	0	0	
86	0	0	
86	0	0	
86	0	0	
86	0	0	
86	0	0	
86	0	0	
86	0	0	
86	0	0	
86	0	0	
86	0	0	
86	0	0	
86	0	0	
86	0	0	
86	0	0	
86	0	0	
86	0	0	
86	0	0	
86	0	0	
86	2.5	0	
86	3.75	0	
86	7.5	-1.25	
86	10	-1.25	
86	16.25	-3.75	
86	23.75	-3.75	
86	28.75	-3.75	
86	35	-3.75	
86	41.25	-3.75	
86	50	-3.75	
86	60	-3.75	
86	73.75	-3.75	
86	73.75	-3.75	
86	92.5	-3.75	
86	125	-3.75	
86	155	-3.75	
86	172.5	-3.75	
86	190	-5	
86	207.5	-5	
86	225	-7.5	
86	253.75	-7.5	
86	278.75	-8.75	
86	290	-8.75	
86	301.25	-11.25	
86	318.75	-11.25	
86	338.75	-12.5	
86	343.75	-15	
86	348.75	-15	
86	348.75	-15	
86	348.75	-15	
86	348.75	-15	
86	348.75	-15	
86	348.75	-15	
86	348.75	-15	
86	348.75	-15	
86	348.75	-15	
86	348.75	-15	
86	348.75	-15	
86	348.75	-15	
86	348.75	-15	
86	348.75	-15	
86	348.75	-15	
86	348.75	-15	
86	348.75	-15	
86	348.75	-15	
87	0	0	
87	0	0	
87	0	0	
87	0	0	
87	0	0	
87	0	0	
87	0	0	
87	0	0	
87	0	0	
87	0	0	
87	0	0	
87	0	0	
87	0	0	
87	0	0	
87	0	0	
87	0	0	
87	0	0	
87	0	0	
87	0	0	
87	0	0	
87	0	0	
87	0	0	
87	0	0	
87	0	0	
87	0	0	
87	0	0	
87	0	0	
87	0	0	
87	0	0	
87	0	0	
87	0	0	
87	0	0	
87	0	0	
87	0	0	
87	2.5	-2.5	
87	3.75	-2.5	
87	5	-2.5	
87	6.25	-2.5	
87	8.75	-2.5	
87	13.75	-2.5	
87	20	-3.75	
87	23.75	-3.75	
87	27.5	-3.75	
87	36.25	-3.75	
87	52.5	-6.25	
87	58.75	-6.25	
87	66.25	-3.75	
87	72.5	-3.75	
87	88.75	-6.25	
87	105	-6.25	
87	113.75	-6.25	
87	131.25	-6.25	
87	140	-6.25	
87	160	-6.25	
87	188.75	-6.25	
87	198.75	-6.25	
87	208.75	-6.25	
87	218.75	-6.25	
87	238.75	-6.25	
87	258.75	-6.25	
87	268.75	-6.25	
87	287.5	-6.25	
87	296.25	-6.25	
87	312.5	-6.25	
87	327.5	-6.25	
87	340	-6.25	
87	345	-7.5	
87	348.75	-7.5	
87	348.75	-7.5	
87	348.75	-7.5	
87	348.75	-7.5	
87	348.75	-7.5	
87	348.75	-7.5	
87	348.75	-7.5	
88	0	0	
88	0	0	
88	0	0	
88	0	0	
88	0	0	
88	0	0	
88	0	0	
88	0	0	
88	0	0	
88	0	0	
88	0	0	
88	0	0	
88	0	0	
88	0	0	
88	0	0	
88	0	0	
88	0	0	
88	0	0	
88	0	0	
88	0	0	
88	0	0	
88	0	0	
88	0	0	
88	0	0	
88	0	0	
88	0	0	
88	0	0	
88	0	0	
88	0	0	
88	0	0	
88	0	0	
88	0	0	
88	0	0	
88	0	0	
88	2.5	-2.5	
88	3.75	-2.5	
88	7.5	-2.5	
88	10	-2.5	
88	15	-2.5	
88	28.75	-2.5	
88	35	-2.5	
88	41.25	-2.5	
88	55	-2.5	
88	70	-2.5	
88	87.5	-2.5	
88	96.25	-2.5	
88	115	-2.5	
88	125	-2.5	
88	135	-2.5	
88	165	-2.5	
88	175	-2.5	
88	185	-2.5	
88	205	-2.5	
88	226.25	-2.5	
88	245	-2.5	
88	255	-3.75	
88	273.75	-6.25	
88	283.75	-6.25	
88	293.75	-6.25	
88	318.75	-10	
88	327.5	-10	
88	333.75	-10	
88	347.5	-10	
88	347.5	-10	
88	347.5	-10	
88	347.5	-10	
88	347.5	-10	
88	347.5	-10	
88	347.5	-10	
88	347.5	-10	
88	347.5	-10	
88	347.5	-10	
88	347.5	-10	
88	347.5	-10	
89	0	0	
89	0	0	
89	0	0	
89	0	0	
89	0	0	
89	0	0	
89	0	0	
89	0	0	
89	0	0	
89	0	-1.25	
89	0	-1.25	
89	0	-1.25	
89	0	-1.25	
89	0	-1.25	
89	0	-1.25	
89	0	-1.25	
89	0	-1.25	
89	0	-1.25	
89	0	-1.25	
89	0	-1.25	
89	0	-1.25	
89	0	-1.25	
89	0	-1.25	
89	0	-1.25	
89	0	-1.25	
89	0	-3.75	
89	0	-3.75	
89	0	-3.75	
89	0	-3.75	
89	0	-3.75	
89	0	-3.75	
89	-1.25	0	
89	-2.5	0	
89	-1.25	0	
89	5	0	
89	7.5	0	
89	10	0	
89	12.5	0	
89	21.25	5	
89	36.25	7.5	
89	41.25	8.75	
89	47.5	8.75	
89	60	8.75	
89	67.5	11.25	
89	90	12.5	
89	98.75	12.5	
89	107.5	12.5	
89	115	12.5	
89	133.75	15	
89	162.5	16.25	
89	162.5	16.25	
89	175	16.25	
89	190	16.25	
89	202.5	16.25	
89	235	16.25	
89	243.75	16.25	
89	253.75	15	
89	268.75	12.5	
89	275	12.5	
89	288.75	8.75	
89	292.5	8.75	
89	300	7.5	
89	303.75	5	
89	308.75	5	
89	321.25	5	
89	325	5	
89	328.75	3.75	
89	332.5	3.75	
89	338.75	0	
89	343.75	0	
89	346.25	0	
89	347.5	0	
89	347.5	0	
89	347.5	0	
90	0	0	
90	0	0	
90	0	0	
90	0	0	
90	0	0	
90	0	0	
90	0	0	
90	0	0	
90	0	0	
90	0	0	
90	0	0	
90	0	0	
90	0	0	
90	0	0	
90	0	0	
90	0	0	
90	0	0	
90	0	0	
90	0	0	
90	0	0	
90	0	0	
90	0	0	
90	0	0	
90	0	0	
90	0	0	
90	1.25	0	
90	1.25	0	
90	3.75	0	
90	5	0	
90	15	3.75	
90	18.75	3.75	
90	23.75	5	
90	28.75	5	
90	41.25	5	
90	57.5	8.75	
90	75	8.75	
90	85	11.25	
90	95	11.25	
90	106.25	12.5	
90	150	12.5	
90	161.25	15	
90	172.5	15	
90	183.75	15	
90	207.5	15	
90	230	12.5	
90	251.25	12.5	
90	260	12.5	
90	270	11.25	
90	278.75	8.75	
90	308.75	5	
90	313.75	5	
90	320	5	
90	323.75	5	
90	331.25	3.75	
90	337.5	0	
90	342.5	0	
90	343.75	0	
90	345	0	
90	346.25	0	
90	348.75	0	
90	348.75	0	
90	348.75	0	
90	348.75	0	
90	348.75	0	
90	348.75	0	
90	348.75	0	
90	348.75	0	
90	348.75	0	
90	348.75	0	
90	348.75	0	
90	348.75	0	
90	348.75	0	
90	348.75	0	
90	348.75	0	
91	0	0	
91	0	0	
91	0	0	
91	0	0	
91	0	0	
91	0	0	
91	0	0	
91	0	0	
91	0	0	
91	0	0	
91	0	0	
91	0	0	
91	0	0	
91	0	0	
91	0	0	
91	0	0	
91	0	0	
91	0	0	
91	0	0	
91	1.25	1.25	
91	2.5	1.25	
91	6.25	1.25	
91	7.5	1.25	
91	11.25	3.75	
91	22.5	5	
91	27.5	5	
91	32.5	5	
91	45	7.5	
91	51.25	8.75	
91	77.5	11.25	
91	86.25	11.25	
91	98.75	12.5	
91	98.75	12.5	
91	112.5	12.5	
91	156.25	16.25	
91	168.75	16.25	
91	181.25	16.25	
91	193.75	16.25	
91	217.5	18.75	
91	241.25	16.25	
91	251.25	16.25	
91	268.75	12.5	
91	276.25	12.5	
91	283.75	12.5	
91	301.25	8.75	
91	306.25	7.5	
91	310	5	
91	318.75	3.75	
91	321.25	3.75	
91	331.25	1.25	
91	332.5	0	
91	337.5	-3.75	
91	340	-3.75	
91	341.25	-3.75	
91	343.75	-3.75	
91	345	-3.75	
91	345	-3.75	
91	345	-3.75	
91	345	-3.75	
91	345	-3.75	
91	345	-3.75	
91	345	-3.75	
91	346.25	-3.75	
91	346.25	-3.75	
91	346.25	-3.75	
91	346.25	-3.75	
91	346.25	-5	
91	346.25	-5	
91	346.25	-5	
91	346.25	-5	
91	346.25	-5	
91	346.25	-5	
91	346.25	-5	
91	346.25	-5	
92	0	0	
92	0	0	
92	0	0	
92	0	0	
92	0	0	
92	0	0	
92	0	0	
92	0	0	
92	0	0	
92	0	0	
92	0	0	
92	0	0	
92	0	0	
92	0	0	
92	0	0	
92	0	0	
92	0	0	
92	2.5	0	
92	3.75	0	
92	10	0	
92	13.75	0	
92	21.25	3.75	
92	25	3.75	
92	25	3.75	
92	45	6.25	
92	52.5	6.25	
92	60	7.5	
92	76.25	7.5	
92	85	10	
92	112.5	11.25	
92	122.5	15	
92	142.5	16.25	
92	152.5	16.25	
92	163.75	16.25	
92	196.25	18.75	
92	207.5	18.75	
92	218.75	18.75	
92	241.25	18.75	
92	252.5	18.75	
92	282.5	16.25	
92	292.5	16.25	
92	310	11.25	
92	318.75	11.25	
92	325	11.25	
92	345	7.5	
92	345	7.5	
92	345	7.5	
92	345	7.5	
92	345	7.5	
92	345	7.5	
92	345	7.5	
92	345	7.5	
92	345	7.5	
92	345	7.5	
92	345	7.5	
92	345	7.5	
92	345	7.5	
92	345	7.5	
92	345	7.5	
92	345	7.5	
92	345	7.5	
92	345	7.5	
92	345	7.5	
92	345	7.5	
92	345	7.5	
92	345	7.5	
92	345	7.5	
92	345	7.5	
92	345	7.5	
92	345	7.5	
92	345	7.5	
92	345	7.5	
92	345	7.5	
92	345	7.5	
93	0	0	
93	0	0	
93	0	0	
93	0	0	
93	0	0	
93	0	0	
93	0	0	
93	0	0	
93	0	0	
93	0	0	
93	0	0	
93	0	0	
93	0	0	
93	0	0	
93	0	0	
93	0	0	
93	0	0	
93	1.25	0	
93	5	0	
93	11.25	0	
93	13.75	0	
93	22.5	2.5	
93	26.25	2.5	
93	31.25	2.5	
93	47.5	2.5	
93	53.75	2.5	
93	60	2.5	
93	75	3.75	
93	91.25	3.75	
93	107.5	6.25	
93	117.5	6.25	
93	135	7.5	
93	145	7.5	
93	153.75	7.5	
93	183.75	7.5	
93	195	7.5	
93	205	7.5	
93	226.25	7.5	
93	247.5	7.5	
93	268.75	6.25	
93	278.75	6.25	
93	297.5	3.75	
93	307.5	3.75	
93	315	2.5	
93	338.75	0	
93	345	0	
93	345	0	
93	345	0	
93	345	0	
93	345	0	
93	345	0	
93	345	0	
93	345	0	
93	345	0	
93	345	0	
93	345	0	
93	345	0	
93	345	0	
93	345	0	
93	345	0	
93	345	0	
93	345	0	
93	345	0	
93	345	0	
93	345	0	
93	345	0	
93	345	0	
93	345	0	
93	345	0	
93	345	0	
93	345	0	
93	345	0	
93	345	0	
93	345	0	
94	0	0	
94	0	0	
94	0	0	
94	0	0	
94	0	0	
94	0	0	
94	0	0	
94	0	0	
94	0	0	
94	0	0	
94	0	0	
94	0	0	
94	0	0	
94	0	0	
94	0	0	
94	0	0	
94	0	0	
94	0	0	
94	0	0	
94	0	0	
94	0	0	
94	1.25	0	
94	2.5	0	
94	5	0	
94	10	2.5	
94	17.5	3.75	
94	21.25	3.75	
94	25	3.75	
94	35	6.25	
94	52.5	7.5	
94	61.25	7.5	
94	67.5	10	
94	83.75	11.25	
94	92.5	11.25	
94	112.5	13.75	
94	121.25	13.75	
94	135	15	
94	148.75	15	
94	165	15	
94	193.75	15	
94	212.5	15	
94	228.75	13.75	
94	243.75	11.25	
94	270	11.25	
94	292.5	10	
94	312.5	7.5	
94	321.25	7.5	
94	328.75	7.5	
94	345	3.75	
94	345	3.75	
94	345	3.75	
94	345	3.75	
94	345	3.75	
94	345	3.75	
94	345	3.75	
94	345	3.75	
94	345	3.75	
94	345	3.75	
94	345	3.75	
94	345	3.75	
94	345	3.75	
94	345	3.75	
94	345	3.75	
94	345	3.75	
94	345	3.75	
94	345	3.75	
94	345	3.75	
94	345	3.75	
94	345	3.75	
94	345	3.75	
94	345	3.75	
94	345	3.75	
94	345	3.75	
94	345	3.75	
95	0	0	
95	0	0	
95	0	0	
95	0	0	
95	0	0	
95	0	0	
95	0	0	
95	0	0	
95	0	0	
95	0	0	
95	0	0	
95	0	0	
95	0	0	
95	0	0	
95	0	0	
95	0	0	
95	0	0	
95	0	0	
95	3.75	0	
95	11.25	2.5	
95	21.25	3.75	
95	27.5	3.75	
95	35	3.75	
95	45	3.75	
95	76.25	7.5	
95	88.75	7.5	
95	102.5	7.5	
95	130	6.25	
95	158.75	3.75	
95	187.5	3.75	
95	201.25	2.5	
95	228.75	0	
95	241.25	-1.25	
95	252.5	-3.75	
95	281.25	-7.5	
95	290	-7.5	
95	297.5	-8.75	
95	308.75	-11.25	
95	318.75	-12.5	
95	326.25	-15	
95	328.75	-15	
95	332.5	-15	
95	333.75	-15	
95	335	-15	
95	336.25	-15	
95	336.25	-15	
95	336.25	-15	
95	336.25	-15	
95	336.25	-15	
95	336.25	-15	
95	336.25	-15	
95	336.25	-15	
95	336.25	-15	
95	336.25	-15	
95	336.25	-15	
95	336.25	-15	
95	336.25	-15	
95	336.25	-15	
95	336.25	-15	
95	336.25	-15	
95	336.25	-15	
95	336.25	-15	
95	336.25	-15	
95	336.25	-15	
95	336.25	-15	
95	336.25	-15	
95	336.25	-15	
95	336.25	-15	
95	336.25	-15	
95	336.25	-15	
95	336.25	-15	
95	336.25	-15	
95	336.25	-15	
95	336.25	-15	
96	0	0	
96	0	0	
96	0	0	
96	0	0	
96	0	0	
96	0	0	
96	0	0	
96	0	0	
96	0	0	
96	0	0	
96	0	0	
96	0	0	
96	0	0	
96	0	0	
96	0	0	
96	0	0	
96	0	0	
96	1.25	0	
96	3.75	0	
96	15	0	
96	20	2.5	
96	27.5	2.5	
96	35	2.5	
96	51.25	3.75	
96	72.5	3.75	
96	96.25	3.75	
96	108.75	3.75	
96	122.5	6.25	
96	150	6.25	
96	192.5	6.25	
96	205	6.25	
96	218.75	6.25	
96	231.25	3.75	
96	253.75	3.75	
96	272.5	0	
96	288.75	0	
96	295	-1.25	
96	300	-1.25	
96	307.5	-3.75	
96	313.75	-3.75	
96	313.75	-3.75	
96	315	-3.75	
96	315	-3.75	
96	315	-3.75	
96	316.25	-3.75	
96	316.25	-3.75	
96	316.25	-3.75	
96	316.25	-3.75	
96	316.25	-3.75	
96	316.25	-3.75	
96	317.5	-3.75	
96	317.5	-3.75	
96	320	-3.75	
96	321.25	-3.75	
96	325	-1.25	
96	326.25	-1.25	
96	327.5	-1.25	
96	328.75	-1.25	
96	330	-1.25	
96	332.5	0	
96	336.25	0	
96	337.5	0	
96	340	0	
96	342.5	0	
96	345	0	
96	346.25	0	
96	347.5	0	
96	347.5	0	
96	347.5	0	
96	347.5	0	
96	347.5	0	
96	347.5	0	
96	347.5	0	
96	347.5	0	
