66
190
20
153
132
162
144
114
133
46
60
111
74
193
152
173
62
38
200
1
137
161
21
141
255
28
225
242
215
119
73
37
79
223
192
3
171
82
157
71
69
236
241
27
118
140
185
259
220
174
181
209
166
49
235
164
36
227
6
87
68
9
130
205
243
96
65
63
41
29
19
138
91
93
147
44
182
201
160
256
217
232
113
263
260
117
112
249
253
169
30
150
244
254
203
159
88
221
247
106
158
127
32
86
94
101
125
105
56
208
108
5
211
187
184
229
228
89
204
163
17
167
61
172
151
42
170
210
264
98
116
110
58
155
178
39
95
51
257
245
70
67
240
81
202
194
186
47
213
142
4
48
222
188
165
25
109
57
83
123
238
177
72
179
197
107
126
237
219
262
206
124
8
77
102
33
156
115
216
134
226
76
75
234
136
90
168
53
99
84
31
191
214
2
78
218
230
13
146
7
233
261
104
139
15
143
231
10
16
198
189
50
11
18
103
85
248
55
22
239
100
199
145
59
207
149
40
154
180
45
129
175
121
183
131
120
92
176
24
23
128
258
12
135
122
195
35
250
43
34
196
212
80
97
148
14
224
252
64
26
251
52
246
54
