241
124
245
75
206
190
95
172
19
27
102
156
253
176
89
161
160
199
167
46
155
4
70
94
80
96
123
8
45
136
43
238
151
178
130
120
38
47
147
20
175
98
59
215
170
242
143
232
157
180
91
234
58
88
54
235
76
52
67
256
13
150
84
210
153
140
117
21
259
25
191
104
158
152
18
1
36
12
264
33
118
107
56
240
187
237
250
194
174
35
31
110
29
247
128
121
201
171
114
60
164
103
23
214
229
173
255
129
132
11
231
207
57
26
135
41
159
61
63
202
183
142
72
218
181
109
262
228
133
53
149
148
48
16
7
49
186
258
163
93
44
141
177
55
32
227
3
42
168
204
203
144
254
193
195
192
69
82
213
166
50
257
188
77
22
62
162
99
146
79
224
196
78
17
248
108
39
200
212
226
74
73
30
101
220
169
28
14
233
230
139
24
243
111
127
244
105
5
239
97
112
184
208
106
219
115
134
185
126
261
87
205
131
113
37
85
71
2
198
83
225
236
64
182
221
65
9
34
260
189
92
10
40
51
66
211
86
145
138
68
252
222
216
197
154
246
90
122
100
179
217
137
165
15
119
125
263
249
209
251
81
116
6
223
