245
158
92
174
54
148
118
187
196
193
112
5
34
106
153
58
50
133
109
102
6
67
233
132
44
254
49
113
12
216
231
8
209
114
123
53
84
130
154
41
76
136
29
261
28
197
223
243
42
103
24
93
32
110
119
221
129
244
155
179
177
259
222
89
10
46
203
52
98
63
191
239
217
30
161
242
77
249
236
255
162
99
199
138
210
45
192
140
225
62
202
252
128
166
47
17
80
251
117
37
38
11
149
200
101
100
240
220
124
169
91
122
43
64
224
188
105
25
257
211
163
61
143
57
70
51
23
111
178
180
152
207
13
160
190
189
247
97
96
235
248
198
175
194
131
19
31
144
48
256
227
176
14
195
213
1
146
2
85
56
4
157
104
141
172
3
237
121
83
215
68
116
219
241
65
253
126
33
184
60
87
206
59
88
183
16
127
156
164
230
75
73
173
108
55
214
171
27
81
72
147
258
201
94
151
250
182
181
234
170
226
246
120
21
7
15
90
9
74
20
35
212
78
150
264
260
229
39
204
218
36
82
165
107
228
40
125
262
142
159
115
137
134
69
263
139
167
145
22
26
185
18
205
86
66
186
168
238
79
135
232
71
208
95
