5
60
72
79
22
46
234
202
6
146
237
169
30
211
255
64
163
74
36
180
48
17
113
150
50
251
258
103
182
185
250
228
127
95
264
100
198
134
217
112
142
58
194
47
241
208
37
215
152
126
88
26
12
137
257
235
117
130
55
135
204
242
261
177
178
35
151
199
31
59
214
51
181
125
8
226
70
106
1
222
219
39
184
89
159
175
108
179
220
98
115
263
187
239
153
259
42
252
27
141
96
148
200
243
107
247
94
174
7
155
190
28
85
223
82
183
131
161
225
20
67
116
87
136
143
231
16
43
83
54
57
62
34
78
165
81
193
213
188
173
260
170
101
93
244
133
84
196
147
256
132
144
69
145
9
40
203
14
230
80
201
140
65
75
205
32
172
10
233
124
122
192
19
73
49
209
18
109
221
160
119
167
105
218
66
224
191
23
92
110
128
53
2
52
21
162
4
29
121
157
45
13
254
206
99
189
120
253
207
197
240
212
114
158
229
76
86
123
154
68
139
186
164
104
149
171
61
25
41
245
156
63
195
56
97
77
232
168
262
129
238
246
111
236
91
3
71
210
102
38
11
24
33
249
248
90
138
176
44
216
15
118
166
227
