44
126
185
86
137
7
43
63
206
82
216
196
74
35
233
65
141
120
247
79
15
114
156
166
222
11
58
210
37
244
22
260
241
68
64
144
200
125
70
263
234
208
77
71
252
240
187
60
140
123
239
249
72
262
20
183
51
92
184
30
113
90
116
112
205
76
256
75
214
179
119
102
105
157
211
3
264
145
42
195
1
89
25
23
191
56
237
115
117
219
177
87
148
261
229
73
39
165
238
218
109
215
83
66
149
146
101
41
131
235
88
160
136
220
10
134
139
57
172
16
182
122
202
254
8
151
85
31
228
110
118
190
81
253
255
170
40
50
124
158
227
186
248
133
9
153
162
154
213
189
258
78
80
150
193
180
209
155
152
173
138
174
212
231
198
94
27
225
5
178
257
217
230
52
34
171
127
107
192
242
130
93
62
201
53
188
223
207
103
19
224
95
167
203
197
175
13
46
164
48
243
108
246
59
54
194
181
18
163
97
55
226
259
221
142
143
169
33
96
251
176
121
106
47
32
135
147
14
38
69
49
168
236
67
232
100
24
129
204
26
104
245
98
21
99
36
111
45
2
91
161
29
28
61
17
84
159
132
12
199
250
4
128
6
