6
168
59
234
48
260
64
201
162
102
148
3
37
261
38
91
225
219
264
212
186
65
85
116
125
169
84
251
61
77
86
154
152
32
123
72
171
181
180
129
93
185
259
78
44
167
216
233
82
203
241
40
249
137
254
136
11
73
195
112
12
239
66
210
9
228
8
24
187
178
20
18
68
145
147
7
165
28
21
134
54
46
179
14
204
23
67
113
199
104
51
156
109
114
161
92
192
108
197
75
63
95
149
119
39
215
31
202
166
127
110
140
163
213
262
223
208
184
236
205
135
176
124
157
88
246
53
1
177
138
183
4
193
218
256
26
111
16
126
238
17
255
189
200
15
153
217
245
13
159
252
80
244
250
143
160
133
263
248
27
132
10
105
164
229
232
194
227
74
144
122
172
142
131
224
130
226
196
158
70
240
146
41
170
79
115
89
209
211
191
62
253
107
34
76
2
258
49
42
214
151
58
237
222
120
98
29
257
100
198
231
206
243
235
188
71
25
121
230
242
47
52
182
19
173
103
22
50
35
150
57
221
207
220
45
60
139
55
99
175
83
101
190
69
87
106
30
155
81
174
36
96
247
118
43
56
97
90
117
141
128
5
94
33
