82
91
215
169
154
46
4
230
99
59
247
119
107
114
155
120
74
109
189
17
85
208
181
180
40
24
246
218
207
199
195
202
67
209
83
233
158
55
159
222
142
93
173
47
16
212
243
145
201
71
140
165
14
232
167
138
254
231
34
217
177
133
49
194
123
70
25
18
131
249
103
35
251
65
187
64
179
136
252
81
253
98
28
151
211
37
126
22
262
21
216
150
9
235
44
175
42
5
135
54
108
58
63
139
220
27
162
172
244
57
100
166
153
260
157
96
77
122
26
178
205
200
52
239
240
137
227
125
213
41
88
198
255
226
219
36
214
141
87
229
66
104
124
97
223
127
134
76
8
2
1
50
15
73
45
110
39
48
163
95
164
38
143
256
188
257
168
61
62
184
225
144
56
51
72
185
11
13
23
117
31
250
221
89
68
182
112
264
148
203
78
7
12
204
115
161
197
258
193
102
147
69
160
263
146
105
129
80
192
53
186
86
106
30
228
261
241
259
130
237
242
174
32
94
236
238
79
156
190
149
191
128
176
210
101
29
92
33
206
196
10
234
224
75
3
245
248
43
170
111
132
116
183
60
84
19
113
90
121
171
6
118
20
152
