Trial	X	Y
Trial	X	Y
1	0	0	
1	0	0	
1	0	0	
1	0	0	
1	0	0	
1	0	0	
1	0	0	
1	0	0	
1	0	0	
1	0	0	
1	0	0	
1	0	0	
1	0	0	
1	0	0	
1	0	0	
1	0	0	
1	0	0	
1	0	0	
1	0	0	
1	0	0	
1	0	0	
1	0	0	
1	0	0	
1	0	0	
1	0	0	
1	0	0	
1	0	0	
1	0	0	
1	0	0	
1	0	0	
1	0	0	
1	0	0	
1	0	0	
1	0	0	
1	0	0	
1	0	0	
1	0	0	
1	0	0	
1	0	0	
1	0	0	
1	0	0	
1	0	0	
1	0	0	
1	0	0	
1	0	0	
1	0	0	
1	0	0	
1	0	0	
1	0	0	
1	0	0	
1	0	0	
1	0	0	
1	0	0	
1	0	0	
1	0	0	
1	0	0	
1	0	0	
1	0	0	
1	0	0	
1	0	0	
1	0	0	
1	0	0	
1	0	0	
1	0	0	
1	0	0	
1	0	0	
1	0	0	
1	0	0	
1	0	0	
1	0	0	
1	0	0	
1	0	0	
1	0	0	
1	0	0	
2	0	0	
2	0	0	
2	0	0	
2	0	0	
2	21.25	-51.25	
2	21.25	-51.25	
2	21.25	-51.25	
2	21.25	-51.25	
2	21.25	-51.25	
2	21.25	-51.25	
2	21.25	-51.25	
2	142.5	-81.25	
2	148.75	-77.5	
2	158.75	-67.5	
2	162.5	-66.25	
2	162.5	-66.25	
2	162.5	-66.25	
2	158.75	-62.5	
2	158.75	-63.75	
2	153.75	-66.25	
2	147.5	-66.25	
2	142.5	-66.25	
2	135	-66.25	
2	115	-70	
2	108.75	-70	
2	102.5	-70	
2	102.5	-70	
2	107.5	-70	
2	127.5	-70	
2	147.5	-66.25	
2	157.5	-62.5	
2	166.25	-58.75	
2	173.75	-58.75	
2	181.25	-51.25	
2	180	-52.5	
2	175	-55	
2	162.5	-55	
2	156.25	-56.25	
2	135	-60	
2	126.25	-62.5	
2	120	-63.75	
2	108.75	-67.5	
2	105	-70	
2	105	-70	
2	105	-70	
2	105	-70	
2	105	-70	
2	105	-70	
2	105	-70	
2	105	-70	
2	105	-70	
2	83.75	-77.5	
2	88.75	-66.25	
2	106.25	-32.5	
2	111.25	-21.25	
2	111.25	-21.25	
2	111.25	-21.25	
2	111.25	-21.25	
2	111.25	-21.25	
2	111.25	-21.25	
2	111.25	-21.25	
2	111.25	-21.25	
2	111.25	-21.25	
2	111.25	-21.25	
2	111.25	-21.25	
2	111.25	-21.25	
2	111.25	-21.25	
2	111.25	-21.25	
2	127.5	46.25	
2	127.5	46.25	
2	127.5	46.25	
2	127.5	46.25	
2	118.75	38.75	
2	120	31.25	
3	0	0	
3	0	0	
3	0	0	
3	0	0	
3	0	0	
3	0	0	
3	0	0	
3	0	0	
3	0	0	
3	0	0	
3	0	0	
3	0	0	
3	0	0	
3	0	0	
3	0	0	
3	0	0	
3	0	0	
3	0	0	
3	0	0	
3	0	0	
3	0	0	
3	0	0	
3	0	0	
3	0	0	
3	0	0	
3	0	0	
3	0	0	
3	0	0	
3	0	0	
3	0	0	
3	0	0	
3	0	0	
3	0	-1.25	
3	10	6.25	
3	13.75	6.25	
3	15	6.25	
3	20	6.25	
3	21.25	6.25	
3	26.25	5	
3	31.25	2.5	
3	33.75	2.5	
3	36.25	2.5	
3	40	1.25	
3	40	1.25	
3	40	1.25	
3	40	1.25	
3	40	1.25	
3	40	1.25	
3	70	-6.25	
3	73.75	-6.25	
3	76.25	-8.75	
3	78.75	-8.75	
3	83.75	-8.75	
3	91.25	-8.75	
3	93.75	-8.75	
3	96.25	-8.75	
3	103.75	-10	
3	106.25	-10	
3	112.5	-10	
3	120	-10	
3	123.75	-10	
3	127.5	-10	
3	135	-10	
3	146.25	-10	
3	150	-10	
3	152.5	-12.5	
3	161.25	-12.5	
3	165	-12.5	
3	172.5	-12.5	
3	180	-12.5	
3	185	-12.5	
3	188.75	-12.5	
3	191.25	-13.75	
3	202.5	-13.75	
4	0	0	
4	0	0	
4	0	0	
4	0	0	
4	0	0	
4	0	0	
4	0	0	
4	0	0	
4	0	0	
4	0	0	
4	0	0	
4	0	0	
4	0	0	
4	0	0	
4	0	0	
4	0	0	
4	0	0	
4	0	2.5	
4	5	2.5	
4	8.75	3.75	
4	17.5	3.75	
4	30	3.75	
4	36.25	3.75	
4	58.75	3.75	
4	66.25	3.75	
4	75	3.75	
4	83.75	3.75	
4	101.25	0	
4	118.75	-1.25	
4	127.5	-3.75	
4	142.5	-7.5	
4	158.75	-12.5	
4	166.25	-15	
4	180	-18.75	
4	188.75	-20	
4	196.25	-22.5	
4	211.25	-23.75	
4	218.75	-26.25	
4	233.75	-30	
4	247.5	-31.25	
4	256.25	-33.75	
4	270	-33.75	
4	276.25	-35	
4	295	-37.5	
4	300	-35	
4	306.25	-35	
4	311.25	-33.75	
4	321.25	-33.75	
4	331.25	-30	
4	340	-26.25	
4	345	-26.25	
4	345	-26.25	
4	345	-26.25	
4	345	-26.25	
4	345	-26.25	
4	345	-26.25	
4	345	-26.25	
4	345	-26.25	
4	345	-26.25	
4	345	-26.25	
4	345	-26.25	
4	345	-26.25	
4	345	-26.25	
4	345	-26.25	
4	345	-26.25	
4	345	-26.25	
4	345	-26.25	
4	345	-26.25	
4	345	-26.25	
4	345	-26.25	
4	345	-26.25	
4	345	-26.25	
4	345	-26.25	
4	345	-26.25	
5	0	0	
5	0	0	
5	0	-1.25	
5	2.5	-3.75	
5	3.75	-5	
5	3.75	-7.5	
5	3.75	-7.5	
5	3.75	-7.5	
5	0	-1.25	
5	-3.75	0	
5	-5	0	
5	-5	0	
5	-11.25	2.5	
5	-11.25	2.5	
5	-11.25	2.5	
5	-11.25	2.5	
5	-11.25	2.5	
5	-11.25	2.5	
5	-11.25	2.5	
5	-11.25	2.5	
5	-11.25	2.5	
5	-11.25	2.5	
5	-11.25	2.5	
5	-11.25	2.5	
5	-11.25	2.5	
5	-11.25	2.5	
5	-11.25	2.5	
5	-11.25	2.5	
5	-48.75	18.75	
5	-47.5	18.75	
5	-47.5	18.75	
5	-46.25	17.5	
5	-46.25	17.5	
5	-42.5	18.75	
5	-38.75	18.75	
5	-35	18.75	
5	-21.25	22.5	
5	-12.5	22.5	
5	18.75	26.25	
5	30	25	
5	56.25	22.5	
5	68.75	22.5	
5	83.75	21.25	
5	123.75	15	
5	136.25	11.25	
5	147.5	10	
5	170	3.75	
5	180	2.5	
5	203.75	-3.75	
5	210	-5	
5	217.5	-7.5	
5	220	-7.5	
5	222.5	-7.5	
5	227.5	-11.25	
5	228.75	-11.25	
5	231.25	-11.25	
5	240	-11.25	
5	245	-8.75	
5	265	-5	
5	271.25	-3.75	
5	282.5	-1.25	
5	290	0	
5	295	0	
5	312.5	7.5	
5	317.5	7.5	
5	323.75	11.25	
5	332.5	13.75	
5	336.25	15	
5	343.75	15	
5	346.25	15	
5	347.5	15	
5	348.75	15	
5	348.75	15	
5	348.75	15	
6	0	0	
6	0	0	
6	0	0	
6	0	0	
6	0	0	
6	0	0	
6	0	0	
6	0	0	
6	0	0	
6	0	0	
6	0	0	
6	0	0	
6	0	0	
6	0	0	
6	0	0	
6	0	0	
6	0	0	
6	0	0	
6	0	0	
6	0	0	
6	0	0	
6	1.25	1.25	
6	1.25	1.25	
6	11.25	5	
6	17.5	5	
6	28.75	5	
6	43.75	1.25	
6	52.5	1.25	
6	71.25	-2.5	
6	91.25	-6.25	
6	100	-7.5	
6	111.25	-10	
6	121.25	-13.75	
6	153.75	-21.25	
6	165	-22.5	
6	187.5	-26.25	
6	198.75	-28.75	
6	221.25	-32.5	
6	242.5	-32.5	
6	262.5	-32.5	
6	272.5	-32.5	
6	281.25	-32.5	
6	290	-32.5	
6	315	-28.75	
6	321.25	-28.75	
6	327.5	-26.25	
6	336.25	-25	
6	338.75	-25	
6	345	-22.5	
6	346.25	-22.5	
6	346.25	-22.5	
6	347.5	-22.5	
6	347.5	-22.5	
6	348.75	-21.25	
6	348.75	-21.25	
6	348.75	-21.25	
6	348.75	-21.25	
6	348.75	-21.25	
6	348.75	-21.25	
6	348.75	-21.25	
6	348.75	-21.25	
6	348.75	-21.25	
6	348.75	-21.25	
6	348.75	-21.25	
6	348.75	-21.25	
6	348.75	-21.25	
6	348.75	-21.25	
6	348.75	-21.25	
6	348.75	-21.25	
6	348.75	-21.25	
6	348.75	-21.25	
6	348.75	-21.25	
6	348.75	-21.25	
6	348.75	-21.25	
7	0	0	
7	0	0	
7	0	0	
7	0	0	
7	0	0	
7	0	0	
7	0	0	
7	0	0	
7	0	1.25	
7	0	1.25	
7	0	1.25	
7	-1.25	1.25	
7	-1.25	1.25	
7	-1.25	1.25	
7	-1.25	1.25	
7	-1.25	1.25	
7	-1.25	1.25	
7	-1.25	1.25	
7	-1.25	1.25	
7	-1.25	1.25	
7	-1.25	1.25	
7	0	3.75	
7	1.25	3.75	
7	1.25	3.75	
7	1.25	3.75	
7	1.25	3.75	
7	1.25	3.75	
7	1.25	3.75	
7	1.25	3.75	
7	1.25	3.75	
7	1.25	3.75	
7	2.5	5	
7	2.5	5	
7	2.5	5	
7	2.5	5	
7	2.5	5	
7	2.5	5	
7	2.5	5	
7	2.5	5	
7	2.5	5	
7	2.5	5	
7	2.5	5	
7	3.75	5	
7	5	5	
7	5	5	
7	5	5	
7	5	5	
7	5	5	
7	5	5	
7	5	5	
7	5	5	
7	5	5	
7	5	5	
7	11.25	5	
7	16.25	5	
7	21.25	5	
7	36.25	5	
7	46.25	5	
7	77.5	5	
7	88.75	5	
7	101.25	5	
7	112.5	5	
7	135	1.25	
7	167.5	-2.5	
7	178.75	-6.25	
7	188.75	-6.25	
7	208.75	-10	
7	220	-10	
7	250	-10	
7	260	-10	
7	270	-10	
7	280	-10	
7	300	-7.5	
7	328.75	-6.25	
8	0	0	
8	0	0	
8	0	0	
8	0	0	
8	0	0	
8	0	0	
8	0	0	
8	0	0	
8	0	0	
8	0	0	
8	0	0	
8	0	0	
8	0	0	
8	0	0	
8	0	0	
8	0	0	
8	0	0	
8	0	0	
8	0	0	
8	0	0	
8	1.25	0	
8	6.25	0	
8	11.25	0	
8	23.75	0	
8	42.5	0	
8	52.5	3.75	
8	65	5	
8	92.5	5	
8	112.5	5	
8	131.25	3.75	
8	168.75	-1.25	
8	205	-5	
8	222.5	-7.5	
8	256.25	-12.5	
8	287.5	-18.75	
8	302.5	-18.75	
8	316.25	-22.5	
8	328.75	-22.5	
8	348.75	-26.25	
8	348.75	-26.25	
8	348.75	-26.25	
8	348.75	-26.25	
8	348.75	-26.25	
8	348.75	-26.25	
8	348.75	-26.25	
8	348.75	-26.25	
8	348.75	-26.25	
8	348.75	-26.25	
8	348.75	-26.25	
8	348.75	-26.25	
8	348.75	-26.25	
8	348.75	-26.25	
8	348.75	-26.25	
8	348.75	-26.25	
8	348.75	-26.25	
8	348.75	-26.25	
8	348.75	-26.25	
8	348.75	-26.25	
8	348.75	-26.25	
8	348.75	-26.25	
8	348.75	-26.25	
8	348.75	-26.25	
8	348.75	-26.25	
8	348.75	-26.25	
8	348.75	-26.25	
8	348.75	-26.25	
8	348.75	-26.25	
8	348.75	-26.25	
8	348.75	-26.25	
8	348.75	-26.25	
8	348.75	-26.25	
8	348.75	-26.25	
8	348.75	-26.25	
8	348.75	-26.25	
9	0	0	
9	0	0	
9	0	0	
9	0	0	
9	0	0	
9	0	0	
9	0	0	
9	0	0	
9	0	0	
9	0	0	
9	0	0	
9	0	0	
9	0	0	
9	0	0	
9	0	0	
9	0	0	
9	0	0	
9	0	0	
9	0	0	
9	0	0	
9	0	0	
9	0	0	
9	0	0	
9	1.25	2.5	
9	3.75	2.5	
9	12.5	3.75	
9	18.75	3.75	
9	27.5	3.75	
9	65	3.75	
9	98.75	3.75	
9	116.25	3.75	
9	136.25	6.25	
9	156.25	6.25	
9	217.5	6.25	
9	236.25	6.25	
9	270	3.75	
9	283.75	0	
9	298.75	0	
9	331.25	-3.75	
9	348.75	-3.75	
9	348.75	-3.75	
9	348.75	-3.75	
9	348.75	-3.75	
9	348.75	-3.75	
9	348.75	-3.75	
9	348.75	-3.75	
9	348.75	-3.75	
9	348.75	-3.75	
9	348.75	-3.75	
9	348.75	-3.75	
9	348.75	-3.75	
9	348.75	-3.75	
9	348.75	-3.75	
9	348.75	-3.75	
9	348.75	-3.75	
9	348.75	-3.75	
9	348.75	-3.75	
9	348.75	-3.75	
9	348.75	-3.75	
9	348.75	-3.75	
9	348.75	-3.75	
9	348.75	-3.75	
9	348.75	-3.75	
9	348.75	-3.75	
9	348.75	-3.75	
9	348.75	-3.75	
9	348.75	-3.75	
9	348.75	-3.75	
9	348.75	-3.75	
9	348.75	-3.75	
9	348.75	-3.75	
9	348.75	-3.75	
9	348.75	-3.75	
9	348.75	-3.75	
10	0	0	
10	0	0	
10	0	0	
10	0	0	
10	0	0	
10	0	0	
10	0	0	
10	0	0	
10	0	0	
10	0	0	
10	0	0	
10	0	0	
10	0	0	
10	0	0	
10	0	0	
10	0	0	
10	0	0	
10	0	0	
10	0	0	
10	0	0	
10	0	0	
10	0	0	
10	0	0	
10	0	0	
10	2.5	0	
10	11.25	1.25	
10	18.75	1.25	
10	26.25	3.75	
10	58.75	8.75	
10	72.5	11.25	
10	87.5	12.5	
10	118.75	16.25	
10	135	16.25	
10	187.5	12.5	
10	205	11.25	
10	238.75	5	
10	255	3.75	
10	270	1.25	
10	312.5	-7.5	
10	323.75	-10	
10	336.25	-13.75	
10	336.25	-13.75	
10	336.25	-13.75	
10	336.25	-13.75	
10	336.25	-13.75	
10	336.25	-13.75	
10	336.25	-13.75	
10	336.25	-13.75	
10	336.25	-13.75	
10	336.25	-13.75	
10	336.25	-13.75	
10	336.25	-13.75	
10	336.25	-13.75	
10	336.25	-13.75	
10	336.25	-13.75	
10	336.25	-13.75	
10	336.25	-13.75	
10	336.25	-13.75	
10	336.25	-13.75	
10	336.25	-13.75	
10	336.25	-13.75	
10	336.25	-13.75	
10	336.25	-13.75	
10	336.25	-13.75	
10	336.25	-13.75	
10	336.25	-13.75	
10	336.25	-13.75	
10	336.25	-13.75	
10	336.25	-13.75	
10	336.25	-13.75	
10	336.25	-13.75	
10	336.25	-13.75	
10	336.25	-13.75	
10	336.25	-13.75	
11	0	0	
11	0	-2.5	
11	0	-3.75	
11	-1.25	-7.5	
11	-2.5	-10	
11	-2.5	-13.75	
11	-3.75	-21.25	
11	-5	-25	
11	-7.5	-32.5	
11	-8.75	-33.75	
11	-8.75	-36.25	
11	-8.75	-36.25	
11	-8.75	-37.5	
11	-8.75	-37.5	
11	-8.75	-37.5	
11	-8.75	-37.5	
11	-8.75	-37.5	
11	-8.75	-37.5	
11	-8.75	-37.5	
11	-8.75	-37.5	
11	-8.75	-37.5	
11	-8.75	-37.5	
11	-8.75	-37.5	
11	-8.75	-40	
11	-8.75	-40	
11	-8.75	-40	
11	-8.75	-40	
11	-8.75	-40	
11	-7.5	-36.25	
11	0	-28.75	
11	7.5	-25	
11	17.5	-21.25	
11	42.5	-13.75	
11	97.5	-6.25	
11	118.75	-6.25	
11	141.25	-3.75	
11	187.5	-2.5	
11	210	-2.5	
11	252.5	-3.75	
11	288.75	-6.25	
11	303.75	-10	
11	317.5	-10	
11	340	-13.75	
11	348.75	-13.75	
11	348.75	-13.75	
11	348.75	-13.75	
11	348.75	-13.75	
11	348.75	-13.75	
11	348.75	-13.75	
11	348.75	-13.75	
11	348.75	-13.75	
11	348.75	-13.75	
11	348.75	-13.75	
11	348.75	-13.75	
11	348.75	-13.75	
11	348.75	-13.75	
11	348.75	-13.75	
11	348.75	-13.75	
11	348.75	-13.75	
11	348.75	-13.75	
11	348.75	-13.75	
11	348.75	-13.75	
11	348.75	-13.75	
11	348.75	-13.75	
11	348.75	-13.75	
11	348.75	-13.75	
11	348.75	-13.75	
11	348.75	-13.75	
11	348.75	-13.75	
11	348.75	-13.75	
11	348.75	-13.75	
11	348.75	-13.75	
11	348.75	-13.75	
11	348.75	-13.75	
12	0	0	
12	0	0	
12	0	0	
12	0	0	
12	0	0	
12	0	0	
12	0	0	
12	0	0	
12	0	0	
12	0	0	
12	0	0	
12	0	0	
12	0	0	
12	0	0	
12	0	0	
12	0	0	
12	0	0	
12	1.25	0	
12	6.25	3.75	
12	17.5	10	
12	25	11.25	
12	45	17.5	
12	57.5	18.75	
12	87.5	25	
12	121.25	26.25	
12	138.75	28.75	
12	156.25	28.75	
12	193.75	26.25	
12	228.75	22.5	
12	263.75	18.75	
12	278.75	15	
12	308.75	10	
12	322.5	7.5	
12	346.25	3.75	
12	346.25	3.75	
12	346.25	3.75	
12	346.25	3.75	
12	346.25	3.75	
12	346.25	3.75	
12	346.25	3.75	
12	346.25	3.75	
12	346.25	3.75	
12	346.25	3.75	
12	346.25	3.75	
12	346.25	3.75	
12	346.25	3.75	
12	346.25	3.75	
12	346.25	3.75	
12	346.25	3.75	
12	346.25	3.75	
12	346.25	3.75	
12	346.25	3.75	
12	346.25	3.75	
12	346.25	3.75	
12	346.25	3.75	
12	346.25	3.75	
12	346.25	3.75	
12	346.25	3.75	
12	346.25	3.75	
12	346.25	3.75	
12	346.25	3.75	
12	346.25	3.75	
12	346.25	3.75	
12	346.25	3.75	
12	346.25	3.75	
12	346.25	3.75	
12	346.25	3.75	
12	346.25	3.75	
12	346.25	3.75	
12	346.25	3.75	
12	346.25	3.75	
12	346.25	3.75	
12	346.25	3.75	
12	346.25	3.75	
13	0	0	
13	0	0	
13	0	0	
13	0	0	
13	0	0	
13	0	0	
13	0	0	
13	0	0	
13	0	0	
13	0	0	
13	0	0	
13	0	0	
13	0	0	
13	0	0	
13	0	0	
13	0	0	
13	0	0	
13	0	0	
13	2.5	0	
13	6.25	0	
13	22.5	0	
13	35	2.5	
13	48.75	3.75	
13	107.5	6.25	
13	130	6.25	
13	152.5	3.75	
13	198.75	0	
13	221.25	-3.75	
13	280	-12.5	
13	295	-15	
13	321.25	-18.75	
13	331.25	-20	
13	337.5	-22.5	
13	343.75	-22.5	
13	343.75	-22.5	
13	343.75	-22.5	
13	343.75	-22.5	
13	343.75	-22.5	
13	343.75	-22.5	
13	343.75	-22.5	
13	343.75	-22.5	
13	343.75	-22.5	
13	343.75	-22.5	
13	343.75	-22.5	
13	343.75	-22.5	
13	343.75	-22.5	
13	343.75	-22.5	
13	343.75	-22.5	
13	343.75	-22.5	
13	343.75	-22.5	
13	343.75	-22.5	
13	343.75	-22.5	
13	343.75	-22.5	
13	343.75	-22.5	
13	343.75	-22.5	
13	343.75	-22.5	
13	343.75	-22.5	
13	343.75	-22.5	
13	343.75	-22.5	
13	343.75	-22.5	
13	343.75	-22.5	
13	343.75	-22.5	
13	343.75	-22.5	
13	343.75	-22.5	
13	343.75	-22.5	
13	343.75	-22.5	
13	343.75	-22.5	
13	343.75	-22.5	
13	343.75	-22.5	
13	343.75	-22.5	
13	343.75	-22.5	
13	343.75	-22.5	
13	343.75	-22.5	
13	343.75	-22.5	
14	0	0	
14	0	0	
14	0	0	
14	0	0	
14	0	0	
14	0	0	
14	0	0	
14	0	0	
14	0	0	
14	0	0	
14	0	0	
14	0	0	
14	0	0	
14	0	0	
14	0	0	
14	0	0	
14	0	0	
14	0	0	
14	0	0	
14	0	0	
14	0	0	
14	0	0	
14	0	0	
14	0	0	
14	0	0	
14	0	0	
14	0	0	
14	0	0	
14	0	0	
14	1.25	2.5	
14	1.25	3.75	
14	3.75	3.75	
14	12.5	7.5	
14	25	7.5	
14	41.25	10	
14	51.25	10	
14	72.5	11.25	
14	83.75	11.25	
14	110	11.25	
14	136.25	10	
14	148.75	7.5	
14	161.25	7.5	
14	187.5	3.75	
14	211.25	-1.25	
14	222.5	-5	
14	246.25	-8.75	
14	268.75	-12.5	
14	280	-12.5	
14	300	-16.25	
14	317.5	-16.25	
14	325	-16.25	
14	332.5	-16.25	
14	340	-16.25	
14	340	-16.25	
14	340	-16.25	
14	340	-16.25	
14	340	-16.25	
14	340	-16.25	
14	340	-16.25	
14	340	-16.25	
14	340	-16.25	
14	340	-16.25	
14	340	-16.25	
14	340	-16.25	
14	340	-16.25	
14	340	-16.25	
14	340	-16.25	
14	340	-16.25	
14	340	-16.25	
14	340	-16.25	
14	340	-16.25	
14	340	-16.25	
14	340	-16.25	
14	340	-16.25	
15	0	0	
15	0	0	
15	0	0	
15	0	0	
15	0	0	
15	0	0	
15	0	0	
15	0	0	
15	0	0	
15	0	0	
15	0	0	
15	0	0	
15	0	0	
15	0	0	
15	0	0	
15	2.5	2.5	
15	3.75	3.75	
15	7.5	3.75	
15	21.25	7.5	
15	28.75	10	
15	36.25	11.25	
15	53.75	15	
15	76.25	18.75	
15	100	22.5	
15	113.75	22.5	
15	142.5	25	
15	156.25	22.5	
15	170	22.5	
15	213.75	17.5	
15	228.75	15	
15	243.75	11.25	
15	272.5	6.25	
15	301.25	0	
15	326.25	-3.75	
15	337.5	-5	
15	337.5	-5	
15	337.5	-5	
15	337.5	-5	
15	337.5	-5	
15	337.5	-5	
15	337.5	-5	
15	337.5	-5	
15	337.5	-5	
15	337.5	-5	
15	337.5	-5	
15	337.5	-5	
15	337.5	-5	
15	337.5	-5	
15	337.5	-5	
15	337.5	-5	
15	337.5	-5	
15	337.5	-5	
15	337.5	-5	
15	337.5	-5	
15	337.5	-5	
15	337.5	-5	
15	337.5	-5	
15	337.5	-5	
15	337.5	-5	
15	337.5	-5	
15	337.5	-5	
15	337.5	-5	
15	337.5	-5	
15	337.5	-5	
15	337.5	-5	
15	337.5	-5	
15	337.5	-5	
15	337.5	-5	
15	337.5	-5	
15	337.5	-5	
15	337.5	-5	
15	337.5	-5	
15	337.5	-5	
15	337.5	-5	
16	0	0	
16	0	0	
16	0	0	
16	0	0	
16	0	0	
16	0	0	
16	0	0	
16	0	0	
16	0	0	
16	0	0	
16	0	0	
16	0	0	
16	0	0	
16	0	0	
16	0	0	
16	0	0	
16	0	0	
16	0	0	
16	0	0	
16	0	0	
16	0	0	
16	0	0	
16	0	0	
16	0	0	
16	0	0	
16	0	0	
16	0	0	
16	1.25	0	
16	8.75	2.5	
16	18.75	3.75	
16	25	7.5	
16	32.5	10	
16	40	11.25	
16	71.25	21.25	
16	82.5	22.5	
16	108.75	28.75	
16	121.25	30	
16	135	30	
16	176.25	30	
16	202.5	30	
16	216.25	28.75	
16	228.75	26.25	
16	241.25	25	
16	273.75	18.75	
16	283.75	15	
16	302.5	11.25	
16	311.25	7.5	
16	318.75	6.25	
16	336.25	0	
16	340	0	
16	346.25	-1.25	
16	348.75	-3.75	
16	348.75	-3.75	
16	348.75	-3.75	
16	348.75	-3.75	
16	348.75	-3.75	
16	348.75	-3.75	
16	348.75	-3.75	
16	348.75	-3.75	
16	348.75	-3.75	
16	348.75	-3.75	
16	348.75	-3.75	
16	348.75	-3.75	
16	348.75	-3.75	
16	348.75	-3.75	
16	348.75	-3.75	
16	348.75	-3.75	
16	348.75	-3.75	
16	348.75	-3.75	
16	348.75	-3.75	
16	348.75	-3.75	
16	348.75	-3.75	
16	348.75	-3.75	
16	348.75	-3.75	
17	0	0	
17	0	0	
17	0	0	
17	0	0	
17	0	0	
17	0	0	
17	0	0	
17	0	0	
17	0	0	
17	0	0	
17	0	0	
17	0	0	
17	0	0	
17	0	0	
17	0	0	
17	0	0	
17	0	0	
17	0	0	
17	0	0	
17	0	0	
17	0	0	
17	0	0	
17	0	0	
17	0	0	
17	0	0	
17	0	0	
17	1.25	0	
17	5	2.5	
17	17.5	6.25	
17	23.75	7.5	
17	31.25	7.5	
17	47.5	11.25	
17	56.25	15	
17	78.75	18.75	
17	101.25	22.5	
17	113.75	22.5	
17	127.5	25	
17	153.75	26.25	
17	195	25	
17	210	22.5	
17	222.5	22.5	
17	250	18.75	
17	262.5	15	
17	287.5	11.25	
17	310	7.5	
17	320	6.25	
17	330	3.75	
17	346.25	0	
17	346.25	0	
17	346.25	0	
17	346.25	0	
17	346.25	0	
17	346.25	0	
17	346.25	0	
17	346.25	0	
17	346.25	0	
17	346.25	0	
17	346.25	0	
17	346.25	0	
17	346.25	0	
17	346.25	0	
17	346.25	0	
17	346.25	0	
17	346.25	0	
17	346.25	0	
17	346.25	0	
17	346.25	0	
17	346.25	0	
17	346.25	0	
17	346.25	0	
17	346.25	0	
17	346.25	0	
17	346.25	0	
17	346.25	0	
18	0	0	
18	0	0	
18	0	0	
18	0	0	
18	0	0	
18	0	0	
18	0	0	
18	0	0	
18	0	0	
18	0	0	
18	0	0	
18	0	0	
18	0	0	
18	0	0	
18	0	0	
18	0	0	
18	0	0	
18	0	0	
18	0	0	
18	0	0	
18	0	0	
18	0	0	
18	0	0	
18	0	0	
18	0	0	
18	0	0	
18	0	0	
18	0	0	
18	0	0	
18	0	0	
18	1.25	3.75	
18	2.5	7.5	
18	6.25	7.5	
18	21.25	18.75	
18	35	26.25	
18	45	30	
18	55	35	
18	66.25	38.75	
18	90	46.25	
18	107.5	50	
18	138.75	53.75	
18	138.75	53.75	
18	157.5	53.75	
18	206.25	52.5	
18	235	46.25	
18	248.75	45	
18	263.75	41.25	
18	276.25	37.5	
18	310	27.5	
18	318.75	26.25	
18	327.5	23.75	
18	340	20	
18	345	20	
18	348.75	20	
18	348.75	20	
18	348.75	20	
18	348.75	20	
18	348.75	20	
18	348.75	20	
18	348.75	20	
18	348.75	20	
18	348.75	20	
18	348.75	20	
18	348.75	20	
18	348.75	20	
18	348.75	20	
18	348.75	20	
18	348.75	20	
18	348.75	20	
18	348.75	20	
18	348.75	20	
18	348.75	20	
18	348.75	20	
18	348.75	20	
19	0	0	
19	0	0	
19	0	0	
19	0	0	
19	0	0	
19	0	0	
19	0	0	
19	0	0	
19	0	0	
19	0	0	
19	0	0	
19	0	0	
19	0	0	
19	0	0	
19	0	0	
19	0	0	
19	0	0	
19	0	0	
19	0	0	
19	0	0	
19	0	0	
19	0	0	
19	3.75	0	
19	15	0	
19	21.25	2.5	
19	28.75	3.75	
19	36.25	3.75	
19	57.5	7.5	
19	82.5	7.5	
19	96.25	10	
19	125	7.5	
19	140	7.5	
19	168.75	3.75	
19	197.5	-1.25	
19	225	-7.5	
19	238.75	-11.25	
19	251.25	-12.5	
19	275	-16.25	
19	296.25	-18.75	
19	305	-20	
19	321.25	-22.5	
19	327.5	-22.5	
19	338.75	-22.5	
19	347.5	-22.5	
19	347.5	-22.5	
19	347.5	-22.5	
19	347.5	-22.5	
19	347.5	-22.5	
19	347.5	-22.5	
19	347.5	-22.5	
19	347.5	-22.5	
19	347.5	-22.5	
19	347.5	-22.5	
19	347.5	-22.5	
19	347.5	-22.5	
19	347.5	-22.5	
19	347.5	-22.5	
19	347.5	-22.5	
19	347.5	-22.5	
19	347.5	-22.5	
19	347.5	-22.5	
19	347.5	-22.5	
19	347.5	-22.5	
19	347.5	-22.5	
19	347.5	-22.5	
19	347.5	-22.5	
19	347.5	-22.5	
19	347.5	-22.5	
19	347.5	-22.5	
19	347.5	-22.5	
19	347.5	-22.5	
19	347.5	-22.5	
19	347.5	-22.5	
19	347.5	-22.5	
20	0	0	
20	0	0	
20	0	0	
20	0	0	
20	0	0	
20	0	0	
20	0	0	
20	0	0	
20	0	0	
20	0	0	
20	0	0	
20	0	0	
20	0	0	
20	0	0	
20	0	0	
20	0	0	
20	0	0	
20	0	0	
20	0	0	
20	0	0	
20	0	0	
20	0	0	
20	0	0	
20	0	0	
20	0	0	
20	0	0	
20	0	0	
20	0	0	
20	0	0	
20	0	0	
20	0	0	
20	0	0	
20	0	0	
20	5	0	
20	10	2.5	
20	25	2.5	
20	35	2.5	
20	45	3.75	
20	86.25	3.75	
20	106.25	6.25	
20	126.25	6.25	
20	145	6.25	
20	180	6.25	
20	212.5	3.75	
20	227.5	3.75	
20	253.75	2.5	
20	266.25	0	
20	276.25	0	
20	303.75	-3.75	
20	318.75	-3.75	
20	323.75	-5	
20	328.75	-5	
20	335	-5	
20	338.75	-5	
20	341.25	-5	
20	342.5	-5	
20	342.5	-5	
20	342.5	-5	
20	342.5	-5	
20	342.5	-5	
20	342.5	-5	
20	342.5	-5	
20	342.5	-5	
20	343.75	-5	
20	343.75	-5	
20	343.75	-5	
20	343.75	-5	
20	343.75	-5	
20	343.75	-5	
20	343.75	-5	
20	343.75	-5	
20	343.75	-5	
20	343.75	-5	
20	343.75	-5	
21	0	0	
21	0	0	
21	0	0	
21	0	0	
21	0	0	
21	1.25	0	
21	1.25	0	
21	1.25	0	
21	1.25	0	
21	1.25	0	
21	1.25	0	
21	1.25	0	
21	1.25	0	
21	1.25	0	
21	1.25	0	
21	1.25	0	
21	1.25	0	
21	1.25	0	
21	1.25	0	
21	1.25	0	
21	1.25	0	
21	1.25	0	
21	1.25	0	
21	1.25	0	
21	1.25	0	
21	1.25	0	
21	1.25	0	
21	1.25	0	
21	1.25	0	
21	1.25	0	
21	1.25	0	
21	1.25	0	
21	1.25	0	
21	2.5	0	
21	3.75	0	
21	6.25	0	
21	11.25	0	
21	27.5	0	
21	65	1.25	
21	80	1.25	
21	97.5	3.75	
21	133.75	5	
21	133.75	5	
21	198.75	5	
21	217.5	5	
21	235	5	
21	266.25	1.25	
21	280	1.25	
21	311.25	-2.5	
21	318.75	-3.75	
21	330	-6.25	
21	333.75	-6.25	
21	336.25	-6.25	
21	341.25	-6.25	
21	342.5	-6.25	
21	343.75	-6.25	
21	343.75	-6.25	
21	343.75	-6.25	
21	343.75	-6.25	
21	343.75	-6.25	
21	343.75	-6.25	
21	343.75	-6.25	
21	343.75	-6.25	
21	343.75	-6.25	
21	343.75	-6.25	
21	343.75	-6.25	
21	343.75	-6.25	
21	343.75	-6.25	
21	343.75	-6.25	
21	343.75	-6.25	
21	343.75	-6.25	
21	343.75	-6.25	
21	343.75	-6.25	
21	343.75	-6.25	
22	0	0	
22	0	0	
22	0	0	
22	0	0	
22	0	0	
22	0	0	
22	0	0	
22	0	0	
22	0	0	
22	0	0	
22	0	0	
22	0	0	
22	0	0	
22	0	0	
22	0	0	
22	0	0	
22	0	0	
22	0	0	
22	0	0	
22	0	0	
22	0	0	
22	0	0	
22	0	0	
22	1.25	2.5	
22	2.5	3.75	
22	7.5	7.5	
22	12.5	8.75	
22	26.25	12.5	
22	45	16.25	
22	57.5	18.75	
22	82.5	23.75	
22	97.5	26.25	
22	111.25	27.5	
22	155	35	
22	185	35	
22	198.75	35	
22	212.5	35	
22	227.5	35	
22	266.25	30	
22	277.5	27.5	
22	290	23.75	
22	312.5	20	
22	322.5	16.25	
22	348.75	8.75	
22	348.75	8.75	
22	348.75	8.75	
22	348.75	8.75	
22	348.75	8.75	
22	348.75	8.75	
22	348.75	8.75	
22	348.75	8.75	
22	348.75	8.75	
22	348.75	8.75	
22	348.75	8.75	
22	348.75	8.75	
22	348.75	8.75	
22	348.75	8.75	
22	348.75	8.75	
22	348.75	8.75	
22	348.75	8.75	
22	348.75	8.75	
22	348.75	8.75	
22	348.75	8.75	
22	348.75	8.75	
22	348.75	8.75	
22	348.75	8.75	
22	348.75	8.75	
22	348.75	8.75	
22	348.75	8.75	
22	348.75	8.75	
22	348.75	8.75	
22	348.75	8.75	
22	348.75	8.75	
22	348.75	8.75	
23	0	0	
23	0	0	
23	0	0	
23	0	0	
23	0	0	
23	0	0	
23	0	0	
23	0	0	
23	0	0	
23	0	0	
23	0	0	
23	0	0	
23	0	0	
23	3.75	3.75	
23	8.75	3.75	
23	17.5	7.5	
23	43.75	18.75	
23	60	22.5	
23	96.25	22.5	
23	127.5	6.25	
23	137.5	-3.75	
23	150	-18.75	
23	153.75	-27.5	
23	161.25	-38.75	
23	162.5	-40	
23	163.75	-40	
23	173.75	-38.75	
23	173.75	-38.75	
23	198.75	-32.5	
23	207.5	-31.25	
23	217.5	-31.25	
23	236.25	-27.5	
23	256.25	-22.5	
23	276.25	-22.5	
23	286.25	-20	
23	308.75	-18.75	
23	320	-18.75	
23	331.25	-18.75	
23	341.25	-18.75	
23	341.25	-18.75	
23	341.25	-18.75	
23	341.25	-18.75	
23	341.25	-18.75	
23	341.25	-18.75	
23	341.25	-18.75	
23	341.25	-18.75	
23	341.25	-18.75	
23	341.25	-18.75	
23	341.25	-18.75	
23	341.25	-18.75	
23	341.25	-18.75	
23	341.25	-18.75	
23	341.25	-18.75	
23	341.25	-18.75	
23	341.25	-18.75	
23	341.25	-18.75	
23	341.25	-18.75	
23	341.25	-18.75	
23	341.25	-18.75	
23	341.25	-18.75	
23	341.25	-18.75	
23	341.25	-18.75	
23	341.25	-18.75	
23	341.25	-18.75	
23	341.25	-18.75	
23	341.25	-18.75	
23	341.25	-18.75	
23	341.25	-18.75	
23	341.25	-18.75	
23	341.25	-18.75	
23	341.25	-18.75	
23	341.25	-18.75	
23	341.25	-18.75	
23	341.25	-18.75	
24	0	0	
24	0	0	
24	0	0	
24	0	0	
24	0	0	
24	0	0	
24	0	0	
24	0	0	
24	0	0	
24	0	0	
24	0	0	
24	0	0	
24	0	0	
24	0	0	
24	0	0	
24	0	0	
24	0	0	
24	0	0	
24	0	0	
24	0	0	
24	0	0	
24	0	0	
24	0	0	
24	0	0	
24	0	0	
24	0	0	
24	0	0	
24	0	0	
24	0	0	
24	0	0	
24	0	0	
24	0	0	
24	0	0	
24	0	0	
24	1.25	0	
24	6.25	3.75	
24	10	6.25	
24	16.25	7.5	
24	41.25	18.75	
24	66.25	22.5	
24	81.25	26.25	
24	97.5	26.25	
24	131.25	30	
24	167.5	30	
24	185	30	
24	218.75	26.25	
24	235	25	
24	251.25	22.5	
24	293.75	15	
24	316.25	10	
24	327.5	7.5	
24	336.25	3.75	
24	336.25	3.75	
24	336.25	3.75	
24	336.25	3.75	
24	336.25	3.75	
24	336.25	3.75	
24	336.25	3.75	
24	336.25	3.75	
24	336.25	3.75	
24	336.25	3.75	
24	336.25	3.75	
24	336.25	3.75	
24	336.25	3.75	
24	336.25	3.75	
24	336.25	3.75	
24	336.25	3.75	
24	336.25	3.75	
24	336.25	3.75	
24	336.25	3.75	
24	336.25	3.75	
24	336.25	3.75	
24	336.25	3.75	
24	336.25	3.75	
25	0	0	
25	0	0	
25	0	0	
25	0	0	
25	0	0	
25	0	0	
25	0	0	
25	0	0	
25	0	0	
25	0	0	
25	0	0	
25	0	0	
25	0	0	
25	0	0	
25	0	0	
25	0	0	
25	0	0	
25	0	0	
25	0	0	
25	0	0	
25	0	0	
25	0	0	
25	0	0	
25	0	0	
25	0	0	
25	0	0	
25	0	0	
25	0	0	
25	0	0	
25	0	0	
25	0	0	
25	0	0	
25	0	0	
25	0	0	
25	0	0	
25	0	0	
25	0	0	
25	0	0	
25	0	0	
25	2.5	2.5	
25	3.75	3.75	
25	6.25	6.25	
25	16.25	11.25	
25	31.25	15	
25	48.75	22.5	
25	60	25	
25	71.25	26.25	
25	98.75	32.5	
25	141.25	37.5	
25	141.25	37.5	
25	161.25	36.25	
25	180	33.75	
25	215	30	
25	246.25	25	
25	275	18.75	
25	290	15	
25	302.5	13.75	
25	327.5	7.5	
25	347.5	3.75	
25	347.5	3.75	
25	347.5	3.75	
25	347.5	3.75	
25	347.5	3.75	
25	347.5	3.75	
25	347.5	3.75	
25	347.5	3.75	
25	347.5	3.75	
25	347.5	3.75	
25	347.5	3.75	
25	347.5	3.75	
25	347.5	3.75	
25	347.5	3.75	
25	347.5	3.75	
25	347.5	3.75	
26	0	0	
26	0	0	
26	0	0	
26	0	0	
26	0	0	
26	0	0	
26	0	0	
26	0	0	
26	0	0	
26	0	0	
26	0	0	
26	0	0	
26	0	0	
26	0	0	
26	0	0	
26	0	0	
26	0	0	
26	0	0	
26	0	0	
26	0	0	
26	0	0	
26	0	0	
26	0	0	
26	0	0	
26	0	0	
26	0	0	
26	0	0	
26	0	0	
26	0	0	
26	0	0	
26	0	0	
26	0	0	
26	0	0	
26	0	0	
26	0	0	
26	0	0	
26	0	0	
26	5	2.5	
26	16.25	3.75	
26	23.75	6.25	
26	42.5	7.5	
26	53.75	10	
26	67.5	11.25	
26	101.25	11.25	
26	141.25	15	
26	161.25	15	
26	181.25	15	
26	200	15	
26	255	13.75	
26	271.25	11.25	
26	286.25	10	
26	313.75	6.25	
26	326.25	3.75	
26	336.25	2.5	
26	336.25	2.5	
26	336.25	2.5	
26	336.25	2.5	
26	336.25	2.5	
26	336.25	2.5	
26	336.25	2.5	
26	336.25	2.5	
26	336.25	2.5	
26	336.25	2.5	
26	336.25	2.5	
26	336.25	2.5	
26	336.25	2.5	
26	336.25	2.5	
26	336.25	2.5	
26	336.25	2.5	
26	336.25	2.5	
26	336.25	2.5	
26	336.25	2.5	
26	336.25	2.5	
26	336.25	2.5	
27	0	0	
27	0	0	
27	0	0	
27	0	0	
27	0	0	
27	0	0	
27	0	0	
27	0	0	
27	0	0	
27	0	0	
27	0	0	
27	0	0	
27	0	0	
27	0	0	
27	0	0	
27	0	0	
27	0	0	
27	0	0	
27	0	0	
27	0	0	
27	0	0	
27	0	0	
27	0	0	
27	0	0	
27	0	0	
27	0	0	
27	0	0	
27	0	0	
27	2.5	0	
27	2.5	0	
27	2.5	0	
27	2.5	0	
27	2.5	0	
27	2.5	0	
27	2.5	0	
27	2.5	0	
27	2.5	0	
27	2.5	0	
27	2.5	0	
27	2.5	0	
27	2.5	0	
27	3.75	0	
27	3.75	0	
27	3.75	0	
27	3.75	0	
27	3.75	0	
27	3.75	0	
27	3.75	0	
27	3.75	0	
27	3.75	0	
27	3.75	0	
27	3.75	0	
27	3.75	0	
27	20	0	
27	31.25	0	
27	45	0	
27	77.5	1.25	
27	96.25	1.25	
27	163.75	1.25	
27	187.5	0	
27	210	-2.5	
27	232.5	-2.5	
27	275	-7.5	
27	321.25	-15	
27	333.75	-16.25	
27	342.5	-18.75	
27	342.5	-18.75	
27	342.5	-18.75	
27	342.5	-18.75	
27	342.5	-18.75	
27	342.5	-18.75	
27	342.5	-18.75	
27	342.5	-18.75	
27	342.5	-18.75	
28	0	0	
28	0	0	
28	0	0	
28	0	0	
28	0	0	
28	0	0	
28	0	0	
28	0	0	
28	0	0	
28	0	0	
28	0	0	
28	0	0	
28	0	0	
28	0	0	
28	0	0	
28	0	0	
28	0	0	
28	0	0	
28	0	0	
28	0	0	
28	0	0	
28	0	0	
28	1.25	1.25	
28	10	5	
28	17.5	7.5	
28	27.5	8.75	
28	38.75	12.5	
28	67.5	16.25	
28	122.5	23.75	
28	143.75	23.75	
28	163.75	27.5	
28	206.25	27.5	
28	226.25	27.5	
28	263.75	23.75	
28	295	20	
28	308.75	18.75	
28	320	16.25	
28	336.25	16.25	
28	342.5	15	
28	342.5	15	
28	342.5	15	
28	342.5	15	
28	342.5	15	
28	342.5	15	
28	342.5	15	
28	342.5	15	
28	342.5	15	
28	342.5	15	
28	342.5	15	
28	342.5	15	
28	342.5	15	
28	342.5	15	
28	342.5	15	
28	342.5	15	
28	342.5	15	
28	342.5	15	
28	342.5	15	
28	342.5	15	
28	342.5	15	
28	342.5	15	
28	342.5	15	
28	342.5	15	
28	342.5	15	
28	342.5	15	
28	342.5	15	
28	342.5	15	
28	342.5	15	
28	342.5	15	
28	342.5	15	
28	342.5	15	
28	342.5	15	
28	342.5	15	
28	342.5	15	
28	342.5	15	
29	0	0	
29	-3.75	-2.5	
29	-6.25	-3.75	
29	-11.25	-6.25	
29	-11.25	-6.25	
29	-11.25	-6.25	
29	-11.25	-6.25	
29	-12.5	-6.25	
29	-12.5	-6.25	
29	-12.5	-6.25	
29	-12.5	-6.25	
29	-12.5	-6.25	
29	-12.5	-6.25	
29	-12.5	-6.25	
29	-12.5	-6.25	
29	-12.5	-6.25	
29	-12.5	-6.25	
29	-12.5	-6.25	
29	-12.5	-6.25	
29	-12.5	-6.25	
29	-12.5	-6.25	
29	-12.5	-6.25	
29	-12.5	-6.25	
29	-12.5	-6.25	
29	-12.5	-6.25	
29	-11.25	-3.75	
29	-7.5	-2.5	
29	-3.75	1.25	
29	0	3.75	
29	1.25	5	
29	6.25	7.5	
29	7.5	7.5	
29	8.75	7.5	
29	11.25	7.5	
29	11.25	7.5	
29	11.25	7.5	
29	11.25	7.5	
29	11.25	7.5	
29	11.25	7.5	
29	11.25	7.5	
29	11.25	5	
29	10	5	
29	8.75	5	
29	6.25	5	
29	5	3.75	
29	5	3.75	
29	5	3.75	
29	5	3.75	
29	3.75	3.75	
29	3.75	3.75	
29	3.75	3.75	
29	3.75	3.75	
29	3.75	3.75	
29	3.75	3.75	
29	3.75	3.75	
29	3.75	3.75	
29	3.75	3.75	
29	3.75	3.75	
29	3.75	3.75	
29	3.75	3.75	
29	3.75	3.75	
29	3.75	3.75	
29	3.75	3.75	
29	3.75	3.75	
29	3.75	3.75	
29	3.75	3.75	
29	3.75	3.75	
29	3.75	3.75	
29	3.75	3.75	
29	3.75	3.75	
29	3.75	3.75	
29	3.75	3.75	
29	3.75	3.75	
29	3.75	3.75	
30	0	0	
30	0	0	
30	0	0	
30	0	0	
30	0	0	
30	0	0	
30	0	0	
30	0	0	
30	0	0	
30	0	0	
30	0	0	
30	0	0	
30	0	0	
30	0	0	
30	0	0	
30	0	0	
30	0	0	
30	0	0	
30	0	0	
30	0	0	
30	0	0	
30	0	0	
30	0	0	
30	1.25	0	
30	3.75	2.5	
30	15	3.75	
30	22.5	6.25	
30	31.25	7.5	
30	67.5	15	
30	81.25	15	
30	96.25	17.5	
30	112.5	17.5	
30	146.25	17.5	
30	196.25	11.25	
30	212.5	10	
30	228.75	7.5	
30	258.75	2.5	
30	272.5	0	
30	310	-3.75	
30	320	-5	
30	330	-7.5	
30	337.5	-7.5	
30	337.5	-7.5	
30	337.5	-7.5	
30	337.5	-7.5	
30	337.5	-7.5	
30	337.5	-7.5	
30	337.5	-7.5	
30	337.5	-7.5	
30	337.5	-7.5	
30	337.5	-7.5	
30	337.5	-7.5	
30	337.5	-7.5	
30	337.5	-7.5	
30	337.5	-7.5	
30	337.5	-7.5	
30	337.5	-7.5	
30	337.5	-7.5	
30	337.5	-7.5	
30	337.5	-7.5	
30	337.5	-7.5	
30	337.5	-7.5	
30	337.5	-7.5	
30	337.5	-7.5	
30	337.5	-7.5	
30	337.5	-7.5	
30	337.5	-7.5	
30	337.5	-7.5	
30	337.5	-7.5	
30	337.5	-7.5	
30	337.5	-7.5	
30	337.5	-7.5	
30	337.5	-7.5	
30	337.5	-7.5	
31	0	0	
31	0	0	
31	0	0	
31	-1.25	0	
31	-1.25	0	
31	-1.25	0	
31	-1.25	0	
31	-1.25	0	
31	-1.25	0	
31	-1.25	0	
31	-1.25	0	
31	-1.25	0	
31	-1.25	0	
31	-1.25	0	
31	-1.25	0	
31	-1.25	0	
31	-1.25	0	
31	-1.25	0	
31	-1.25	0	
31	-1.25	0	
31	-1.25	0	
31	-1.25	0	
31	-1.25	0	
31	-1.25	0	
31	3.75	0	
31	8.75	0	
31	17.5	3.75	
31	27.5	3.75	
31	75	10	
31	95	11.25	
31	141.25	11.25	
31	166.25	11.25	
31	217.5	7.5	
31	266.25	0	
31	310	-5	
31	328.75	-8.75	
31	345	-16.25	
31	345	-16.25	
31	345	-16.25	
31	345	-16.25	
31	345	-16.25	
31	345	-16.25	
31	345	-16.25	
31	345	-16.25	
31	345	-16.25	
31	345	-16.25	
31	345	-16.25	
31	345	-16.25	
31	345	-16.25	
31	345	-16.25	
31	345	-16.25	
31	345	-16.25	
31	345	-16.25	
31	345	-16.25	
31	345	-16.25	
31	345	-16.25	
31	345	-16.25	
31	345	-16.25	
31	345	-16.25	
31	345	-16.25	
31	345	-16.25	
31	345	-16.25	
31	345	-16.25	
31	345	-16.25	
31	345	-16.25	
31	345	-16.25	
31	345	-16.25	
31	345	-16.25	
31	345	-16.25	
31	345	-16.25	
31	345	-16.25	
31	345	-16.25	
31	345	-16.25	
31	345	-16.25	
32	0	0	
32	0	0	
32	0	0	
32	0	0	
32	0	0	
32	0	0	
32	0	0	
32	0	0	
32	0	0	
32	0	0	
32	0	0	
32	0	0	
32	0	0	
32	0	0	
32	0	0	
32	0	0	
32	0	0	
32	0	0	
32	0	0	
32	0	0	
32	1.25	1.25	
32	1.25	1.25	
32	1.25	1.25	
32	1.25	1.25	
32	2.5	1.25	
32	2.5	1.25	
32	5	1.25	
32	5	3.75	
32	10	5	
32	11.25	7.5	
32	13.75	8.75	
32	13.75	8.75	
32	15	8.75	
32	17.5	11.25	
32	20	12.5	
32	23.75	12.5	
32	36.25	16.25	
32	45	16.25	
32	81.25	20	
32	95	20	
32	128.75	20	
32	145	20	
32	162.5	20	
32	216.25	16.25	
32	233.75	15	
32	251.25	12.5	
32	283.75	7.5	
32	298.75	5	
32	338.75	-2.5	
32	338.75	-2.5	
32	338.75	-2.5	
32	338.75	-2.5	
32	338.75	-2.5	
32	338.75	-2.5	
32	338.75	-2.5	
32	338.75	-2.5	
32	338.75	-2.5	
32	338.75	-2.5	
32	338.75	-2.5	
32	338.75	-2.5	
32	338.75	-2.5	
32	338.75	-2.5	
32	338.75	-2.5	
32	338.75	-2.5	
32	338.75	-2.5	
32	338.75	-2.5	
32	338.75	-2.5	
32	338.75	-2.5	
32	338.75	-2.5	
32	338.75	-2.5	
32	338.75	-2.5	
32	338.75	-2.5	
32	338.75	-2.5	
32	338.75	-2.5	
33	0	0	
33	0	0	
33	0	0	
33	0	0	
33	0	0	
33	0	0	
33	0	0	
33	0	0	
33	0	0	
33	0	0	
33	0	0	
33	0	0	
33	0	0	
33	0	0	
33	0	0	
33	0	0	
33	0	0	
33	0	0	
33	0	0	
33	0	0	
33	0	0	
33	0	0	
33	0	0	
33	0	0	
33	0	0	
33	0	0	
33	0	0	
33	0	0	
33	0	0	
33	0	0	
33	0	0	
33	0	0	
33	0	0	
33	0	0	
33	0	0	
33	0	0	
33	0	0	
33	0	0	
33	0	0	
33	0	0	
33	0	0	
33	0	0	
33	0	0	
33	0	0	
33	0	0	
33	0	0	
33	0	0	
33	0	0	
33	3.75	1.25	
33	16.25	5	
33	23.75	7.5	
33	33.75	8.75	
33	46.25	12.5	
33	92.5	22.5	
33	110	23.75	
33	150	27.5	
33	190	26.25	
33	210	23.75	
33	252.5	16.25	
33	292.5	8.75	
33	312.5	5	
33	331.25	1.25	
33	348.75	-3.75	
33	348.75	-3.75	
33	348.75	-3.75	
33	348.75	-3.75	
33	348.75	-3.75	
33	348.75	-3.75	
33	348.75	-3.75	
33	348.75	-3.75	
33	348.75	-3.75	
33	348.75	-3.75	
33	348.75	-3.75	
33	348.75	-3.75	
34	0	0	
34	0	0	
34	0	0	
34	0	0	
34	0	0	
34	0	0	
34	0	0	
34	0	0	
34	0	0	
34	0	0	
34	0	0	
34	0	0	
34	0	0	
34	0	0	
34	0	0	
34	0	0	
34	0	0	
34	0	0	
34	0	0	
34	0	0	
34	0	0	
34	0	0	
34	0	0	
34	1.25	0	
34	6.25	0	
34	8.75	1.25	
34	15	1.25	
34	23.75	1.25	
34	47.5	5	
34	80	11.25	
34	97.5	12.5	
34	116.25	16.25	
34	136.25	18.75	
34	215	18.75	
34	235	16.25	
34	255	15	
34	275	12.5	
34	295	8.75	
34	345	1.25	
34	345	1.25	
34	345	1.25	
34	345	1.25	
34	345	1.25	
34	345	1.25	
34	345	1.25	
34	345	1.25	
34	345	1.25	
34	345	1.25	
34	345	1.25	
34	345	1.25	
34	345	1.25	
34	345	1.25	
34	345	1.25	
34	345	1.25	
34	345	1.25	
34	345	1.25	
34	345	1.25	
34	345	1.25	
34	345	1.25	
34	345	1.25	
34	345	1.25	
34	345	1.25	
34	345	1.25	
34	345	1.25	
34	345	1.25	
34	345	1.25	
34	345	1.25	
34	345	1.25	
34	345	1.25	
34	345	1.25	
34	345	1.25	
34	345	1.25	
34	345	1.25	
34	345	1.25	
35	0	0	
35	0	0	
35	0	0	
35	0	0	
35	0	0	
35	0	0	
35	0	0	
35	0	0	
35	0	0	
35	0	0	
35	0	0	
35	0	0	
35	0	0	
35	0	0	
35	0	0	
35	1.25	0	
35	3.75	0	
35	7.5	2.5	
35	30	11.25	
35	41.25	13.75	
35	68.75	21.25	
35	83.75	25	
35	117.5	30	
35	152.5	30	
35	170	30	
35	205	28.75	
35	222.5	25	
35	238.75	21.25	
35	285	7.5	
35	298.75	3.75	
35	323.75	-3.75	
35	335	-7.5	
35	335	-7.5	
35	335	-7.5	
35	335	-7.5	
35	335	-7.5	
35	335	-7.5	
35	335	-7.5	
35	335	-7.5	
35	335	-7.5	
35	335	-7.5	
35	335	-7.5	
35	335	-7.5	
35	335	-7.5	
35	335	-7.5	
35	335	-7.5	
35	335	-7.5	
35	335	-7.5	
35	335	-7.5	
35	335	-7.5	
35	335	-7.5	
35	335	-7.5	
35	335	-7.5	
35	335	-7.5	
35	335	-7.5	
35	335	-7.5	
35	335	-7.5	
35	335	-7.5	
35	335	-7.5	
35	335	-7.5	
35	335	-7.5	
35	335	-7.5	
35	335	-7.5	
35	335	-7.5	
35	335	-7.5	
35	335	-7.5	
35	335	-7.5	
35	335	-7.5	
35	335	-7.5	
35	335	-7.5	
35	335	-7.5	
35	335	-7.5	
35	335	-7.5	
35	335	-7.5	
36	0	0	
36	0	0	
36	0	0	
36	0	0	
36	0	0	
36	0	0	
36	0	0	
36	0	0	
36	0	0	
36	0	0	
36	0	0	
36	0	0	
36	0	0	
36	0	0	
36	0	0	
36	0	0	
36	0	0	
36	0	0	
36	0	0	
36	0	0	
36	0	0	
36	0	0	
36	0	0	
36	0	0	
36	1.25	0	
36	3.75	1.25	
36	8.75	3.75	
36	15	5	
36	65	17.5	
36	82.5	20	
36	101.25	21.25	
36	121.25	21.25	
36	162.5	21.25	
36	203.75	17.5	
36	243.75	8.75	
36	261.25	5	
36	278.75	1.25	
36	295	-3.75	
36	345	-17.5	
36	345	-17.5	
36	345	-17.5	
36	345	-17.5	
36	345	-17.5	
36	345	-17.5	
36	345	-17.5	
36	345	-17.5	
36	345	-17.5	
36	345	-17.5	
36	345	-17.5	
36	345	-17.5	
36	345	-17.5	
36	345	-17.5	
36	345	-17.5	
36	345	-17.5	
36	345	-17.5	
36	345	-17.5	
36	345	-17.5	
36	345	-17.5	
36	345	-17.5	
36	345	-17.5	
36	345	-17.5	
36	345	-17.5	
36	345	-17.5	
36	345	-17.5	
36	345	-17.5	
36	345	-17.5	
36	345	-17.5	
36	345	-17.5	
36	345	-17.5	
36	345	-17.5	
36	345	-17.5	
36	345	-17.5	
36	345	-17.5	
36	345	-17.5	
37	0	0	
37	0	0	
37	0	0	
37	0	0	
37	0	0	
37	0	0	
37	0	0	
37	0	0	
37	0	0	
37	0	0	
37	0	0	
37	0	0	
37	0	0	
37	0	0	
37	0	0	
37	0	0	
37	0	0	
37	0	0	
37	0	0	
37	0	0	
37	0	0	
37	0	0	
37	0	0	
37	0	0	
37	0	0	
37	0	0	
37	0	0	
37	0	0	
37	0	0	
37	0	0	
37	0	0	
37	0	0	
37	0	0	
37	0	0	
37	0	0	
37	0	0	
37	0	0	
37	0	0	
37	0	0	
37	0	0	
37	0	0	
37	0	0	
37	0	0	
37	0	0	
37	0	0	
37	0	0	
37	0	0	
37	0	0	
37	0	0	
37	0	0	
37	0	0	
37	0	0	
37	0	0	
37	1.25	2.5	
37	3.75	3.75	
37	6.25	3.75	
37	11.25	7.5	
37	16.25	7.5	
37	31.25	15	
37	38.75	16.25	
37	46.25	18.75	
37	55	20	
37	67.5	22.5	
37	95	23.75	
37	110	23.75	
37	130	23.75	
37	168.75	22.5	
37	187.5	20	
37	223.75	12.5	
37	260	3.75	
37	276.25	0	
37	292.5	-3.75	
37	308.75	-7.5	
37	347.5	-18.75	
38	0	0	
38	0	0	
38	0	0	
38	0	0	
38	0	0	
38	0	0	
38	0	0	
38	0	0	
38	0	0	
38	0	0	
38	0	0	
38	0	0	
38	0	0	
38	0	0	
38	0	0	
38	0	0	
38	0	0	
38	0	0	
38	0	0	
38	0	0	
38	0	0	
38	0	0	
38	0	0	
38	0	0	
38	0	0	
38	0	0	
38	0	0	
38	0	0	
38	0	0	
38	0	0	
38	0	0	
38	0	0	
38	0	0	
38	0	0	
38	0	0	
38	0	0	
38	0	0	
38	0	0	
38	0	0	
38	0	0	
38	0	0	
38	0	0	
38	0	0	
38	0	0	
38	0	0	
38	0	0	
38	0	0	
38	0	0	
38	0	0	
38	0	0	
38	0	0	
38	0	0	
38	0	0	
38	5	3.75	
38	7.5	3.75	
38	16.25	10	
38	23.75	11.25	
38	32.5	15	
38	65	26.25	
38	77.5	30	
38	91.25	33.75	
38	121.25	41.25	
38	136.25	43.75	
38	171.25	41.25	
38	190	40	
38	221.25	30	
38	236.25	26.25	
38	250	22.5	
38	277.5	10	
38	301.25	0	
38	312.5	-5	
38	321.25	-11.25	
38	338.75	-20	
38	346.25	-23.75	
39	0	0	
39	0	0	
39	0	0	
39	0	0	
39	0	0	
39	0	0	
39	0	0	
39	0	0	
39	0	0	
39	0	0	
39	0	0	
39	0	0	
39	0	0	
39	0	0	
39	0	0	
39	0	0	
39	0	0	
39	0	0	
39	0	0	
39	0	0	
39	0	0	
39	0	0	
39	0	0	
39	0	0	
39	0	0	
39	0	0	
39	0	0	
39	0	0	
39	0	0	
39	0	0	
39	0	0	
39	0	0	
39	0	0	
39	0	0	
39	0	0	
39	0	0	
39	0	0	
39	0	0	
39	0	0	
39	0	0	
39	0	0	
39	0	0	
39	0	0	
39	0	0	
39	0	0	
39	0	0	
39	0	0	
39	0	0	
39	0	0	
39	0	0	
39	0	0	
39	0	0	
39	0	0	
39	0	0	
39	0	0	
39	0	0	
39	0	0	
39	0	0	
39	0	0	
39	0	0	
39	1.25	0	
39	8.75	0	
39	16.25	0	
39	42.5	2.5	
39	56.25	0	
39	71.25	0	
39	87.5	0	
39	123.75	-3.75	
39	162.5	-7.5	
39	181.25	-8.75	
39	218.75	-15	
39	255	-16.25	
39	271.25	-18.75	
39	300	-18.75	
40	0	0	
40	0	0	
40	0	0	
40	0	0	
40	0	0	
40	0	0	
40	0	0	
40	0	0	
40	0	0	
40	0	0	
40	0	0	
40	0	0	
40	0	0	
40	0	0	
40	0	0	
40	0	0	
40	0	0	
40	0	0	
40	0	0	
40	0	0	
40	0	0	
40	0	0	
40	0	0	
40	0	0	
40	0	0	
40	0	0	
40	0	0	
40	0	0	
40	0	0	
40	0	0	
40	0	0	
40	0	0	
40	0	0	
40	0	0	
40	0	0	
40	0	0	
40	0	0	
40	0	0	
40	0	0	
40	0	0	
40	1.25	0	
40	2.5	2.5	
40	5	2.5	
40	16.25	3.75	
40	22.5	3.75	
40	30	3.75	
40	47.5	6.25	
40	58.75	6.25	
40	87.5	10	
40	125	11.25	
40	143.75	11.25	
40	161.25	11.25	
40	177.5	11.25	
40	226.25	11.25	
40	241.25	10	
40	253.75	7.5	
40	275	7.5	
40	283.75	6.25	
40	305	3.75	
40	310	3.75	
40	317.5	3.75	
40	320	3.75	
40	322.5	3.75	
40	326.25	3.75	
40	326.25	3.75	
40	327.5	2.5	
40	327.5	2.5	
40	327.5	2.5	
40	327.5	2.5	
40	327.5	2.5	
40	327.5	2.5	
40	327.5	2.5	
40	327.5	2.5	
40	327.5	2.5	
41	0	0	
41	0	0	
41	0	0	
41	0	0	
41	0	0	
41	0	0	
41	0	0	
41	0	0	
41	0	0	
41	0	0	
41	0	0	
41	0	0	
41	0	0	
41	0	0	
41	0	0	
41	0	0	
41	0	0	
41	0	0	
41	0	0	
41	0	0	
41	0	0	
41	0	0	
41	0	0	
41	0	0	
41	0	0	
41	0	0	
41	0	0	
41	0	0	
41	0	0	
41	-1.25	0	
41	-1.25	0	
41	-1.25	0	
41	-1.25	0	
41	-2.5	0	
41	-2.5	0	
41	-2.5	0	
41	-2.5	0	
41	-2.5	0	
41	-2.5	0	
41	-2.5	0	
41	-2.5	0	
41	-2.5	0	
41	-2.5	0	
41	-2.5	0	
41	-2.5	0	
41	-2.5	0	
41	-2.5	0	
41	-2.5	0	
41	-2.5	0	
41	-2.5	0	
41	-2.5	0	
41	-2.5	0	
41	-2.5	0	
41	0	1.25	
41	8.75	1.25	
41	16.25	3.75	
41	33.75	3.75	
41	45	3.75	
41	71.25	1.25	
41	101.25	0	
41	117.5	-2.5	
41	133.75	-3.75	
41	148.75	-6.25	
41	193.75	-15	
41	207.5	-17.5	
41	235	-26.25	
41	246.25	-30	
41	268.75	-35	
41	287.5	-41.25	
41	300	-42.5	
41	305	-42.5	
41	308.75	-45	
41	311.25	-45	
41	315	-45	
42	0	0	
42	0	0	
42	0	0	
42	0	0	
42	0	0	
42	0	0	
42	0	0	
42	0	0	
42	0	0	
42	0	0	
42	0	0	
42	0	0	
42	0	0	
42	0	0	
42	0	0	
42	0	0	
42	0	0	
42	0	0	
42	0	0	
42	0	0	
42	0	0	
42	0	0	
42	0	0	
42	0	0	
42	0	0	
42	0	0	
42	2.5	0	
42	3.75	0	
42	20	3.75	
42	27.5	3.75	
42	36.25	6.25	
42	58.75	7.5	
42	71.25	10	
42	100	11.25	
42	120	13.75	
42	140	11.25	
42	160	11.25	
42	177.5	10	
42	225	3.75	
42	238.75	2.5	
42	252.5	0	
42	267.5	0	
42	291.25	-5	
42	325	-8.75	
42	335	-10	
42	345	-10	
42	345	-10	
42	345	-10	
42	345	-10	
42	345	-10	
42	345	-10	
42	345	-10	
42	345	-10	
42	345	-10	
42	345	-10	
42	345	-10	
42	345	-10	
42	345	-10	
42	345	-10	
42	345	-10	
42	345	-10	
42	345	-10	
42	345	-10	
42	345	-10	
42	345	-10	
42	345	-10	
42	345	-10	
42	345	-10	
42	345	-10	
42	345	-10	
42	345	-10	
42	345	-10	
42	345	-10	
42	345	-10	
43	0	0	
43	0	0	
43	0	0	
43	0	0	
43	0	0	
43	0	0	
43	0	0	
43	0	0	
43	0	0	
43	0	0	
43	0	0	
43	0	0	
43	0	0	
43	0	0	
43	0	0	
43	0	0	
43	0	0	
43	0	0	
43	0	0	
43	0	0	
43	0	0	
43	-1.25	0	
43	-1.25	0	
43	-1.25	-2.5	
43	-1.25	-2.5	
43	-1.25	-2.5	
43	-1.25	-2.5	
43	-1.25	-2.5	
43	-2.5	-2.5	
43	-2.5	-2.5	
43	1.25	-6.25	
43	11.25	-10	
43	20	-10	
43	43.75	-11.25	
43	73.75	-13.75	
43	92.5	-13.75	
43	111.25	-13.75	
43	151.25	-15	
43	191.25	-17.5	
43	210	-17.5	
43	243.75	-18.75	
43	270	-21.25	
43	280	-21.25	
43	298.75	-21.25	
43	313.75	-21.25	
43	321.25	-18.75	
43	327.5	-17.5	
43	333.75	-17.5	
43	345	-13.75	
43	345	-13.75	
43	345	-13.75	
43	345	-13.75	
43	345	-13.75	
43	345	-13.75	
43	345	-13.75	
43	345	-13.75	
43	345	-13.75	
43	345	-13.75	
43	345	-13.75	
43	345	-13.75	
43	345	-13.75	
43	345	-13.75	
43	345	-13.75	
43	345	-13.75	
43	345	-13.75	
43	345	-13.75	
43	345	-13.75	
43	345	-13.75	
43	345	-13.75	
43	345	-13.75	
43	345	-13.75	
43	345	-13.75	
43	345	-13.75	
43	345	-13.75	
44	0	0	
44	0	0	
44	0	0	
44	0	0	
44	0	0	
44	0	0	
44	0	0	
44	0	0	
44	0	0	
44	0	0	
44	0	0	
44	0	0	
44	0	0	
44	0	0	
44	0	0	
44	0	0	
44	0	0	
44	0	0	
44	0	0	
44	0	0	
44	0	0	
44	0	0	
44	0	0	
44	0	0	
44	0	0	
44	0	0	
44	0	0	
44	0	0	
44	0	0	
44	0	0	
44	0	0	
44	0	0	
44	-1.25	0	
44	-1.25	0	
44	-2.5	-1.25	
44	-2.5	-1.25	
44	-2.5	-1.25	
44	-2.5	-1.25	
44	-3.75	-1.25	
44	-3.75	-1.25	
44	-3.75	-1.25	
44	-3.75	-1.25	
44	-3.75	-1.25	
44	-3.75	-1.25	
44	-1.25	-1.25	
44	2.5	-1.25	
44	7.5	-1.25	
44	16.25	-1.25	
44	70	0	
44	88.75	0	
44	106.25	0	
44	126.25	0	
44	166.25	-1.25	
44	203.75	-3.75	
44	236.25	-7.5	
44	250	-8.75	
44	262.5	-11.25	
44	272.5	-12.5	
44	297.5	-16.25	
44	303.75	-15	
44	315	-15	
44	320	-11.25	
44	325	-11.25	
44	338.75	-3.75	
44	342.5	0	
44	346.25	0	
44	346.25	0	
44	346.25	0	
44	346.25	0	
44	346.25	0	
44	346.25	0	
44	346.25	0	
44	346.25	0	
44	346.25	0	
45	0	0	
45	0	0	
45	0	0	
45	0	0	
45	0	0	
45	0	0	
45	0	0	
45	0	0	
45	0	0	
45	0	0	
45	0	0	
45	0	0	
45	0	0	
45	0	0	
45	0	0	
45	0	0	
45	0	0	
45	0	0	
45	0	0	
45	0	0	
45	0	0	
45	0	0	
45	0	0	
45	3.75	2.5	
45	13.75	3.75	
45	37.5	7.5	
45	52.5	10	
45	70	10	
45	131.25	7.5	
45	153.75	3.75	
45	176.25	2.5	
45	198.75	-1.25	
45	241.25	-11.25	
45	278.75	-20	
45	310	-31.25	
45	323.75	-37.5	
45	345	-45	
45	345	-45	
45	345	-45	
45	345	-45	
45	345	-45	
45	345	-45	
45	345	-45	
45	345	-45	
45	345	-45	
45	345	-45	
45	345	-45	
45	345	-45	
45	345	-45	
45	345	-45	
45	345	-45	
45	345	-45	
45	345	-45	
45	345	-45	
45	345	-45	
45	345	-45	
45	345	-45	
45	345	-45	
45	345	-45	
45	345	-45	
45	345	-45	
45	345	-45	
45	345	-45	
45	345	-45	
45	345	-45	
45	345	-45	
45	345	-45	
45	345	-45	
45	345	-45	
45	345	-45	
45	345	-45	
45	345	-45	
45	345	-45	
45	345	-45	
46	0	0	
46	0	0	
46	0	0	
46	0	0	
46	0	0	
46	0	0	
46	0	0	
46	0	0	
46	0	0	
46	0	0	
46	0	0	
46	0	0	
46	0	0	
46	0	0	
46	0	0	
46	0	0	
46	0	0	
46	0	0	
46	0	0	
46	0	0	
46	0	0	
46	5	0	
46	17.5	0	
46	41.25	2.5	
46	73.75	3.75	
46	93.75	7.5	
46	113.75	7.5	
46	135	10	
46	203.75	11.25	
46	226.25	10	
46	247.5	7.5	
46	285	3.75	
46	313.75	0	
46	336.25	-5	
46	343.75	-7.5	
46	343.75	-7.5	
46	343.75	-7.5	
46	343.75	-7.5	
46	343.75	-7.5	
46	343.75	-7.5	
46	343.75	-7.5	
46	343.75	-7.5	
46	343.75	-7.5	
46	343.75	-7.5	
46	343.75	-7.5	
46	343.75	-7.5	
46	343.75	-7.5	
46	343.75	-7.5	
46	343.75	-7.5	
46	343.75	-7.5	
46	343.75	-7.5	
46	343.75	-7.5	
46	343.75	-7.5	
46	343.75	-7.5	
46	343.75	-7.5	
46	343.75	-7.5	
46	343.75	-7.5	
46	343.75	-7.5	
46	343.75	-7.5	
46	343.75	-7.5	
46	343.75	-7.5	
46	343.75	-7.5	
46	343.75	-7.5	
46	343.75	-7.5	
46	343.75	-7.5	
46	343.75	-7.5	
46	343.75	-7.5	
46	343.75	-7.5	
46	343.75	-7.5	
46	343.75	-7.5	
46	343.75	-7.5	
46	343.75	-7.5	
46	343.75	-7.5	
46	343.75	-7.5	
47	0	0	
47	0	0	
47	0	0	
47	0	0	
47	0	0	
47	0	0	
47	0	0	
47	0	0	
47	0	0	
47	0	0	
47	0	0	
47	0	0	
47	0	0	
47	0	0	
47	1.25	1.25	
47	3.75	1.25	
47	7.5	3.75	
47	22.5	5	
47	45	7.5	
47	76.25	8.75	
47	95	8.75	
47	136.25	8.75	
47	158.75	11.25	
47	205	8.75	
47	247.5	7.5	
47	268.75	5	
47	288.75	3.75	
47	322.5	-2.5	
47	348.75	-7.5	
47	348.75	-7.5	
47	348.75	-7.5	
47	348.75	-7.5	
47	348.75	-7.5	
47	348.75	-7.5	
47	348.75	-7.5	
47	348.75	-7.5	
47	348.75	-7.5	
47	348.75	-7.5	
47	348.75	-7.5	
47	348.75	-7.5	
47	348.75	-7.5	
47	348.75	-7.5	
47	348.75	-7.5	
47	348.75	-7.5	
47	348.75	-7.5	
47	348.75	-7.5	
47	348.75	-7.5	
47	348.75	-7.5	
47	348.75	-7.5	
47	348.75	-7.5	
47	348.75	-7.5	
47	348.75	-7.5	
47	348.75	-7.5	
47	348.75	-7.5	
47	348.75	-7.5	
47	348.75	-7.5	
47	348.75	-7.5	
47	348.75	-7.5	
47	348.75	-7.5	
47	348.75	-7.5	
47	348.75	-7.5	
47	348.75	-7.5	
47	348.75	-7.5	
47	348.75	-7.5	
47	348.75	-7.5	
47	348.75	-7.5	
47	348.75	-7.5	
47	348.75	-7.5	
47	348.75	-7.5	
47	348.75	-7.5	
47	348.75	-7.5	
47	348.75	-7.5	
47	348.75	-7.5	
47	348.75	-7.5	
48	0	0	
48	0	0	
48	0	0	
48	0	0	
48	0	0	
48	0	0	
48	0	0	
48	0	0	
48	0	0	
48	0	0	
48	0	0	
48	0	0	
48	0	0	
48	0	0	
48	0	0	
48	0	0	
48	0	0	
48	0	0	
48	0	0	
48	0	0	
48	0	0	
48	0	0	
48	0	0	
48	0	0	
48	2.5	0	
48	7.5	0	
48	13.75	0	
48	28.75	0	
48	57.5	0	
48	68.75	0	
48	82.5	0	
48	111.25	0	
48	127.5	2.5	
48	173.75	0	
48	190	-1.25	
48	205	-3.75	
48	218.75	-7.5	
48	247.5	-11.25	
48	286.25	-15	
48	297.5	-16.25	
48	308.75	-18.75	
48	330	-18.75	
48	338.75	-18.75	
48	347.5	-18.75	
48	347.5	-18.75	
48	347.5	-18.75	
48	347.5	-18.75	
48	347.5	-18.75	
48	347.5	-18.75	
48	347.5	-18.75	
48	347.5	-18.75	
48	347.5	-18.75	
48	347.5	-18.75	
48	347.5	-18.75	
48	347.5	-18.75	
48	347.5	-18.75	
48	347.5	-18.75	
48	347.5	-18.75	
48	347.5	-18.75	
48	347.5	-18.75	
48	347.5	-18.75	
48	347.5	-18.75	
48	347.5	-18.75	
48	347.5	-18.75	
48	347.5	-18.75	
48	347.5	-18.75	
48	347.5	-18.75	
48	347.5	-18.75	
48	347.5	-18.75	
48	347.5	-18.75	
48	347.5	-18.75	
48	347.5	-18.75	
48	347.5	-18.75	
48	347.5	-18.75	
49	0	0	
49	0	0	
49	0	0	
49	0	0	
49	0	0	
49	0	0	
49	0	0	
49	0	0	
49	0	0	
49	0	0	
49	0	0	
49	0	0	
49	0	0	
49	0	0	
49	0	0	
49	0	0	
49	0	0	
49	0	0	
49	0	0	
49	0	0	
49	0	0	
49	0	0	
49	0	0	
49	0	0	
49	0	0	
49	0	0	
49	0	0	
49	0	0	
49	0	0	
49	0	0	
49	0	0	
49	0	0	
49	0	0	
49	0	0	
49	3.75	1.25	
49	7.5	1.25	
49	13.75	1.25	
49	30	3.75	
49	51.25	5	
49	65	7.5	
49	93.75	8.75	
49	110	11.25	
49	126.25	11.25	
49	176.25	8.75	
49	208.75	8.75	
49	225	7.5	
49	241.25	5	
49	260	5	
49	276.25	7.5	
49	293.75	7.5	
49	311.25	7.5	
49	325	7.5	
49	335	8.75	
49	345	8.75	
49	345	8.75	
49	345	8.75	
49	345	8.75	
49	345	8.75	
49	345	8.75	
49	345	8.75	
49	345	8.75	
49	345	8.75	
49	345	8.75	
49	345	8.75	
49	345	8.75	
49	345	8.75	
49	345	8.75	
49	345	8.75	
49	345	8.75	
49	345	8.75	
49	345	8.75	
49	345	8.75	
49	345	8.75	
49	345	8.75	
50	0	0	
50	0	0	
50	0	0	
50	0	0	
50	0	0	
50	0	0	
50	0	0	
50	0	0	
50	0	0	
50	0	0	
50	0	0	
50	0	0	
50	0	0	
50	0	0	
50	0	0	
50	0	0	
50	0	0	
50	0	0	
50	0	0	
50	0	0	
50	0	0	
50	0	0	
50	0	0	
50	7.5	1.25	
50	12.5	1.25	
50	20	1.25	
50	38.75	5	
50	50	5	
50	93.75	12.5	
50	112.5	15	
50	131.25	16.25	
50	151.25	16.25	
50	192.5	16.25	
50	252.5	11.25	
50	270	8.75	
50	287.5	5	
50	318.75	1.25	
50	331.25	-2.5	
50	342.5	-2.5	
50	342.5	-2.5	
50	342.5	-2.5	
50	342.5	-2.5	
50	342.5	-2.5	
50	342.5	-2.5	
50	342.5	-2.5	
50	342.5	-2.5	
50	342.5	-2.5	
50	342.5	-2.5	
50	342.5	-2.5	
50	342.5	-2.5	
50	342.5	-2.5	
50	342.5	-2.5	
50	342.5	-2.5	
50	342.5	-2.5	
50	342.5	-2.5	
50	342.5	-2.5	
50	342.5	-2.5	
50	342.5	-2.5	
50	342.5	-2.5	
50	342.5	-2.5	
50	342.5	-2.5	
50	342.5	-2.5	
50	342.5	-2.5	
50	342.5	-2.5	
50	342.5	-2.5	
50	342.5	-2.5	
50	342.5	-2.5	
50	342.5	-2.5	
50	342.5	-2.5	
50	342.5	-2.5	
50	342.5	-2.5	
50	342.5	-2.5	
50	342.5	-2.5	
50	342.5	-2.5	
51	0	0	
51	0	0	
51	0	0	
51	0	0	
51	0	0	
51	0	0	
51	0	0	
51	0	0	
51	0	0	
51	0	0	
51	0	0	
51	0	0	
51	0	0	
51	0	0	
51	0	0	
51	0	0	
51	0	0	
51	0	0	
51	7.5	1.25	
51	15	3.75	
51	27.5	5	
51	45	5	
51	91.25	5	
51	152.5	-2.5	
51	186.25	-6.25	
51	256.25	-17.5	
51	288.75	-22.5	
51	320	-30	
51	320	-30	
51	320	-30	
51	320	-30	
51	320	-30	
51	320	-30	
51	320	-30	
51	320	-30	
51	320	-30	
51	320	-30	
51	320	-30	
51	320	-30	
51	320	-30	
51	320	-30	
51	320	-30	
51	320	-30	
51	320	-30	
51	320	-30	
51	320	-30	
51	320	-30	
51	320	-30	
51	320	-30	
51	320	-30	
51	320	-30	
51	320	-30	
51	320	-30	
51	320	-30	
51	320	-30	
51	320	-30	
51	320	-30	
51	320	-30	
51	320	-30	
51	320	-30	
51	320	-30	
51	320	-30	
51	320	-30	
51	320	-30	
51	320	-30	
51	320	-30	
51	320	-30	
51	320	-30	
51	320	-30	
51	320	-30	
51	320	-30	
51	320	-30	
51	320	-30	
51	320	-30	
52	0	0	
52	0	0	
52	0	0	
52	0	0	
52	-1.25	0	
52	-1.25	0	
52	-1.25	0	
52	-2.5	0	
52	-2.5	0	
52	-2.5	-1.25	
52	-2.5	-1.25	
52	-2.5	-1.25	
52	-2.5	-3.75	
52	-3.75	-5	
52	-3.75	-5	
52	-3.75	-7.5	
52	-3.75	-7.5	
52	-3.75	-7.5	
52	-3.75	-7.5	
52	-3.75	-7.5	
52	-3.75	-7.5	
52	-3.75	-7.5	
52	-3.75	-7.5	
52	-3.75	-7.5	
52	-3.75	-7.5	
52	-3.75	-7.5	
52	-3.75	-7.5	
52	-3.75	-7.5	
52	-3.75	-7.5	
52	-3.75	-7.5	
52	-3.75	-7.5	
52	-3.75	-7.5	
52	-3.75	-7.5	
52	-3.75	-7.5	
52	-2.5	-8.75	
52	-2.5	-8.75	
52	-2.5	-8.75	
52	-2.5	-8.75	
52	-2.5	-8.75	
52	-2.5	-8.75	
52	-2.5	-8.75	
52	-2.5	-8.75	
52	-2.5	-8.75	
52	-2.5	-8.75	
52	-2.5	-8.75	
52	-2.5	-8.75	
52	-2.5	-8.75	
52	-2.5	-8.75	
52	-2.5	-8.75	
52	-2.5	-8.75	
52	-2.5	-8.75	
52	-2.5	-8.75	
52	-2.5	-8.75	
52	-2.5	-8.75	
52	-2.5	-8.75	
52	0	-8.75	
52	2.5	-7.5	
52	7.5	-7.5	
52	35	-3.75	
52	67.5	-3.75	
52	86.25	-3.75	
52	106.25	-3.75	
52	128.75	-1.25	
52	200	-1.25	
52	222.5	-1.25	
52	263.75	-5	
52	281.25	-7.5	
52	295	-8.75	
52	326.25	-15	
52	336.25	-15	
52	338.75	-16.25	
52	342.5	-16.25	
52	343.75	-16.25	
52	347.5	-20	
53	0	0	
53	0	0	
53	0	0	
53	0	0	
53	0	0	
53	0	0	
53	0	0	
53	0	0	
53	0	0	
53	0	0	
53	0	0	
53	0	0	
53	0	0	
53	0	0	
53	0	0	
53	0	0	
53	0	0	
53	0	0	
53	0	0	
53	0	0	
53	0	0	
53	0	0	
53	0	0	
53	0	0	
53	0	0	
53	0	0	
53	0	0	
53	0	0	
53	0	0	
53	0	0	
53	0	0	
53	0	0	
53	0	0	
53	0	0	
53	0	0	
53	0	0	
53	0	0	
53	0	0	
53	0	0	
53	0	0	
53	0	0	
53	3.75	1.25	
53	8.75	3.75	
53	33.75	8.75	
53	46.25	11.25	
53	73.75	16.25	
53	87.5	18.75	
53	105	20	
53	155	27.5	
53	171.25	30	
53	186.25	30	
53	215	31.25	
53	227.5	31.25	
53	256.25	30	
53	265	31.25	
53	280	31.25	
53	286.25	33.75	
53	293.75	35	
53	310	38.75	
53	315	42.5	
53	317.5	42.5	
53	323.75	45	
53	325	46.25	
53	327.5	46.25	
53	328.75	46.25	
53	328.75	46.25	
53	328.75	46.25	
53	328.75	46.25	
53	328.75	46.25	
53	328.75	46.25	
53	328.75	46.25	
53	328.75	46.25	
53	328.75	46.25	
53	328.75	46.25	
54	0	0	
54	0	0	
54	0	0	
54	0	0	
54	0	0	
54	0	0	
54	0	0	
54	0	0	
54	0	0	
54	0	0	
54	0	0	
54	0	0	
54	0	0	
54	0	0	
54	0	0	
54	0	0	
54	0	0	
54	0	0	
54	0	0	
54	0	0	
54	0	0	
54	0	0	
54	0	0	
54	0	0	
54	0	0	
54	0	0	
54	0	0	
54	0	0	
54	0	0	
54	0	0	
54	2.5	-1.25	
54	6.25	-1.25	
54	13.75	-3.75	
54	27.5	-3.75	
54	46.25	-3.75	
54	57.5	-3.75	
54	70	-3.75	
54	101.25	-1.25	
54	120	0	
54	160	3.75	
54	178.75	6.25	
54	196.25	7.5	
54	231.25	10	
54	275	11.25	
54	287.5	11.25	
54	297.5	10	
54	305	10	
54	318.75	7.5	
54	326.25	7.5	
54	330	7.5	
54	331.25	7.5	
54	332.5	7.5	
54	333.75	7.5	
54	333.75	7.5	
54	333.75	7.5	
54	333.75	7.5	
54	333.75	7.5	
54	333.75	7.5	
54	333.75	7.5	
54	333.75	7.5	
54	333.75	7.5	
54	333.75	7.5	
54	333.75	7.5	
54	333.75	7.5	
54	333.75	7.5	
54	333.75	7.5	
54	333.75	7.5	
54	333.75	7.5	
54	333.75	7.5	
54	333.75	7.5	
54	333.75	7.5	
54	333.75	7.5	
54	333.75	7.5	
54	333.75	7.5	
55	0	0	
55	0	0	
55	0	0	
55	0	0	
55	0	0	
55	0	0	
55	0	0	
55	0	0	
55	0	0	
55	0	0	
55	0	0	
55	0	0	
55	0	0	
55	0	0	
55	0	0	
55	0	0	
55	0	0	
55	0	0	
55	0	0	
55	0	0	
55	0	0	
55	0	0	
55	0	0	
55	1.25	0	
55	7.5	0	
55	13.75	0	
55	20	2.5	
55	40	2.5	
55	65	3.75	
55	100	7.5	
55	117.5	10	
55	137.5	11.25	
55	173.75	11.25	
55	208.75	11.25	
55	225	10	
55	256.25	6.25	
55	268.75	3.75	
55	280	3.75	
55	305	-1.25	
55	315	-3.75	
55	318.75	-3.75	
55	320	-3.75	
55	322.5	-3.75	
55	325	-3.75	
55	325	-3.75	
55	325	-3.75	
55	323.75	-3.75	
55	323.75	-3.75	
55	320	-3.75	
55	318.75	-3.75	
55	317.5	-3.75	
55	317.5	-3.75	
55	317.5	-3.75	
55	317.5	-3.75	
55	317.5	-3.75	
55	317.5	-3.75	
55	317.5	-3.75	
55	317.5	-3.75	
55	317.5	-3.75	
55	317.5	-3.75	
55	317.5	-3.75	
55	317.5	-3.75	
55	317.5	-3.75	
55	317.5	-3.75	
55	317.5	-3.75	
55	317.5	-3.75	
55	317.5	-3.75	
55	317.5	-3.75	
55	317.5	-3.75	
55	317.5	-3.75	
55	317.5	-3.75	
55	317.5	-3.75	
55	317.5	-3.75	
55	317.5	-3.75	
56	0	0	
56	1.25	-1.25	
56	2.5	-1.25	
56	3.75	-3.75	
56	3.75	-3.75	
56	3.75	-3.75	
56	3.75	-3.75	
56	3.75	-3.75	
56	3.75	-3.75	
56	3.75	-3.75	
56	3.75	-3.75	
56	3.75	-3.75	
56	3.75	-3.75	
56	3.75	-3.75	
56	3.75	-3.75	
56	3.75	-3.75	
56	3.75	-3.75	
56	3.75	-3.75	
56	5	-3.75	
56	5	-3.75	
56	5	-3.75	
56	5	-3.75	
56	5	-3.75	
56	5	-3.75	
56	5	-3.75	
56	5	-3.75	
56	5	-3.75	
56	5	-3.75	
56	5	-3.75	
56	5	-3.75	
56	5	-3.75	
56	5	-3.75	
56	5	-3.75	
56	5	-3.75	
56	5	-3.75	
56	5	-3.75	
56	5	-3.75	
56	5	-3.75	
56	5	-3.75	
56	5	-3.75	
56	5	-3.75	
56	5	-3.75	
56	5	-3.75	
56	5	-3.75	
56	5	-3.75	
56	5	-3.75	
56	5	-3.75	
56	5	-3.75	
56	5	-3.75	
56	5	-3.75	
56	5	-3.75	
56	5	-3.75	
56	5	-3.75	
56	5	-3.75	
56	5	-3.75	
56	5	-3.75	
56	5	-3.75	
56	5	-3.75	
56	5	-3.75	
56	5	-3.75	
56	5	-3.75	
56	5	-3.75	
56	5	-3.75	
56	5	-3.75	
56	5	-3.75	
56	5	-3.75	
56	5	-3.75	
56	5	-3.75	
56	5	-3.75	
56	5	-3.75	
56	5	-3.75	
56	5	-3.75	
56	5	-3.75	
56	5	-3.75	
57	0	0	
57	-2.5	0	
57	-5	0	
57	-7.5	0	
57	-8.75	0	
57	-10	0	
57	-10	0	
57	-10	0	
57	-11.25	0	
57	-11.25	0	
57	-11.25	0	
57	-11.25	0	
57	-11.25	0	
57	-11.25	0	
57	-11.25	0	
57	-11.25	0	
57	-11.25	0	
57	-11.25	0	
57	-11.25	0	
57	-11.25	0	
57	-7.5	0	
57	-1.25	0	
57	8.75	2.5	
57	76.25	11.25	
57	98.75	11.25	
57	121.25	13.75	
57	143.75	13.75	
57	187.5	11.25	
57	226.25	7.5	
57	257.5	3.75	
57	268.75	2.5	
57	278.75	0	
57	286.25	0	
57	302.5	-3.75	
57	303.75	-3.75	
57	303.75	-3.75	
57	303.75	-3.75	
57	303.75	-3.75	
57	303.75	-3.75	
57	303.75	-3.75	
57	303.75	-3.75	
57	303.75	-3.75	
57	303.75	-3.75	
57	308.75	0	
57	312.5	0	
57	315	0	
57	317.5	0	
57	323.75	2.5	
57	328.75	3.75	
57	335	3.75	
57	337.5	6.25	
57	340	6.25	
57	341.25	7.5	
57	346.25	7.5	
57	347.5	7.5	
57	347.5	7.5	
57	347.5	7.5	
57	347.5	7.5	
57	347.5	7.5	
57	347.5	7.5	
57	347.5	7.5	
57	347.5	7.5	
57	347.5	7.5	
57	347.5	7.5	
57	347.5	7.5	
57	347.5	7.5	
57	347.5	7.5	
57	347.5	7.5	
57	347.5	7.5	
57	347.5	7.5	
57	347.5	7.5	
57	347.5	7.5	
57	347.5	7.5	
57	347.5	7.5	
58	0	0	
58	0	0	
58	0	0	
58	0	0	
58	0	0	
58	0	0	
58	0	0	
58	0	0	
58	0	0	
58	0	0	
58	0	0	
58	0	0	
58	0	0	
58	0	0	
58	0	0	
58	0	0	
58	0	0	
58	0	0	
58	0	0	
58	0	0	
58	0	0	
58	0	0	
58	0	0	
58	0	0	
58	0	0	
58	0	0	
58	0	0	
58	0	0	
58	2.5	1.25	
58	6.25	1.25	
58	10	1.25	
58	23.75	1.25	
58	32.5	1.25	
58	67.5	5	
58	81.25	8.75	
58	95	8.75	
58	126.25	11.25	
58	142.5	11.25	
58	176.25	8.75	
58	193.75	7.5	
58	210	5	
58	240	-2.5	
58	268.75	-6.25	
58	295	-10	
58	306.25	-11.25	
58	327.5	-13.75	
58	336.25	-13.75	
58	345	-13.75	
58	345	-13.75	
58	345	-13.75	
58	345	-13.75	
58	345	-13.75	
58	345	-13.75	
58	345	-13.75	
58	345	-13.75	
58	345	-13.75	
58	345	-13.75	
58	345	-13.75	
58	345	-13.75	
58	345	-13.75	
58	345	-13.75	
58	345	-13.75	
58	345	-13.75	
58	345	-13.75	
58	345	-13.75	
58	345	-13.75	
58	345	-13.75	
58	345	-13.75	
58	345	-13.75	
58	345	-13.75	
58	345	-13.75	
58	345	-13.75	
58	345	-13.75	
58	345	-13.75	
59	0	0	
59	0	0	
59	0	0	
59	0	0	
59	0	0	
59	0	0	
59	0	0	
59	0	0	
59	0	0	
59	0	0	
59	0	0	
59	0	0	
59	0	0	
59	0	0	
59	0	0	
59	0	0	
59	0	0	
59	0	0	
59	0	0	
59	0	0	
59	0	0	
59	0	0	
59	0	0	
59	0	0	
59	0	0	
59	0	0	
59	0	0	
59	0	0	
59	0	0	
59	0	0	
59	0	0	
59	0	0	
59	0	0	
59	-1.25	2.5	
59	0	3.75	
59	2.5	6.25	
59	13.75	11.25	
59	22.5	15	
59	67.5	22.5	
59	87.5	26.25	
59	131.25	26.25	
59	153.75	26.25	
59	177.5	25	
59	241.25	15	
59	260	11.25	
59	275	6.25	
59	301.25	-3.75	
59	310	-7.5	
59	322.5	-15	
59	328.75	-18.75	
59	332.5	-22.5	
59	333.75	-23.75	
59	335	-23.75	
59	336.25	-27.5	
59	336.25	-27.5	
59	336.25	-27.5	
59	336.25	-27.5	
59	336.25	-27.5	
59	336.25	-27.5	
59	336.25	-27.5	
59	336.25	-27.5	
59	338.75	-23.75	
59	340	-23.75	
59	345	-20	
59	345	-18.75	
59	346.25	-18.75	
59	347.5	-15	
59	348.75	-11.25	
59	348.75	-11.25	
59	348.75	-11.25	
59	348.75	-11.25	
59	348.75	-11.25	
59	348.75	-11.25	
59	348.75	-11.25	
60	0	0	
60	0	0	
60	0	0	
60	0	0	
60	0	0	
60	0	0	
60	0	0	
60	0	0	
60	0	0	
60	0	0	
60	0	0	
60	0	0	
60	0	0	
60	0	0	
60	0	0	
60	0	0	
60	0	0	
60	0	0	
60	0	0	
60	0	0	
60	0	0	
60	0	0	
60	0	0	
60	0	0	
60	0	0	
60	0	0	
60	0	0	
60	0	0	
60	0	0	
60	0	0	
60	0	0	
60	0	0	
60	0	0	
60	0	0	
60	0	0	
60	0	0	
60	0	0	
60	0	0	
60	0	0	
60	0	0	
60	0	0	
60	0	0	
60	0	0	
60	0	0	
60	0	0	
60	0	0	
60	0	0	
60	0	0	
60	0	0	
60	0	0	
60	0	0	
60	0	0	
60	0	0	
60	0	0	
60	0	0	
60	0	0	
60	0	0	
60	0	0	
60	0	0	
60	0	0	
60	0	0	
60	0	0	
60	0	0	
60	0	0	
60	0	0	
60	0	0	
60	0	0	
60	0	0	
60	0	0	
60	0	0	
60	0	0	
60	1.25	0	
60	3.75	2.5	
60	26.25	6.25	
