Trial	X	Y
1	0	0	
1	0	0	
1	0	0	
1	0	0	
1	0	0	
1	0	0	
1	0	0	
1	0	0	
1	0	0	
1	0	0	
1	0	0	
1	0	0	
1	0	0	
1	0	0	
1	0	0	
1	0	0	
1	0	0	
1	0	0	
1	0	0	
1	0	0	
1	0	0	
1	0	0	
1	0	0	
1	0	0	
1	0	0	
1	0	0	
1	0	0	
1	0	0	
1	0	0	
1	0	0	
1	0	0	
1	0	0	
1	2.5	-1.25	
1	5	-1.25	
1	15	-3.75	
1	20	-3.75	
1	26.25	-3.75	
1	31.25	-3.75	
1	46.25	-3.75	
1	71.25	-5	
1	80	-5	
1	88.75	-7.5	
1	107.5	-8.75	
1	116.25	-11.25	
1	135	-12.5	
1	155	-15	
1	165	-15	
1	175	-15	
1	195	-15	
1	222.5	-12.5	
1	231.25	-11.25	
1	231.25	-11.25	
1	253.75	-8.75	
1	261.25	-7.5	
1	271.25	-7.5	
1	278.75	-7.5	
1	281.25	-5	
1	283.75	-5	
1	290	-5	
1	298.75	-3.75	
1	302.5	-3.75	
1	305	-3.75	
1	310	-3.75	
1	312.5	-3.75	
1	317.5	-3.75	
1	321.25	-3.75	
1	325	-3.75	
1	326.25	-3.75	
1	331.25	-3.75	
1	335	-3.75	
1	336.25	-3.75	
1	336.25	-3.75	
1	337.5	-3.75	
1	337.5	-3.75	
2	0	0	
2	0	0	
2	0	0	
2	0	0	
2	0	0	
2	0	0	
2	0	0	
2	1.25	0	
2	1.25	0	
2	1.25	0	
2	1.25	0	
2	0	8.75	
2	0	8.75	
2	0	8.75	
2	0	8.75	
2	0	8.75	
2	0	8.75	
2	0	8.75	
2	0	8.75	
2	0	8.75	
2	-13.75	190	
2	-13.75	190	
2	-13.75	190	
2	-13.75	190	
2	-13.75	190	
2	-13.75	190	
2	-13.75	190	
2	-13.75	190	
2	-13.75	190	
2	-13.75	190	
2	-13.75	190	
2	-13.75	190	
2	-13.75	190	
2	-13.75	190	
2	-13.75	190	
2	-13.75	190	
2	-13.75	190	
2	-13.75	190	
2	-13.75	190	
2	-13.75	190	
2	-13.75	190	
2	-13.75	190	
2	-13.75	190	
2	-13.75	190	
2	-13.75	190	
2	-13.75	190	
2	-13.75	190	
2	-13.75	190	
2	-13.75	190	
2	-13.75	190	
2	-13.75	190	
2	-13.75	190	
2	-13.75	190	
2	-13.75	190	
2	-13.75	190	
2	-13.75	190	
2	-13.75	190	
2	-13.75	190	
2	-13.75	190	
2	-13.75	190	
2	-13.75	190	
2	-13.75	190	
2	-13.75	190	
2	-13.75	190	
2	-13.75	190	
2	-13.75	190	
2	-13.75	190	
2	-13.75	190	
2	-13.75	190	
2	-13.75	190	
2	-13.75	190	
2	-13.75	190	
2	-13.75	190	
2	-13.75	190	
3	0	0	
3	0	0	
3	0	0	
3	0	0	
3	0	0	
3	0	0	
3	0	0	
3	0	0	
3	0	0	
3	0	0	
3	0	0	
3	0	0	
3	0	0	
3	0	0	
3	0	0	
3	0	0	
3	0	0	
3	0	0	
3	0	0	
3	0	0	
3	0	0	
3	0	0	
3	0	0	
3	0	0	
3	0	0	
3	0	0	
3	0	0	
3	0	0	
3	0	0	
3	0	0	
3	0	0	
3	1.25	0	
3	2.5	0	
3	5	0	
3	11.25	-2.5	
3	15	-2.5	
3	21.25	-2.5	
3	26.25	-2.5	
3	31.25	0	
3	60	1.25	
3	67.5	1.25	
3	76.25	1.25	
3	85	3.75	
3	101.25	5	
3	120	5	
3	127.5	5	
3	145	7.5	
3	152.5	7.5	
3	160	8.75	
3	182.5	8.75	
3	195	11.25	
3	201.25	12.5	
3	207.5	12.5	
3	220	15	
3	230	16.25	
3	235	16.25	
3	243.75	16.25	
3	247.5	15	
3	251.25	15	
3	263.75	11.25	
3	272.5	8.75	
3	277.5	7.5	
3	282.5	5	
3	292.5	3.75	
3	302.5	1.25	
3	308.75	1.25	
3	308.75	1.25	
3	308.75	1.25	
3	308.75	1.25	
3	308.75	1.25	
3	308.75	1.25	
3	308.75	1.25	
3	308.75	1.25	
3	308.75	1.25	
4	0	0	
4	0	0	
4	0	0	
4	0	0	
4	0	0	
4	0	0	
4	0	0	
4	0	0	
4	0	0	
4	0	0	
4	0	0	
4	0	0	
4	0	0	
4	0	0	
4	0	0	
4	0	0	
4	0	0	
4	0	0	
4	0	0	
4	0	0	
4	0	0	
4	0	0	
4	0	0	
4	1.25	0	
4	6.25	2.5	
4	12.5	2.5	
4	17.5	3.75	
4	22.5	3.75	
4	28.75	3.75	
4	47.5	7.5	
4	63.75	7.5	
4	72.5	7.5	
4	80	10	
4	100	11.25	
4	118.75	13.75	
4	128.75	15	
4	148.75	13.75	
4	157.5	13.75	
4	167.5	13.75	
4	191.25	11.25	
4	205	7.5	
4	211.25	6.25	
4	217.5	3.75	
4	221.25	3.75	
4	235	0	
4	240	0	
4	250	-1.25	
4	255	0	
4	260	0	
4	275	0	
4	285	0	
4	288.75	0	
4	293.75	0	
4	298.75	0	
4	312.5	0	
4	317.5	0	
4	326.25	0	
4	330	0	
4	333.75	0	
4	343.75	3.75	
4	343.75	3.75	
4	343.75	3.75	
4	343.75	3.75	
4	343.75	3.75	
4	343.75	3.75	
4	343.75	3.75	
4	343.75	3.75	
4	343.75	3.75	
4	343.75	3.75	
4	343.75	3.75	
4	343.75	3.75	
4	343.75	3.75	
4	343.75	3.75	
4	343.75	3.75	
5	0	0	
5	0	0	
5	0	0	
5	0	0	
5	0	0	
5	0	0	
5	0	0	
5	0	0	
5	0	0	
5	0	0	
5	0	0	
5	0	0	
5	0	0	
5	0	0	
5	0	0	
5	0	0	
5	0	0	
5	0	0	
5	0	0	
5	0	0	
5	0	0	
5	0	0	
5	0	0	
5	0	0	
5	5	1.25	
5	8.75	1.25	
5	12.5	1.25	
5	22.5	3.75	
5	27.5	5	
5	40	7.5	
5	60	8.75	
5	70	8.75	
5	80	11.25	
5	91.25	12.5	
5	123.75	12.5	
5	135	12.5	
5	145	12.5	
5	165	12.5	
5	175	12.5	
5	202.5	12.5	
5	211.25	11.25	
5	220	11.25	
5	227.5	8.75	
5	241.25	8.75	
5	252.5	5	
5	257.5	5	
5	266.25	5	
5	270	5	
5	273.75	5	
5	282.5	5	
5	287.5	5	
5	287.5	5	
5	287.5	5	
5	287.5	5	
5	287.5	5	
5	287.5	5	
5	287.5	5	
5	287.5	5	
5	287.5	5	
5	287.5	5	
5	348.75	16.25	
5	348.75	16.25	
5	348.75	16.25	
5	348.75	16.25	
5	348.75	16.25	
5	348.75	16.25	
5	348.75	16.25	
5	348.75	16.25	
5	348.75	16.25	
5	348.75	16.25	
5	348.75	16.25	
5	348.75	16.25	
5	348.75	16.25	
5	348.75	16.25	
6	0	0	
6	0	0	
6	0	0	
6	0	0	
6	0	0	
6	0	0	
6	0	0	
6	0	0	
6	0	0	
6	0	0	
6	0	0	
6	0	0	
6	0	0	
6	0	0	
6	0	0	
6	0	0	
6	0	0	
6	0	0	
6	0	0	
6	0	0	
6	0	0	
6	0	0	
6	0	0	
6	0	0	
6	0	0	
6	0	0	
6	0	0	
6	1.25	0	
6	3.75	0	
6	11.25	0	
6	17.5	0	
6	23.75	0	
6	31.25	0	
6	38.75	2.5	
6	55	2.5	
6	70	3.75	
6	78.75	3.75	
6	86.25	3.75	
6	101.25	3.75	
6	123.75	3.75	
6	130	6.25	
6	137.5	6.25	
6	151.25	7.5	
6	157.5	7.5	
6	170	7.5	
6	183.75	7.5	
6	190	7.5	
6	196.25	7.5	
6	210	6.25	
6	228.75	3.75	
6	233.75	3.75	
6	240	3.75	
6	246.25	2.5	
6	246.25	2.5	
6	246.25	2.5	
6	246.25	2.5	
6	246.25	2.5	
6	246.25	2.5	
6	246.25	2.5	
6	246.25	2.5	
6	246.25	2.5	
6	246.25	2.5	
6	331.25	7.5	
6	332.5	7.5	
6	337.5	7.5	
6	342.5	10	
6	345	10	
6	347.5	10	
6	348.75	10	
6	348.75	10	
6	348.75	10	
6	348.75	10	
6	348.75	10	
6	348.75	10	
7	0	0	
7	0	0	
7	0	0	
7	0	0	
7	0	0	
7	0	0	
7	0	0	
7	0	0	
7	0	0	
7	0	0	
7	0	0	
7	0	0	
7	0	0	
7	0	0	
7	0	0	
7	0	0	
7	0	0	
7	0	0	
7	0	0	
7	2.5	0	
7	3.75	0	
7	6.25	0	
7	8.75	0	
7	16.25	1.25	
7	26.25	1.25	
7	38.75	3.75	
7	46.25	5	
7	53.75	5	
7	62.5	5	
7	96.25	5	
7	105	5	
7	115	3.75	
7	125	1.25	
7	143.75	1.25	
7	162.5	0	
7	171.25	-2.5	
7	190	-2.5	
7	198.75	-3.75	
7	207.5	-3.75	
7	232.5	-6.25	
7	247.5	-6.25	
7	253.75	-6.25	
7	260	-6.25	
7	270	-6.25	
7	280	-6.25	
7	283.75	-6.25	
7	292.5	-6.25	
7	297.5	-6.25	
7	301.25	-6.25	
7	313.75	-2.5	
7	321.25	-2.5	
7	323.75	0	
7	327.5	0	
7	332.5	0	
7	336.25	1.25	
7	337.5	1.25	
7	340	1.25	
7	342.5	1.25	
7	342.5	1.25	
7	345	1.25	
7	345	1.25	
7	345	1.25	
7	345	1.25	
7	345	1.25	
7	345	1.25	
7	345	1.25	
7	345	1.25	
7	345	1.25	
7	345	1.25	
7	345	1.25	
7	345	1.25	
7	345	1.25	
7	345	1.25	
7	345	1.25	
8	0	0	
8	0	0	
8	0	0	
8	0	0	
8	0	0	
8	0	0	
8	0	0	
8	0	0	
8	0	0	
8	0	0	
8	0	0	
8	0	0	
8	0	0	
8	0	0	
8	0	0	
8	0	0	
8	0	0	
8	0	0	
8	0	0	
8	0	0	
8	0	0	
8	0	0	
8	0	0	
8	1.25	0	
8	5	0	
8	8.75	0	
8	15	0	
8	20	0	
8	30	0	
8	42.5	0	
8	58.75	0	
8	66.25	2.5	
8	75	2.5	
8	83.75	3.75	
8	112.5	3.75	
8	123.75	3.75	
8	133.75	3.75	
8	156.25	3.75	
8	178.75	3.75	
8	200	2.5	
8	221.25	2.5	
8	231.25	2.5	
8	241.25	2.5	
8	251.25	2.5	
8	278.75	2.5	
8	287.5	3.75	
8	295	3.75	
8	308.75	3.75	
8	321.25	3.75	
8	331.25	6.25	
8	337.5	7.5	
8	346.25	7.5	
8	348.75	10	
8	348.75	10	
8	348.75	10	
8	348.75	10	
8	348.75	10	
8	348.75	10	
8	348.75	10	
8	348.75	10	
8	348.75	10	
8	348.75	10	
8	348.75	10	
8	348.75	10	
8	348.75	10	
8	348.75	10	
8	348.75	10	
8	348.75	10	
8	348.75	10	
8	348.75	10	
8	348.75	10	
8	348.75	10	
8	348.75	10	
8	348.75	10	
9	0	0	
9	0	0	
9	0	0	
9	0	0	
9	0	0	
9	0	0	
9	0	0	
9	0	0	
9	0	0	
9	0	0	
9	0	0	
9	0	0	
9	0	0	
9	0	0	
9	0	0	
9	0	0	
9	0	0	
9	0	0	
9	0	0	
9	0	0	
9	0	0	
9	0	0	
9	0	0	
9	0	0	
9	0	0	
9	0	0	
9	0	0	
9	0	0	
9	1.25	-2.5	
9	3.75	-2.5	
9	8.75	-3.75	
9	11.25	-3.75	
9	13.75	-3.75	
9	16.25	-2.5	
9	26.25	-2.5	
9	31.25	-2.5	
9	36.25	-2.5	
9	46.25	0	
9	58.75	1.25	
9	72.5	5	
9	80	5	
9	87.5	8.75	
9	103.75	11.25	
9	112.5	12.5	
9	136.25	15	
9	145	15	
9	153.75	15	
9	162.5	15	
9	180	15	
9	208.75	12.5	
9	220	12.5	
9	231.25	12.5	
9	252.5	11.25	
9	263.75	11.25	
9	287.5	8.75	
9	298.75	7.5	
9	320	5	
9	328.75	5	
9	348.75	5	
9	348.75	5	
9	348.75	5	
9	348.75	5	
9	348.75	5	
9	348.75	5	
9	348.75	5	
9	348.75	5	
9	348.75	5	
9	348.75	5	
9	348.75	5	
9	348.75	5	
9	348.75	5	
9	348.75	5	
9	348.75	5	
9	348.75	5	
10	0	0	
10	0	0	
10	0	0	
10	0	0	
10	0	0	
10	0	0	
10	0	0	
10	0	0	
10	0	0	
10	0	0	
10	0	0	
10	0	0	
10	0	0	
10	0	0	
10	0	0	
10	0	0	
10	0	0	
10	0	0	
10	0	0	
10	3.75	2.5	
10	11.25	2.5	
10	16.25	2.5	
10	23.75	2.5	
10	40	2.5	
10	60	0	
10	70	0	
10	93.75	-1.25	
10	107.5	-3.75	
10	135	-3.75	
10	155	-3.75	
10	190	-5	
10	207.5	-7.5	
10	223.75	-7.5	
10	237.5	-8.75	
10	267.5	-11.25	
10	280	-11.25	
10	291.25	-11.25	
10	307.5	-11.25	
10	317.5	-8.75	
10	322.5	-8.75	
10	325	-7.5	
10	326.25	-7.5	
10	326.25	-7.5	
10	326.25	-7.5	
10	326.25	-7.5	
10	326.25	-7.5	
10	326.25	-7.5	
10	327.5	-7.5	
10	328.75	-5	
10	333.75	-1.25	
10	336.25	0	
10	341.25	3.75	
10	345	3.75	
10	348.75	7.5	
10	348.75	7.5	
10	348.75	7.5	
10	348.75	7.5	
10	348.75	7.5	
10	348.75	7.5	
10	348.75	7.5	
10	348.75	7.5	
10	348.75	7.5	
10	348.75	7.5	
10	348.75	7.5	
10	348.75	7.5	
10	348.75	7.5	
10	348.75	7.5	
10	348.75	7.5	
10	348.75	7.5	
10	348.75	7.5	
10	348.75	7.5	
10	348.75	7.5	
10	348.75	7.5	
10	348.75	7.5	
11	0	0	
11	0	0	
11	0	0	
11	0	0	
11	0	0	
11	0	0	
11	0	0	
11	0	0	
11	0	0	
11	0	0	
11	0	0	
11	0	0	
11	0	0	
11	0	0	
11	0	0	
11	0	0	
11	0	0	
11	0	0	
11	0	0	
11	0	0	
11	0	0	
11	0	0	
11	0	0	
11	0	0	
11	5	1.25	
11	7.5	1.25	
11	10	3.75	
11	18.75	5	
11	25	7.5	
11	43.75	11.25	
11	51.25	12.5	
11	70	15	
11	78.75	16.25	
11	87.5	16.25	
11	117.5	16.25	
11	127.5	16.25	
11	138.75	16.25	
11	160	15	
11	171.25	12.5	
11	205	11.25	
11	216.25	8.75	
11	236.25	7.5	
11	246.25	5	
11	255	5	
11	281.25	1.25	
11	290	1.25	
11	296.25	0	
11	303.75	0	
11	317.5	0	
11	333.75	1.25	
11	338.75	1.25	
11	342.5	1.25	
11	348.75	3.75	
11	348.75	3.75	
11	348.75	3.75	
11	348.75	3.75	
11	348.75	3.75	
11	348.75	3.75	
11	348.75	3.75	
11	348.75	3.75	
11	348.75	3.75	
11	348.75	3.75	
11	348.75	3.75	
11	348.75	3.75	
11	348.75	3.75	
11	348.75	3.75	
11	348.75	3.75	
11	348.75	3.75	
11	348.75	3.75	
11	348.75	3.75	
11	348.75	3.75	
11	348.75	3.75	
11	348.75	3.75	
11	348.75	3.75	
12	0	0	
12	0	0	
12	0	0	
12	0	0	
12	0	0	
12	0	0	
12	0	0	
12	0	0	
12	0	0	
12	0	0	
12	0	0	
12	0	0	
12	0	0	
12	0	0	
12	0	0	
12	0	0	
12	0	0	
12	0	0	
12	0	0	
12	3.75	1.25	
12	6.25	1.25	
12	10	1.25	
12	15	1.25	
12	21.25	1.25	
12	45	0	
12	55	0	
12	76.25	0	
12	88.75	0	
12	102.5	0	
12	135	1.25	
12	152.5	1.25	
12	170	1.25	
12	187.5	1.25	
12	217.5	0	
12	237.5	1.25	
12	256.25	1.25	
12	288.75	3.75	
12	316.25	5	
12	327.5	5	
12	347.5	8.75	
12	347.5	8.75	
12	347.5	8.75	
12	347.5	8.75	
12	347.5	8.75	
12	347.5	8.75	
12	347.5	8.75	
12	347.5	8.75	
12	347.5	8.75	
12	347.5	8.75	
12	347.5	8.75	
12	347.5	8.75	
12	347.5	8.75	
12	347.5	8.75	
12	347.5	8.75	
12	347.5	8.75	
12	347.5	8.75	
12	347.5	8.75	
12	347.5	8.75	
12	347.5	8.75	
12	347.5	8.75	
12	347.5	8.75	
12	347.5	8.75	
12	347.5	8.75	
12	347.5	8.75	
12	347.5	8.75	
12	347.5	8.75	
12	347.5	8.75	
12	347.5	8.75	
12	347.5	8.75	
12	347.5	8.75	
12	347.5	8.75	
12	347.5	8.75	
12	347.5	8.75	
12	347.5	8.75	
13	0	0	
13	0	0	
13	0	0	
13	0	0	
13	0	0	
13	0	0	
13	0	0	
13	0	0	
13	0	0	
13	0	0	
13	0	0	
13	0	0	
13	0	0	
13	0	0	
13	0	0	
13	0	0	
13	0	0	
13	0	0	
13	0	0	
13	0	0	
13	0	0	
13	0	0	
13	0	0	
13	-1.25	1.25	
13	-1.25	1.25	
13	-1.25	1.25	
13	-1.25	1.25	
13	-1.25	1.25	
13	-1.25	1.25	
13	-1.25	1.25	
13	-1.25	1.25	
13	-1.25	1.25	
13	-1.25	1.25	
13	-1.25	1.25	
13	-1.25	1.25	
13	-1.25	1.25	
13	-1.25	1.25	
13	-1.25	1.25	
13	-1.25	1.25	
13	-1.25	1.25	
13	248.75	-1.25	
13	287.5	-2.5	
13	305	-1.25	
13	322.5	-1.25	
13	340	-1.25	
13	340	-1.25	
13	340	-1.25	
13	340	-1.25	
13	340	-1.25	
13	340	-1.25	
13	340	-1.25	
13	340	-1.25	
13	340	-1.25	
13	340	-1.25	
13	340	-1.25	
13	340	-1.25	
13	340	-1.25	
13	340	-1.25	
13	340	-1.25	
13	340	-1.25	
13	340	-1.25	
13	340	-1.25	
13	340	-1.25	
13	340	-1.25	
13	340	-1.25	
13	340	-1.25	
13	340	-1.25	
13	340	-1.25	
13	340	-1.25	
13	340	-1.25	
13	340	-1.25	
13	340	-1.25	
13	340	-1.25	
13	340	-1.25	
14	0	0	
14	0	0	
14	0	0	
14	0	0	
14	0	0	
14	0	0	
14	0	0	
14	0	0	
14	0	0	
14	0	0	
14	0	0	
14	0	0	
14	0	0	
14	0	0	
14	0	0	
14	0	0	
14	0	0	
14	0	0	
14	0	0	
14	0	0	
14	0	0	
14	0	0	
14	0	0	
14	0	0	
14	0	0	
14	0	0	
14	0	0	
14	0	0	
14	1.25	0	
14	3.75	0	
14	7.5	0	
14	12.5	3.75	
14	17.5	3.75	
14	20	6.25	
14	36.25	7.5	
14	42.5	10	
14	48.75	11.25	
14	65	11.25	
14	65	11.25	
14	88.75	13.75	
14	88.75	13.75	
14	103.75	13.75	
14	128.75	15	
14	141.25	15	
14	175	11.25	
14	186.25	11.25	
14	197.5	11.25	
14	220	7.5	
14	231.25	7.5	
14	265	7.5	
14	276.25	6.25	
14	287.5	6.25	
14	308.75	6.25	
14	318.75	6.25	
14	347.5	6.25	
14	347.5	6.25	
14	347.5	6.25	
14	347.5	6.25	
14	347.5	6.25	
14	347.5	6.25	
14	347.5	6.25	
14	347.5	6.25	
14	347.5	6.25	
14	347.5	6.25	
14	347.5	6.25	
14	347.5	6.25	
14	347.5	6.25	
14	347.5	6.25	
14	347.5	6.25	
14	347.5	6.25	
14	347.5	6.25	
14	347.5	6.25	
14	347.5	6.25	
14	347.5	6.25	
15	0	0	
15	0	0	
15	0	0	
15	0	0	
15	0	0	
15	0	0	
15	0	0	
15	0	0	
15	0	0	
15	0	0	
15	0	0	
15	0	0	
15	0	0	
15	0	0	
15	0	0	
15	0	0	
15	0	0	
15	0	0	
15	0	0	
15	0	0	
15	0	0	
15	2.5	0	
15	5	0	
15	8.75	0	
15	22.5	0	
15	30	0	
15	36.25	0	
15	53.75	0	
15	63.75	0	
15	92.5	2.5	
15	101.25	2.5	
15	121.25	3.75	
15	131.25	3.75	
15	141.25	3.75	
15	176.25	3.75	
15	187.5	3.75	
15	200	3.75	
15	225	6.25	
15	236.25	3.75	
15	270	2.5	
15	281.25	0	
15	302.5	0	
15	313.75	-1.25	
15	323.75	-1.25	
15	335	-3.75	
15	335	-3.75	
15	335	-3.75	
15	335	-3.75	
15	335	-3.75	
15	335	-3.75	
15	335	-3.75	
15	335	-3.75	
15	335	-3.75	
15	335	-3.75	
15	335	-3.75	
15	335	-3.75	
15	335	-3.75	
15	335	-3.75	
15	335	-3.75	
15	335	-3.75	
15	335	-3.75	
15	335	-3.75	
15	335	-3.75	
15	335	-3.75	
15	335	-3.75	
15	335	-3.75	
15	335	-3.75	
15	335	-3.75	
15	335	-3.75	
15	335	-3.75	
15	335	-3.75	
15	335	-3.75	
15	335	-3.75	
15	335	-3.75	
16	0	0	
16	0	0	
16	0	0	
16	0	0	
16	0	0	
16	0	0	
16	0	0	
16	0	0	
16	0	0	
16	0	0	
16	0	0	
16	0	0	
16	0	0	
16	0	0	
16	0	0	
16	0	0	
16	0	0	
16	0	0	
16	0	0	
16	0	0	
16	0	0	
16	0	0	
16	0	0	
16	0	0	
16	1.25	0	
16	2.5	0	
16	7.5	0	
16	11.25	2.5	
16	20	2.5	
16	30	3.75	
16	43.75	6.25	
16	51.25	7.5	
16	57.5	7.5	
16	66.25	7.5	
16	91.25	7.5	
16	100	7.5	
16	122.5	11.25	
16	133.75	13.75	
16	145	15	
16	175	17.5	
16	185	18.75	
16	203.75	18.75	
16	212.5	18.75	
16	221.25	18.75	
16	247.5	18.75	
16	255	21.25	
16	271.25	22.5	
16	277.5	22.5	
16	285	22.5	
16	300	22.5	
16	303.75	22.5	
16	307.5	22.5	
16	311.25	22.5	
16	315	22.5	
16	318.75	22.5	
16	320	22.5	
16	321.25	22.5	
16	322.5	22.5	
16	322.5	22.5	
16	322.5	22.5	
16	322.5	22.5	
16	322.5	22.5	
16	323.75	22.5	
16	323.75	22.5	
16	323.75	22.5	
16	323.75	22.5	
16	323.75	22.5	
16	323.75	22.5	
16	323.75	22.5	
16	323.75	22.5	
16	323.75	22.5	
16	323.75	22.5	
16	323.75	22.5	
16	323.75	22.5	
17	0	0	
17	0	0	
17	0	0	
17	0	0	
17	0	0	
17	0	0	
17	0	0	
17	0	0	
17	0	0	
17	0	0	
17	0	0	
17	0	0	
17	0	0	
17	0	0	
17	0	0	
17	0	0	
17	0	0	
17	0	0	
17	0	0	
17	0	0	
17	0	0	
17	0	0	
17	2.5	0	
17	3.75	0	
17	8.75	0	
17	16.25	1.25	
17	21.25	1.25	
17	27.5	3.75	
17	35	5	
17	35	5	
17	35	5	
17	35	5	
17	35	5	
17	35	5	
17	35	5	
17	35	5	
17	35	5	
17	35	5	
17	35	5	
17	35	5	
17	35	5	
17	35	5	
17	220	27.5	
17	220	27.5	
17	220	27.5	
17	220	27.5	
17	220	27.5	
17	220	27.5	
17	220	27.5	
17	220	27.5	
17	345	46.25	
17	345	46.25	
17	345	46.25	
17	345	46.25	
17	345	46.25	
17	345	46.25	
17	345	46.25	
17	345	46.25	
17	345	46.25	
17	345	46.25	
17	345	46.25	
17	345	46.25	
17	345	46.25	
17	345	46.25	
17	345	46.25	
17	345	46.25	
17	345	46.25	
17	345	46.25	
17	345	46.25	
17	345	46.25	
17	345	46.25	
17	345	46.25	
17	345	46.25	
17	345	46.25	
18	0	0	
18	0	0	
18	0	0	
18	0	0	
18	0	0	
18	0	0	
18	0	0	
18	0	0	
18	0	0	
18	0	0	
18	0	0	
18	0	0	
18	0	0	
18	0	0	
18	0	0	
18	0	0	
18	0	0	
18	0	0	
18	0	0	
18	0	0	
18	0	0	
18	2.5	-1.25	
18	5	-1.25	
18	7.5	-3.75	
18	18.75	-3.75	
18	27.5	-5	
18	38.75	-7.5	
18	52.5	-7.5	
18	82.5	-11.25	
18	111.25	-15	
18	127.5	-15	
18	158.75	-16.25	
18	176.25	-16.25	
18	192.5	-15	
18	243.75	-8.75	
18	260	-5	
18	287.5	0	
18	300	2.5	
18	311.25	3.75	
18	337.5	7.5	
18	343.75	7.5	
18	348.75	10	
18	348.75	10	
18	348.75	10	
18	348.75	10	
18	348.75	10	
18	348.75	10	
18	348.75	10	
18	348.75	10	
18	348.75	10	
18	348.75	10	
18	348.75	10	
18	348.75	10	
18	348.75	10	
18	348.75	10	
18	348.75	10	
18	348.75	10	
18	348.75	10	
18	348.75	10	
18	348.75	10	
18	348.75	10	
18	348.75	10	
18	348.75	10	
18	348.75	10	
18	348.75	10	
18	348.75	10	
18	348.75	10	
18	348.75	10	
18	348.75	10	
18	348.75	10	
18	348.75	10	
18	348.75	10	
18	348.75	10	
18	348.75	10	
19	0	0	
19	0	0	
19	0	0	
19	0	0	
19	0	0	
19	0	0	
19	0	0	
19	0	0	
19	0	0	
19	0	0	
19	0	0	
19	0	0	
19	0	0	
19	0	0	
19	2.5	0	
19	8.75	2.5	
19	12.5	2.5	
19	17.5	3.75	
19	30	6.25	
19	45	7.5	
19	55	10	
19	65	11.25	
19	87.5	11.25	
19	98.75	11.25	
19	123.75	10	
19	150	7.5	
19	177.5	3.75	
19	191.25	3.75	
19	205	0	
19	246.25	-7.5	
19	260	-8.75	
19	272.5	-11.25	
19	285	-11.25	
19	306.25	-12.5	
19	326.25	-11.25	
19	338.75	-11.25	
19	345	-8.75	
19	345	-8.75	
19	345	-8.75	
19	345	-8.75	
19	345	-8.75	
19	345	-8.75	
19	345	-8.75	
19	345	-8.75	
19	345	-8.75	
19	345	-8.75	
19	345	-8.75	
19	345	-8.75	
19	345	-8.75	
19	345	-8.75	
19	345	-8.75	
19	345	-8.75	
19	345	-8.75	
19	345	-8.75	
19	345	-8.75	
19	345	-8.75	
19	345	-8.75	
19	345	-8.75	
19	345	-8.75	
19	345	-8.75	
19	345	-8.75	
19	345	-8.75	
19	345	-8.75	
19	345	-8.75	
19	345	-8.75	
19	345	-8.75	
19	345	-8.75	
19	345	-8.75	
19	345	-8.75	
19	345	-8.75	
19	345	-8.75	
19	345	-8.75	
19	345	-8.75	
19	345	-8.75	
20	0	0	
20	0	0	
20	0	0	
20	0	0	
20	0	0	
20	0	0	
20	0	0	
20	0	0	
20	0	0	
20	0	0	
20	0	0	
20	0	0	
20	0	0	
20	0	0	
20	0	0	
20	0	0	
20	0	0	
20	0	0	
20	0	0	
20	0	0	
20	0	0	
20	0	0	
20	0	0	
20	2.5	0	
20	10	-1.25	
20	21.25	-1.25	
20	27.5	-1.25	
20	45	-1.25	
20	53.75	-1.25	
20	90	-3.75	
20	102.5	-7.5	
20	117.5	-7.5	
20	132.5	-11.25	
20	165	-12.5	
20	198.75	-11.25	
20	230	-8.75	
20	246.25	-7.5	
20	260	-3.75	
20	273.75	-1.25	
20	302.5	2.5	
20	308.75	3.75	
20	313.75	3.75	
20	321.25	6.25	
20	323.75	6.25	
20	327.5	7.5	
20	328.75	7.5	
20	330	7.5	
20	330	7.5	
20	330	7.5	
20	331.25	7.5	
20	331.25	7.5	
20	331.25	7.5	
20	333.75	7.5	
20	333.75	7.5	
20	336.25	7.5	
20	336.25	7.5	
20	337.5	7.5	
20	337.5	7.5	
20	337.5	7.5	
20	337.5	7.5	
20	337.5	7.5	
20	338.75	7.5	
20	338.75	7.5	
20	340	7.5	
20	340	7.5	
20	340	7.5	
20	340	7.5	
20	340	7.5	
20	340	7.5	
20	340	7.5	
20	340	7.5	
20	340	7.5	
20	340	7.5	
20	340	7.5	
21	0	0	
21	0	0	
21	0	0	
21	0	0	
21	0	0	
21	0	0	
21	0	0	
21	0	0	
21	0	0	
21	0	0	
21	0	0	
21	0	0	
21	0	0	
21	0	0	
21	0	0	
21	0	0	
21	0	0	
21	0	0	
21	0	0	
21	0	0	
21	0	0	
21	0	0	
21	0	0	
21	0	0	
21	0	0	
21	0	0	
21	0	0	
21	0	0	
21	0	0	
21	0	0	
21	0	0	
21	0	0	
21	0	0	
21	0	0	
21	0	0	
21	0	0	
21	0	0	
21	0	0	
21	0	0	
21	0	0	
21	0	0	
21	0	0	
21	0	0	
21	0	0	
21	0	0	
21	0	0	
21	0	0	
21	0	0	
21	0	0	
21	0	0	
21	0	0	
21	0	0	
21	0	0	
21	0	0	
21	0	0	
21	0	0	
21	0	0	
21	0	0	
21	0	0	
21	0	0	
21	0	0	
21	0	0	
21	0	0	
21	0	0	
21	0	0	
21	0	0	
21	0	0	
21	0	0	
21	0	0	
21	0	0	
21	0	0	
21	0	0	
21	0	0	
21	0	0	
22	0	0	
22	0	0	
22	0	0	
22	0	0	
22	-1.25	0	
22	-6.25	-1.25	
22	-8.75	-3.75	
22	-13.75	-3.75	
22	-18.75	-5	
22	-36.25	-11.25	
22	-41.25	-11.25	
22	-45	-11.25	
22	-52.5	-15	
22	-55	-15	
22	-58.75	-15	
22	-61.25	-15	
22	-62.5	-15	
22	-62.5	-15	
22	-62.5	-15	
22	-62.5	-15	
22	-62.5	-15	
22	-62.5	-15	
22	-62.5	-15	
22	-62.5	-15	
22	-62.5	-15	
22	-62.5	-15	
22	-62.5	-15	
22	-62.5	-15	
22	-62.5	-15	
22	-57.5	-16.25	
22	-53.75	-16.25	
22	-48.75	-15	
22	-33.75	-15	
22	-23.75	-15	
22	-1.25	-11.25	
22	26.25	-7.5	
22	42.5	-7.5	
22	57.5	-5	
22	90	0	
22	121.25	3.75	
22	148.75	3.75	
22	161.25	6.25	
22	173.75	6.25	
22	183.75	6.25	
22	212.5	2.5	
22	230	0	
22	237.5	-1.25	
22	246.25	-3.75	
22	255	-5	
22	270	-7.5	
22	285	-11.25	
22	291.25	-11.25	
22	296.25	-11.25	
22	302.5	-12.5	
22	315	-15	
22	320	-15	
22	321.25	-15	
22	323.75	-15	
22	323.75	-15	
22	325	-15	
22	325	-15	
22	325	-15	
22	325	-15	
22	325	-15	
22	325	-15	
22	325	-15	
22	325	-15	
22	325	-15	
22	325	-15	
22	325	-15	
22	325	-11.25	
22	325	-11.25	
22	325	-11.25	
22	325	-11.25	
23	0	0	
23	0	0	
23	0	0	
23	0	0	
23	0	0	
23	0	0	
23	0	0	
23	0	0	
23	0	0	
23	0	0	
23	0	0	
23	0	0	
23	0	0	
23	0	0	
23	0	0	
23	0	0	
23	0	0	
23	0	0	
23	0	0	
23	0	0	
23	0	0	
23	0	0	
23	0	0	
23	0	0	
23	0	0	
23	0	0	
23	1.25	0	
23	3.75	1.25	
23	7.5	1.25	
23	22.5	3.75	
23	30	3.75	
23	38.75	5	
23	58.75	5	
23	71.25	5	
23	113.75	3.75	
23	130	3.75	
23	146.25	5	
23	167.5	7.5	
23	187.5	8.75	
23	242.5	16.25	
23	258.75	18.75	
23	287.5	20	
23	298.75	20	
23	308.75	20	
23	331.25	20	
23	340	18.75	
23	343.75	18.75	
23	347.5	16.25	
23	347.5	16.25	
23	347.5	16.25	
23	347.5	16.25	
23	347.5	16.25	
23	347.5	16.25	
23	347.5	16.25	
23	347.5	16.25	
23	347.5	16.25	
23	347.5	16.25	
23	347.5	16.25	
23	347.5	16.25	
23	347.5	16.25	
23	347.5	16.25	
23	347.5	16.25	
23	347.5	16.25	
23	347.5	16.25	
23	347.5	16.25	
23	347.5	16.25	
23	347.5	16.25	
23	347.5	16.25	
23	347.5	16.25	
23	347.5	16.25	
23	347.5	16.25	
23	347.5	16.25	
23	347.5	16.25	
23	347.5	16.25	
24	0	0	
24	0	0	
24	0	0	
24	0	0	
24	0	0	
24	0	0	
24	0	0	
24	0	0	
24	0	0	
24	0	0	
24	0	0	
24	0	0	
24	0	0	
24	0	0	
24	0	0	
24	0	0	
24	0	0	
24	0	0	
24	0	0	
24	0	0	
24	0	0	
24	0	0	
24	0	0	
24	0	0	
24	0	0	
24	0	0	
24	0	0	
24	0	0	
24	0	0	
24	0	0	
24	0	0	
24	0	0	
24	0	0	
24	0	0	
24	0	0	
24	0	0	
24	0	0	
24	0	0	
24	0	0	
24	0	0	
24	0	0	
24	0	0	
24	0	0	
24	0	0	
24	0	0	
24	0	0	
24	0	0	
24	0	0	
24	0	0	
24	0	0	
24	0	0	
24	0	0	
24	0	0	
24	0	0	
24	0	0	
24	0	0	
24	0	0	
24	2.5	-2.5	
24	5	-2.5	
24	13.75	-2.5	
24	27.5	0	
24	36.25	0	
24	46.25	0	
24	57.5	1.25	
24	115	-2.5	
24	132.5	-2.5	
24	148.75	-2.5	
24	163.75	-2.5	
24	180	0	
24	213.75	1.25	
24	243.75	5	
24	256.25	8.75	
24	268.75	8.75	
24	278.75	12.5	
25	0	0	
25	0	0	
25	0	0	
25	0	0	
25	0	0	
25	0	0	
25	0	0	
25	0	0	
25	0	0	
25	0	0	
25	0	0	
25	0	0	
25	0	0	
25	0	0	
25	0	0	
25	0	0	
25	0	0	
25	0	0	
25	0	0	
25	0	0	
25	0	0	
25	0	0	
25	0	0	
25	0	0	
25	0	0	
25	0	0	
25	0	0	
25	0	0	
25	0	0	
25	0	0	
25	0	0	
25	0	0	
25	0	0	
25	0	0	
25	0	0	
25	0	0	
25	0	0	
25	0	0	
25	0	0	
25	0	0	
25	0	0	
25	0	0	
25	0	0	
25	0	0	
25	0	0	
25	0	0	
25	0	0	
25	0	0	
25	0	0	
25	0	0	
25	0	0	
25	0	0	
25	0	0	
25	0	0	
25	0	0	
25	0	0	
25	0	0	
25	0	0	
25	0	0	
25	0	0	
25	0	0	
25	0	0	
25	0	0	
25	1.25	0	
25	12.5	0	
25	20	2.5	
25	26.25	2.5	
25	35	2.5	
25	56.25	3.75	
25	82.5	6.25	
25	115	7.5	
25	132.5	7.5	
25	150	11.25	
25	168.75	11.25	
26	0	0	
26	0	0	
26	0	0	
26	0	0	
26	0	0	
26	0	0	
26	0	0	
26	0	0	
26	0	0	
26	0	0	
26	0	0	
26	0	0	
26	0	0	
26	0	0	
26	0	0	
26	0	0	
26	0	0	
26	0	0	
26	0	0	
26	0	0	
26	0	0	
26	0	0	
26	0	0	
26	0	0	
26	0	0	
26	0	-2.5	
26	2.5	-2.5	
26	3.75	-2.5	
26	10	-2.5	
26	21.25	-2.5	
26	27.5	-2.5	
26	43.75	-3.75	
26	53.75	-6.25	
26	65	-6.25	
26	103.75	-10	
26	118.75	-11.25	
26	133.75	-13.75	
26	148.75	-13.75	
26	168.75	-11.25	
26	206.25	-10	
26	223.75	-7.5	
26	255	-6.25	
26	268.75	-3.75	
26	281.25	-2.5	
26	313.75	0	
26	328.75	1.25	
26	335	1.25	
26	340	1.25	
26	346.25	1.25	
26	346.25	1.25	
26	346.25	1.25	
26	346.25	1.25	
26	346.25	1.25	
26	346.25	1.25	
26	346.25	1.25	
26	346.25	1.25	
26	346.25	1.25	
26	346.25	1.25	
26	346.25	1.25	
26	346.25	1.25	
26	346.25	1.25	
26	346.25	1.25	
26	346.25	1.25	
26	346.25	1.25	
26	346.25	1.25	
26	346.25	1.25	
26	346.25	1.25	
26	346.25	1.25	
26	346.25	1.25	
26	346.25	1.25	
26	346.25	1.25	
26	346.25	1.25	
26	346.25	1.25	
26	346.25	1.25	
27	0	0	
27	0	0	
27	0	0	
27	0	0	
27	0	0	
27	0	0	
27	0	0	
27	0	0	
27	0	0	
27	0	0	
27	0	0	
27	0	0	
27	0	0	
27	0	0	
27	0	0	
27	0	0	
27	0	0	
27	0	0	
27	0	0	
27	0	0	
27	0	0	
27	0	0	
27	0	0	
27	0	0	
27	0	0	
27	0	-2.5	
27	0	-2.5	
27	0	-2.5	
27	6.25	-3.75	
27	15	-6.25	
27	21.25	-7.5	
27	36.25	-10	
27	46.25	-10	
27	57.5	-11.25	
27	100	-13.75	
27	137.5	-11.25	
27	157.5	-10	
27	177.5	-10	
27	218.75	-3.75	
27	242.5	-2.5	
27	285	3.75	
27	303.75	5	
27	320	7.5	
27	347.5	8.75	
27	347.5	8.75	
27	347.5	8.75	
27	347.5	8.75	
27	347.5	8.75	
27	347.5	8.75	
27	347.5	8.75	
27	347.5	8.75	
27	347.5	8.75	
27	347.5	8.75	
27	347.5	8.75	
27	347.5	8.75	
27	347.5	8.75	
27	347.5	8.75	
27	347.5	8.75	
27	347.5	8.75	
27	347.5	8.75	
27	347.5	8.75	
27	347.5	8.75	
27	347.5	8.75	
27	347.5	8.75	
27	347.5	8.75	
27	347.5	8.75	
27	347.5	8.75	
27	347.5	8.75	
27	347.5	8.75	
27	347.5	8.75	
27	347.5	8.75	
27	347.5	8.75	
27	347.5	8.75	
27	347.5	8.75	
28	0	0	
28	0	0	
28	0	0	
28	0	0	
28	0	0	
28	0	0	
28	0	0	
28	0	0	
28	0	0	
28	0	0	
28	0	0	
28	0	0	
28	0	0	
28	0	0	
28	0	0	
28	0	0	
28	0	0	
28	0	0	
28	0	0	
28	0	0	
28	0	0	
28	0	0	
28	0	0	
28	0	0	
28	0	0	
28	0	0	
28	0	0	
28	0	0	
28	0	0	
28	0	0	
28	0	0	
28	0	0	
28	0	0	
28	0	0	
28	3.75	-1.25	
28	10	-3.75	
28	15	-3.75	
28	21.25	-3.75	
28	38.75	-5	
28	61.25	-7.5	
28	75	-7.5	
28	106.25	-7.5	
28	123.75	-7.5	
28	142.5	-7.5	
28	197.5	-3.75	
28	232.5	0	
28	252.5	2.5	
28	270	3.75	
28	286.25	7.5	
28	328.75	15	
28	338.75	18.75	
28	347.5	21.25	
28	347.5	21.25	
28	347.5	21.25	
28	347.5	21.25	
28	347.5	21.25	
28	347.5	21.25	
28	347.5	21.25	
28	347.5	21.25	
28	347.5	21.25	
28	347.5	21.25	
28	347.5	21.25	
28	347.5	21.25	
28	347.5	21.25	
28	347.5	21.25	
28	347.5	21.25	
28	347.5	21.25	
28	347.5	21.25	
28	347.5	21.25	
28	347.5	21.25	
28	347.5	21.25	
28	347.5	21.25	
28	347.5	21.25	
28	347.5	21.25	
29	0	0	
29	0	0	
29	0	0	
29	0	0	
29	0	0	
29	0	0	
29	-1.25	0	
29	-1.25	0	
29	-1.25	0	
29	-1.25	0	
29	-1.25	0	
29	-1.25	0	
29	-1.25	0	
29	-1.25	0	
29	-1.25	0	
29	-1.25	0	
29	-1.25	0	
29	-1.25	0	
29	-1.25	0	
29	-1.25	0	
29	-1.25	0	
29	-1.25	0	
29	-1.25	0	
29	-1.25	0	
29	-1.25	0	
29	-1.25	0	
29	-1.25	0	
29	-1.25	0	
29	-1.25	0	
29	-1.25	0	
29	-1.25	0	
29	-1.25	0	
29	-1.25	0	
29	-1.25	0	
29	-1.25	0	
29	-1.25	0	
29	-1.25	0	
29	-1.25	0	
29	-1.25	0	
29	-1.25	0	
29	-1.25	0	
29	-1.25	0	
29	-1.25	0	
29	-1.25	0	
29	1.25	0	
29	2.5	0	
29	6.25	0	
29	12.5	0	
29	20	-1.25	
29	56.25	-3.75	
29	56.25	-3.75	
29	56.25	-3.75	
29	56.25	-3.75	
29	93.75	-1.25	
29	186.25	3.75	
29	211.25	6.25	
29	235	7.5	
29	251.25	11.25	
29	265	11.25	
29	291.25	11.25	
29	295	13.75	
29	300	13.75	
29	305	13.75	
29	306.25	13.75	
29	307.5	13.75	
29	307.5	13.75	
29	307.5	13.75	
29	307.5	13.75	
29	307.5	13.75	
29	308.75	13.75	
29	308.75	13.75	
29	308.75	13.75	
29	308.75	13.75	
29	308.75	13.75	
30	0	0	
30	0	0	
30	0	0	
30	0	0	
30	0	0	
30	0	0	
30	0	0	
30	0	0	
30	0	0	
30	0	0	
30	0	0	
30	0	0	
30	0	0	
30	0	0	
30	0	0	
30	0	0	
30	0	0	
30	0	0	
30	1.25	0	
30	11.25	0	
30	16.25	0	
30	22.5	0	
30	40	0	
30	51.25	0	
30	76.25	0	
30	93.75	2.5	
30	117.5	3.75	
30	138.75	3.75	
30	138.75	3.75	
30	188.75	3.75	
30	211.25	6.25	
30	232.5	7.5	
30	250	7.5	
30	280	7.5	
30	291.25	11.25	
30	291.25	11.25	
30	291.25	11.25	
30	291.25	11.25	
30	291.25	11.25	
30	291.25	11.25	
30	291.25	11.25	
30	291.25	11.25	
30	291.25	11.25	
30	291.25	11.25	
30	291.25	11.25	
30	291.25	11.25	
30	291.25	11.25	
30	291.25	11.25	
30	291.25	11.25	
30	291.25	11.25	
30	291.25	11.25	
30	291.25	11.25	
30	291.25	11.25	
30	291.25	11.25	
30	291.25	11.25	
30	291.25	11.25	
30	291.25	11.25	
30	291.25	11.25	
30	291.25	11.25	
30	291.25	11.25	
30	291.25	11.25	
30	291.25	11.25	
30	291.25	11.25	
30	291.25	11.25	
30	291.25	11.25	
30	291.25	11.25	
30	291.25	11.25	
30	291.25	11.25	
30	291.25	11.25	
30	291.25	11.25	
30	291.25	11.25	
30	291.25	11.25	
30	291.25	11.25	
30	291.25	11.25	
31	0	0	
31	0	0	
31	0	0	
31	0	0	
31	0	0	
31	0	0	
31	0	0	
31	0	0	
31	0	0	
31	0	0	
31	0	0	
31	0	0	
31	0	0	
31	0	0	
31	0	0	
31	0	0	
31	0	0	
31	0	0	
31	0	0	
31	0	0	
31	0	0	
31	0	0	
31	2.5	0	
31	7.5	0	
31	22.5	0	
31	28.75	0	
31	43.75	2.5	
31	52.5	2.5	
31	62.5	3.75	
31	92.5	3.75	
31	103.75	3.75	
31	116.25	3.75	
31	128.75	3.75	
31	153.75	0	
31	192.5	0	
31	207.5	0	
31	221.25	0	
31	250	0	
31	265	2.5	
31	302.5	3.75	
31	313.75	3.75	
31	322.5	3.75	
31	332.5	3.75	
31	347.5	3.75	
31	347.5	3.75	
31	347.5	3.75	
31	347.5	3.75	
31	347.5	3.75	
31	347.5	3.75	
31	347.5	3.75	
31	347.5	3.75	
31	347.5	3.75	
31	347.5	3.75	
31	347.5	3.75	
31	347.5	3.75	
31	347.5	3.75	
31	347.5	3.75	
31	347.5	3.75	
31	347.5	3.75	
31	347.5	3.75	
31	347.5	3.75	
31	347.5	3.75	
31	347.5	3.75	
31	347.5	3.75	
31	347.5	3.75	
31	347.5	3.75	
31	347.5	3.75	
31	347.5	3.75	
31	347.5	3.75	
31	347.5	3.75	
31	347.5	3.75	
31	347.5	3.75	
31	347.5	3.75	
31	347.5	3.75	
32	0	0	
32	0	0	
32	0	0	
32	0	0	
32	0	0	
32	0	0	
32	0	0	
32	0	0	
32	0	0	
32	0	0	
32	0	0	
32	0	0	
32	0	0	
32	0	0	
32	0	0	
32	0	0	
32	0	0	
32	0	0	
32	0	0	
32	0	0	
32	0	0	
32	0	0	
32	2.5	-2.5	
32	6.25	-2.5	
32	13.75	-2.5	
32	18.75	-3.75	
32	33.75	-2.5	
32	42.5	-2.5	
32	51.25	-2.5	
32	82.5	-2.5	
32	93.75	-2.5	
32	105	-2.5	
32	131.25	-6.25	
32	157.5	-6.25	
32	172.5	-6.25	
32	193.75	-6.25	
32	230	-3.75	
32	247.5	-2.5	
32	262.5	-2.5	
32	301.25	-2.5	
32	312.5	-2.5	
32	321.25	-3.75	
32	337.5	-6.25	
32	337.5	-6.25	
32	337.5	-6.25	
32	337.5	-6.25	
32	337.5	-6.25	
32	337.5	-6.25	
32	337.5	-6.25	
32	337.5	-6.25	
32	337.5	-6.25	
32	337.5	-6.25	
32	337.5	-6.25	
32	337.5	-6.25	
32	337.5	-6.25	
32	337.5	-6.25	
32	337.5	-6.25	
32	337.5	-6.25	
32	337.5	-6.25	
32	337.5	-6.25	
32	337.5	-6.25	
32	337.5	-6.25	
32	337.5	-6.25	
32	337.5	-6.25	
32	337.5	-6.25	
32	337.5	-6.25	
32	337.5	-6.25	
32	337.5	-6.25	
32	337.5	-6.25	
32	337.5	-6.25	
32	337.5	-6.25	
32	337.5	-6.25	
32	337.5	-6.25	
32	337.5	-6.25	
33	0	0	
33	0	0	
33	0	0	
33	0	0	
33	0	0	
33	0	0	
33	0	0	
33	0	0	
33	0	0	
33	0	0	
33	0	0	
33	0	0	
33	0	0	
33	0	0	
33	0	0	
33	0	0	
33	0	0	
33	0	0	
33	0	0	
33	0	0	
33	0	0	
33	0	0	
33	0	0	
33	0	0	
33	2.5	0	
33	3.75	0	
33	5	0	
33	7.5	0	
33	11.25	1.25	
33	17.5	1.25	
33	21.25	1.25	
33	27.5	3.75	
33	31.25	3.75	
33	37.5	5	
33	41.25	5	
33	43.75	5	
33	43.75	5	
33	45	5	
33	45	5	
33	45	5	
33	45	5	
33	45	5	
33	45	5	
33	47.5	5	
33	50	5	
33	58.75	7.5	
33	63.75	8.75	
33	71.25	8.75	
33	80	11.25	
33	111.25	16.25	
33	122.5	16.25	
33	133.75	20	
33	153.75	20	
33	168.75	23.75	
33	175	23.75	
33	175	23.75	
33	175	23.75	
33	175	23.75	
33	175	23.75	
33	175	23.75	
33	175	23.75	
33	175	23.75	
33	175	23.75	
33	175	23.75	
33	175	23.75	
33	175	23.75	
33	175	23.75	
33	175	23.75	
33	175	23.75	
33	175	23.75	
33	175	23.75	
33	175	23.75	
33	175	23.75	
33	175	23.75	
34	0	0	
34	0	0	
34	0	0	
34	0	0	
34	0	0	
34	0	0	
34	0	0	
34	0	0	
34	0	0	
34	0	0	
34	0	0	
34	0	0	
34	0	0	
34	0	0	
34	0	0	
34	0	0	
34	0	0	
34	0	0	
34	0	0	
34	0	0	
34	0	0	
34	0	0	
34	0	0	
34	0	0	
34	0	0	
34	0	0	
34	0	0	
34	0	0	
34	0	0	
34	0	0	
34	0	0	
34	0	0	
34	0	0	
34	0	0	
34	0	0	
34	0	0	
34	0	0	
34	0	0	
34	0	0	
34	0	0	
34	0	0	
34	0	0	
34	0	0	
34	0	0	
34	0	0	
34	0	0	
34	0	0	
34	0	0	
34	0	0	
34	0	0	
34	0	0	
34	0	0	
34	0	0	
34	0	0	
34	0	0	
34	0	0	
34	0	0	
34	0	0	
34	0	0	
34	0	0	
34	0	0	
34	0	0	
34	1.25	0	
34	3.75	0	
34	6.25	2.5	
34	12.5	3.75	
34	16.25	3.75	
34	21.25	3.75	
34	27.5	6.25	
34	51.25	10	
34	62.5	11.25	
34	73.75	11.25	
34	101.25	15	
34	132.5	18.75	
35	0	0	
35	0	0	
35	0	0	
35	0	0	
35	0	0	
35	0	0	
35	0	0	
35	0	0	
35	0	0	
35	0	0	
35	0	0	
35	0	0	
35	0	0	
35	0	0	
35	0	0	
35	0	0	
35	0	0	
35	0	0	
35	0	0	
35	0	0	
35	0	0	
35	0	0	
35	0	0	
35	0	0	
35	2.5	2.5	
35	5	2.5	
35	8.75	3.75	
35	11.25	3.75	
35	15	3.75	
35	27.5	7.5	
35	32.5	10	
35	45	11.25	
35	52.5	13.75	
35	67.5	15	
35	85	17.5	
35	105	17.5	
35	116.25	15	
35	128.75	15	
35	142.5	15	
35	170	15	
35	190	15	
35	230	18.75	
35	250	18.75	
35	271.25	21.25	
35	312.5	22.5	
35	331.25	25	
35	331.25	25	
35	331.25	25	
35	331.25	25	
35	331.25	25	
35	331.25	25	
35	331.25	25	
35	331.25	25	
35	331.25	25	
35	331.25	25	
35	331.25	25	
35	331.25	25	
35	331.25	25	
35	331.25	25	
35	331.25	25	
35	331.25	25	
35	331.25	25	
35	331.25	25	
35	331.25	25	
35	331.25	25	
35	331.25	25	
35	331.25	25	
35	331.25	25	
35	331.25	25	
35	331.25	25	
35	331.25	25	
35	331.25	25	
35	331.25	25	
35	331.25	25	
36	0	0	
36	0	0	
36	0	0	
36	0	0	
36	0	0	
36	0	0	
36	0	0	
36	0	0	
36	0	0	
36	1.25	0	
36	1.25	0	
36	1.25	0	
36	2.5	0	
36	2.5	0	
36	5	2.5	
36	6.25	2.5	
36	8.75	2.5	
36	8.75	2.5	
36	16.25	3.75	
36	26.25	3.75	
36	37.5	7.5	
36	45	7.5	
36	60	7.5	
36	67.5	10	
36	100	13.75	
36	112.5	15	
36	125	17.5	
36	138.75	18.75	
36	168.75	22.5	
36	201.25	26.25	
36	236.25	32.5	
36	253.75	36.25	
36	290	41.25	
36	307.5	45	
36	340	48.75	
36	340	48.75	
36	340	48.75	
36	340	48.75	
36	340	48.75	
36	340	48.75	
36	340	48.75	
36	340	48.75	
36	340	48.75	
36	340	48.75	
36	340	48.75	
36	340	48.75	
36	340	48.75	
36	340	48.75	
36	340	48.75	
36	340	48.75	
36	340	48.75	
36	340	48.75	
36	340	48.75	
36	340	48.75	
36	340	48.75	
36	340	48.75	
36	340	48.75	
36	340	48.75	
36	340	48.75	
36	340	48.75	
36	340	48.75	
36	340	48.75	
36	340	48.75	
36	340	48.75	
36	340	48.75	
36	340	48.75	
36	340	48.75	
36	340	48.75	
36	340	48.75	
36	340	48.75	
36	340	48.75	
36	340	48.75	
36	340	48.75	
36	340	48.75	
37	0	0	
37	0	0	
37	0	0	
37	0	0	
37	0	0	
37	0	0	
37	0	0	
37	0	0	
37	0	0	
37	1.25	0	
37	3.75	0	
37	5	0	
37	10	0	
37	13.75	0	
37	27.5	2.5	
37	33.75	3.75	
37	40	3.75	
37	47.5	3.75	
37	63.75	7.5	
37	82.5	11.25	
37	102.5	15	
37	112.5	15	
37	135	18.75	
37	147.5	21.25	
37	188.75	26.25	
37	202.5	26.25	
37	217.5	30	
37	231.25	32.5	
37	260	36.25	
37	290	37.5	
37	320	41.25	
37	335	43.75	
37	335	43.75	
37	335	43.75	
37	335	43.75	
37	335	43.75	
37	335	43.75	
37	335	43.75	
37	335	43.75	
37	335	43.75	
37	335	43.75	
37	335	43.75	
37	335	43.75	
37	335	43.75	
37	335	43.75	
37	335	43.75	
37	335	43.75	
37	335	43.75	
37	335	43.75	
37	335	43.75	
37	335	43.75	
37	335	43.75	
37	335	43.75	
37	335	43.75	
37	335	43.75	
37	335	43.75	
37	335	43.75	
37	335	43.75	
37	335	43.75	
37	335	43.75	
37	335	43.75	
37	335	43.75	
37	335	43.75	
37	335	43.75	
37	335	43.75	
37	335	43.75	
37	335	43.75	
37	335	43.75	
37	335	43.75	
37	335	43.75	
37	335	43.75	
37	335	43.75	
37	335	43.75	
37	335	43.75	
38	0	0	
38	0	0	
38	0	0	
38	0	0	
38	0	0	
38	0	0	
38	0	0	
38	0	0	
38	0	0	
38	0	0	
38	0	0	
38	0	0	
38	0	0	
38	0	0	
38	0	0	
38	0	0	
38	0	0	
38	1.25	0	
38	5	0	
38	23.75	3.75	
38	33.75	6.25	
38	58.75	7.5	
38	75	11.25	
38	92.5	15	
38	157.5	26.25	
38	183.75	30	
38	210	37.5	
38	265	52.5	
38	293.75	58.75	
38	321.25	63.75	
38	321.25	63.75	
38	321.25	63.75	
38	321.25	63.75	
38	321.25	63.75	
38	321.25	63.75	
38	321.25	63.75	
38	321.25	63.75	
38	321.25	63.75	
38	321.25	63.75	
38	321.25	63.75	
38	321.25	63.75	
38	321.25	63.75	
38	321.25	63.75	
38	321.25	63.75	
38	321.25	63.75	
38	321.25	63.75	
38	321.25	63.75	
38	321.25	63.75	
38	321.25	63.75	
38	321.25	63.75	
38	321.25	63.75	
38	321.25	63.75	
38	321.25	63.75	
38	321.25	63.75	
38	321.25	63.75	
38	321.25	63.75	
38	321.25	63.75	
38	321.25	63.75	
38	321.25	63.75	
38	321.25	63.75	
38	321.25	63.75	
38	321.25	63.75	
38	321.25	63.75	
38	321.25	63.75	
38	321.25	63.75	
38	321.25	63.75	
38	321.25	63.75	
38	321.25	63.75	
38	321.25	63.75	
38	321.25	63.75	
38	321.25	63.75	
38	321.25	63.75	
38	321.25	63.75	
38	321.25	63.75	
39	0	0	
39	0	0	
39	0	0	
39	0	0	
39	0	0	
39	0	0	
39	0	0	
39	0	0	
39	0	0	
39	0	0	
39	0	0	
39	0	0	
39	0	0	
39	0	0	
39	0	0	
39	0	0	
39	0	0	
39	0	0	
39	2.5	0	
39	16.25	0	
39	28.75	2.5	
39	65	7.5	
39	112.5	11.25	
39	140	15	
39	198.75	18.75	
39	263.75	26.25	
39	296.25	30	
39	326.25	33.75	
39	326.25	33.75	
39	326.25	33.75	
39	326.25	33.75	
39	326.25	33.75	
39	326.25	33.75	
39	326.25	33.75	
39	326.25	33.75	
39	326.25	33.75	
39	326.25	33.75	
39	326.25	33.75	
39	326.25	33.75	
39	326.25	33.75	
39	326.25	33.75	
39	326.25	33.75	
39	326.25	33.75	
39	326.25	33.75	
39	326.25	33.75	
39	326.25	33.75	
39	326.25	33.75	
39	326.25	33.75	
39	326.25	33.75	
39	326.25	33.75	
39	326.25	33.75	
39	326.25	33.75	
39	326.25	33.75	
39	326.25	33.75	
39	326.25	33.75	
39	326.25	33.75	
39	326.25	33.75	
39	326.25	33.75	
39	326.25	33.75	
39	326.25	33.75	
39	326.25	33.75	
39	326.25	33.75	
39	326.25	33.75	
39	326.25	33.75	
39	326.25	33.75	
39	326.25	33.75	
39	326.25	33.75	
39	326.25	33.75	
39	326.25	33.75	
39	326.25	33.75	
39	326.25	33.75	
39	326.25	33.75	
39	326.25	33.75	
39	326.25	33.75	
40	0	0	
40	0	0	
40	0	0	
40	0	0	
40	0	0	
40	0	0	
40	0	0	
40	0	0	
40	0	0	
40	0	0	
40	0	0	
40	0	0	
40	0	0	
40	0	0	
40	0	0	
40	0	0	
40	0	0	
40	0	0	
40	0	0	
40	1.25	0	
40	5	-1.25	
40	15	-1.25	
40	21.25	0	
40	21.25	0	
40	57.5	3.75	
40	72.5	3.75	
40	88.75	7.5	
40	125	11.25	
40	145	11.25	
40	212.5	21.25	
40	236.25	22.5	
40	283.75	32.5	
40	305	36.25	
40	305	36.25	
40	305	36.25	
40	305	36.25	
40	305	36.25	
40	305	36.25	
40	305	36.25	
40	305	36.25	
40	305	36.25	
40	305	36.25	
40	305	36.25	
40	305	36.25	
40	305	36.25	
40	305	36.25	
40	305	36.25	
40	305	36.25	
40	305	36.25	
40	305	36.25	
40	305	36.25	
40	305	36.25	
40	305	36.25	
40	305	36.25	
40	305	36.25	
40	305	36.25	
40	305	36.25	
40	305	36.25	
40	305	36.25	
40	305	36.25	
40	305	36.25	
40	305	36.25	
40	305	36.25	
40	305	36.25	
40	305	36.25	
40	305	36.25	
40	305	36.25	
40	305	36.25	
40	305	36.25	
40	305	36.25	
40	305	36.25	
40	305	36.25	
40	305	36.25	
40	305	36.25	
41	0	0	
41	0	0	
41	0	0	
41	0	0	
41	0	0	
41	0	0	
41	0	0	
41	0	0	
41	0	0	
41	0	0	
41	0	0	
41	0	0	
41	0	0	
41	0	0	
41	0	0	
41	0	0	
41	0	0	
41	0	0	
41	0	0	
41	0	0	
41	0	0	
41	0	0	
41	0	0	
41	0	0	
41	0	0	
41	0	0	
41	0	0	
41	0	0	
41	0	0	
41	1.25	0	
41	2.5	0	
41	5	2.5	
41	6.25	2.5	
41	7.5	2.5	
41	10	2.5	
41	11.25	2.5	
41	12.5	2.5	
41	13.75	2.5	
41	15	2.5	
41	21.25	3.75	
41	32.5	6.25	
41	52.5	10	
41	63.75	11.25	
41	77.5	15	
41	126.25	21.25	
41	146.25	22.5	
41	166.25	25	
41	188.75	26.25	
41	235	28.75	
41	280	30	
41	321.25	33.75	
41	321.25	33.75	
41	321.25	33.75	
41	321.25	33.75	
41	321.25	33.75	
41	321.25	33.75	
41	321.25	33.75	
41	321.25	33.75	
41	321.25	33.75	
41	321.25	33.75	
41	321.25	33.75	
41	321.25	33.75	
41	321.25	33.75	
41	321.25	33.75	
41	321.25	33.75	
41	321.25	33.75	
41	321.25	33.75	
41	321.25	33.75	
41	321.25	33.75	
41	321.25	33.75	
41	321.25	33.75	
41	321.25	33.75	
41	321.25	33.75	
41	321.25	33.75	
42	0	0	
42	0	0	
42	0	0	
42	0	0	
42	0	0	
42	0	0	
42	0	0	
42	0	0	
42	0	0	
42	0	0	
42	0	0	
42	0	0	
42	0	0	
42	0	0	
42	1.25	0	
42	1.25	0	
42	8.75	-1.25	
42	13.75	0	
42	20	0	
42	45	0	
42	67.5	3.75	
42	81.25	3.75	
42	95	3.75	
42	110	6.25	
42	158.75	10	
42	176.25	11.25	
42	193.75	11.25	
42	230	13.75	
42	247.5	15	
42	288.75	18.75	
42	323.75	22.5	
42	337.5	22.5	
42	348.75	22.5	
42	348.75	22.5	
42	348.75	22.5	
42	348.75	22.5	
42	348.75	22.5	
42	348.75	22.5	
42	348.75	22.5	
42	348.75	22.5	
42	348.75	22.5	
42	348.75	22.5	
42	348.75	22.5	
42	348.75	22.5	
42	348.75	22.5	
42	348.75	22.5	
42	348.75	22.5	
42	348.75	22.5	
42	348.75	22.5	
42	348.75	22.5	
42	348.75	22.5	
42	348.75	22.5	
42	348.75	22.5	
42	348.75	22.5	
42	348.75	22.5	
42	348.75	22.5	
42	348.75	22.5	
42	348.75	22.5	
42	348.75	22.5	
42	348.75	22.5	
42	348.75	22.5	
42	348.75	22.5	
42	348.75	22.5	
42	348.75	22.5	
42	348.75	22.5	
42	348.75	22.5	
42	348.75	22.5	
42	348.75	22.5	
42	348.75	22.5	
42	348.75	22.5	
42	348.75	22.5	
42	348.75	22.5	
42	348.75	22.5	
42	348.75	22.5	
43	0	0	
43	0	0	
43	0	0	
43	0	0	
43	0	0	
43	0	0	
43	0	0	
43	0	0	
43	0	0	
43	0	0	
43	0	0	
43	0	0	
43	0	0	
43	0	0	
43	1.25	0	
43	2.5	0	
43	3.75	0	
43	10	0	
43	15	0	
43	37.5	1.25	
43	50	1.25	
43	63.75	3.75	
43	77.5	5	
43	77.5	5	
43	125	5	
43	148.75	5	
43	172.5	7.5	
43	217.5	8.75	
43	238.75	12.5	
43	278.75	15	
43	311.25	16.25	
43	338.75	16.25	
43	338.75	16.25	
43	338.75	16.25	
43	338.75	16.25	
43	338.75	16.25	
43	338.75	16.25	
43	338.75	16.25	
43	338.75	16.25	
43	338.75	16.25	
43	338.75	16.25	
43	338.75	16.25	
43	338.75	16.25	
43	338.75	16.25	
43	338.75	16.25	
43	338.75	16.25	
43	338.75	16.25	
43	338.75	16.25	
43	338.75	16.25	
43	338.75	16.25	
43	338.75	16.25	
43	338.75	16.25	
43	338.75	16.25	
43	338.75	16.25	
43	338.75	16.25	
43	338.75	16.25	
43	338.75	16.25	
43	338.75	16.25	
43	338.75	16.25	
43	338.75	16.25	
43	338.75	16.25	
43	338.75	16.25	
43	338.75	16.25	
43	338.75	16.25	
43	338.75	16.25	
43	338.75	16.25	
43	338.75	16.25	
43	338.75	16.25	
43	338.75	16.25	
43	338.75	16.25	
43	338.75	16.25	
43	338.75	16.25	
43	338.75	16.25	
43	338.75	16.25	
44	0	0	
44	0	-2.5	
44	0	-2.5	
44	0	-2.5	
44	0	-2.5	
44	0	-2.5	
44	0	-2.5	
44	0	-2.5	
44	0	-2.5	
44	0	-2.5	
44	0	-2.5	
44	0	-2.5	
44	0	-2.5	
44	0	-2.5	
44	0	-2.5	
44	1.25	-2.5	
44	2.5	-2.5	
44	3.75	-2.5	
44	8.75	-2.5	
44	17.5	-2.5	
44	31.25	-2.5	
44	41.25	0	
44	65	3.75	
44	78.75	5	
44	110	8.75	
44	146.25	11.25	
44	165	12.5	
44	183.75	12.5	
44	221.25	12.5	
44	257.5	12.5	
44	293.75	8.75	
44	311.25	8.75	
44	346.25	8.75	
44	346.25	8.75	
44	346.25	8.75	
44	346.25	8.75	
44	346.25	8.75	
44	346.25	8.75	
44	346.25	8.75	
44	346.25	8.75	
44	346.25	8.75	
44	346.25	8.75	
44	346.25	8.75	
44	346.25	8.75	
44	346.25	8.75	
44	346.25	8.75	
44	346.25	8.75	
44	346.25	8.75	
44	346.25	8.75	
44	346.25	8.75	
44	346.25	8.75	
44	346.25	8.75	
44	346.25	8.75	
44	346.25	8.75	
44	346.25	8.75	
44	346.25	8.75	
44	346.25	8.75	
44	346.25	8.75	
44	346.25	8.75	
44	346.25	8.75	
44	346.25	8.75	
44	346.25	8.75	
44	346.25	8.75	
44	346.25	8.75	
44	346.25	8.75	
44	346.25	8.75	
44	346.25	8.75	
44	346.25	8.75	
44	346.25	8.75	
44	346.25	8.75	
44	346.25	8.75	
44	346.25	8.75	
44	346.25	8.75	
44	346.25	8.75	
45	0	0	
45	0	0	
45	0	0	
45	0	0	
45	0	0	
45	0	0	
45	0	0	
45	0	0	
45	0	0	
45	0	0	
45	0	0	
45	0	0	
45	0	0	
45	0	0	
45	0	0	
45	0	0	
45	0	0	
45	0	0	
45	0	0	
45	0	0	
45	0	0	
45	0	0	
45	0	0	
45	0	0	
45	0	0	
45	0	0	
45	0	0	
45	0	0	
45	0	0	
45	0	0	
45	0	0	
45	0	0	
45	0	0	
45	0	0	
45	0	0	
45	0	0	
45	0	0	
45	0	0	
45	0	0	
45	0	0	
45	0	0	
45	0	0	
45	0	0	
45	0	0	
45	0	0	
45	0	0	
45	0	0	
45	0	0	
45	0	0	
45	0	0	
45	0	0	
45	0	0	
45	0	0	
45	0	0	
45	0	0	
45	0	0	
45	0	0	
45	0	0	
45	0	0	
45	0	0	
45	0	0	
45	0	0	
45	0	0	
45	0	0	
45	0	0	
45	0	0	
45	0	0	
45	0	0	
45	0	0	
45	0	0	
45	0	0	
45	0	0	
45	0	0	
45	0	0	
46	0	0	
46	0	0	
46	0	0	
46	0	0	
46	0	0	
46	0	0	
46	-2.5	0	
46	-2.5	0	
46	-3.75	0	
46	-8.75	-1.25	
46	-10	-1.25	
46	-11.25	-1.25	
46	-12.5	-1.25	
46	-15	-1.25	
46	-18.75	-1.25	
46	-21.25	-1.25	
46	-26.25	-1.25	
46	-28.75	-1.25	
46	-32.5	-1.25	
46	-42.5	-3.75	
46	-50	-3.75	
46	-53.75	-3.75	
46	-56.25	-3.75	
46	-61.25	-3.75	
46	-63.75	-3.75	
46	-65	-3.75	
46	-65	-3.75	
46	-65	-3.75	
46	-65	-3.75	
46	-62.5	-5	
46	-58.75	-7.5	
46	-50	-7.5	
46	-38.75	-7.5	
46	-12.5	-7.5	
46	12.5	-7.5	
46	27.5	-7.5	
46	31.25	-7.5	
46	35	-7.5	
46	37.5	-7.5	
46	42.5	-8.75	
46	43.75	-8.75	
46	45	-11.25	
46	45	-11.25	
46	45	-11.25	
46	45	-11.25	
46	45	-11.25	
46	45	-11.25	
46	45	-11.25	
46	45	-11.25	
46	45	-11.25	
46	45	-11.25	
46	45	-11.25	
46	45	-11.25	
46	45	-11.25	
46	45	-11.25	
46	45	-11.25	
46	45	-11.25	
46	45	-11.25	
46	45	-11.25	
46	45	-11.25	
46	45	-11.25	
46	45	-11.25	
46	45	-11.25	
46	45	-11.25	
46	45	-11.25	
46	45	-11.25	
46	45	-11.25	
46	45	-11.25	
46	45	-11.25	
46	45	-11.25	
46	45	-11.25	
46	45	-11.25	
46	32.5	-20	
46	32.5	-20	
47	0	0	
47	0	0	
47	0	0	
47	0	0	
47	0	0	
47	0	0	
47	0	0	
47	0	0	
47	0	0	
47	0	0	
47	0	0	
47	0	0	
47	0	0	
47	0	0	
47	0	0	
47	0	0	
47	0	0	
47	2.5	-2.5	
47	7.5	-2.5	
47	25	-2.5	
47	33.75	-2.5	
47	52.5	-2.5	
47	63.75	-2.5	
47	75	-2.5	
47	113.75	-6.25	
47	128.75	-6.25	
47	145	-7.5	
47	178.75	-7.5	
47	195	-6.25	
47	247.5	-2.5	
47	263.75	-2.5	
47	292.5	1.25	
47	303.75	1.25	
47	313.75	1.25	
47	333.75	0	
47	337.5	0	
47	341.25	0	
47	345	-2.5	
47	347.5	-2.5	
47	347.5	-2.5	
47	347.5	-2.5	
47	347.5	-2.5	
47	347.5	-2.5	
47	347.5	-2.5	
47	347.5	-2.5	
47	347.5	-2.5	
47	347.5	-2.5	
47	347.5	-2.5	
47	347.5	-2.5	
47	347.5	-2.5	
47	347.5	-2.5	
47	347.5	-2.5	
47	347.5	-2.5	
47	347.5	-2.5	
47	347.5	-2.5	
47	347.5	-2.5	
47	347.5	-2.5	
47	347.5	-2.5	
47	347.5	-2.5	
47	347.5	-2.5	
47	347.5	-2.5	
47	347.5	-2.5	
47	347.5	-2.5	
47	347.5	-2.5	
47	347.5	-2.5	
47	347.5	-2.5	
47	347.5	-2.5	
47	347.5	-2.5	
47	347.5	-2.5	
47	347.5	-2.5	
47	347.5	-2.5	
47	347.5	-2.5	
47	347.5	-2.5	
47	347.5	-2.5	
48	0	0	
48	0	0	
48	0	0	
48	0	0	
48	0	0	
48	0	0	
48	0	0	
48	0	0	
48	0	0	
48	0	0	
48	0	0	
48	0	0	
48	0	0	
48	0	0	
48	0	0	
48	0	0	
48	0	0	
48	0	0	
48	0	0	
48	0	0	
48	0	0	
48	0	0	
48	0	0	
48	0	0	
48	0	0	
48	0	0	
48	0	0	
48	0	0	
48	0	0	
48	0	0	
48	0	0	
48	0	0	
48	0	0	
48	0	0	
48	0	0	
48	0	0	
48	0	0	
48	0	0	
48	0	0	
48	0	0	
48	0	0	
48	0	0	
48	0	0	
48	0	0	
48	0	0	
48	0	0	
48	0	0	
48	0	0	
48	0	0	
48	0	0	
48	0	0	
48	0	0	
48	0	0	
48	0	0	
48	1.25	2.5	
48	3.75	2.5	
48	6.25	3.75	
48	10	3.75	
48	21.25	7.5	
48	46.25	11.25	
48	56.25	11.25	
48	67.5	13.75	
48	92.5	15	
48	106.25	15	
48	140	18.75	
48	160	18.75	
48	178.75	18.75	
48	196.25	21.25	
48	217.5	22.5	
48	273.75	26.25	
48	290	26.25	
48	303.75	26.25	
48	326.25	22.5	
48	336.25	22.5	
49	0	0	
49	0	0	
49	0	0	
49	0	0	
49	0	0	
49	0	0	
49	0	0	
49	0	0	
49	0	0	
49	0	0	
49	0	0	
49	0	0	
49	0	0	
49	0	0	
49	1.25	0	
49	5	-2.5	
49	8.75	-2.5	
49	13.75	-2.5	
49	26.25	-2.5	
49	50	-6.25	
49	60	-6.25	
49	70	-6.25	
49	81.25	-6.25	
49	95	-6.25	
49	137.5	-6.25	
49	152.5	-6.25	
49	181.25	-3.75	
49	196.25	-2.5	
49	210	-2.5	
49	251.25	-2.5	
49	278.75	0	
49	291.25	0	
49	305	0	
49	317.5	0	
49	340	1.25	
49	340	1.25	
49	340	1.25	
49	340	1.25	
49	340	1.25	
49	340	1.25	
49	340	1.25	
49	340	1.25	
49	340	1.25	
49	340	1.25	
49	340	1.25	
49	340	1.25	
49	340	1.25	
49	340	1.25	
49	340	1.25	
49	340	1.25	
49	340	1.25	
49	340	1.25	
49	340	1.25	
49	340	1.25	
49	340	1.25	
49	340	1.25	
49	340	1.25	
49	340	1.25	
49	340	1.25	
49	340	1.25	
49	340	1.25	
49	340	1.25	
49	340	1.25	
49	340	1.25	
49	340	1.25	
49	340	1.25	
49	340	1.25	
49	340	1.25	
49	340	1.25	
49	340	1.25	
49	340	1.25	
49	340	1.25	
49	340	1.25	
49	340	1.25	
50	0	0	
50	0	0	
50	0	0	
50	0	0	
50	0	0	
50	0	0	
50	0	0	
50	0	0	
50	0	0	
50	0	0	
50	0	0	
50	0	0	
50	0	0	
50	0	0	
50	0	0	
50	0	0	
50	0	0	
50	0	0	
50	0	0	
50	3.75	0	
50	6.25	0	
50	15	2.5	
50	21.25	3.75	
50	27.5	3.75	
50	56.25	10	
50	68.75	11.25	
50	81.25	11.25	
50	95	11.25	
50	115	11.25	
50	176.25	11.25	
50	197.5	11.25	
50	220	13.75	
50	247.5	15	
50	275	17.5	
50	345	21.25	
50	345	21.25	
50	345	21.25	
50	345	21.25	
50	345	21.25	
50	345	21.25	
50	345	21.25	
50	345	21.25	
50	345	21.25	
50	345	21.25	
50	345	21.25	
50	345	21.25	
50	345	21.25	
50	345	21.25	
50	345	21.25	
50	345	21.25	
50	345	21.25	
50	345	21.25	
50	345	21.25	
50	345	21.25	
50	345	21.25	
50	345	21.25	
50	345	21.25	
50	345	21.25	
50	345	21.25	
50	345	21.25	
50	345	21.25	
50	345	21.25	
50	345	21.25	
50	345	21.25	
50	345	21.25	
50	345	21.25	
50	345	21.25	
50	345	21.25	
50	345	21.25	
50	345	21.25	
50	345	21.25	
50	345	21.25	
50	345	21.25	
50	345	21.25	
51	0	0	
51	0	0	
51	0	0	
51	0	0	
51	0	0	
51	0	0	
51	0	0	
51	0	0	
51	0	0	
51	0	0	
51	0	0	
51	0	0	
51	0	0	
51	0	0	
51	0	0	
51	0	0	
51	0	0	
51	0	0	
51	0	0	
51	0	0	
51	0	0	
51	0	0	
51	0	0	
51	0	0	
51	0	0	
51	0	0	
51	0	0	
51	0	0	
51	0	0	
51	-40	0	
51	-63.75	-1.25	
51	-76.25	-1.25	
51	-72.5	-3.75	
51	-61.25	-1.25	
51	-30	0	
51	6.25	2.5	
51	25	2.5	
51	42.5	3.75	
51	58.75	3.75	
51	107.5	3.75	
51	120	3.75	
51	130	3.75	
51	145	3.75	
51	150	3.75	
51	156.25	3.75	
51	160	3.75	
51	161.25	3.75	
51	162.5	3.75	
51	163.75	3.75	
51	163.75	3.75	
51	163.75	3.75	
51	163.75	3.75	
51	163.75	3.75	
51	163.75	3.75	
51	163.75	3.75	
51	165	3.75	
51	165	3.75	
51	165	3.75	
51	165	3.75	
51	165	3.75	
51	165	3.75	
51	165	3.75	
51	165	3.75	
51	165	3.75	
51	165	3.75	
51	165	3.75	
51	165	3.75	
51	165	3.75	
51	165	3.75	
51	165	3.75	
51	165	3.75	
51	165	3.75	
51	165	3.75	
51	165	3.75	
52	0	0	
52	0	0	
52	0	0	
52	0	0	
52	0	0	
52	0	0	
52	0	0	
52	0	0	
52	0	0	
52	0	0	
52	0	0	
52	0	0	
52	0	0	
52	0	0	
52	0	0	
52	0	0	
52	0	0	
52	0	0	
52	0	0	
52	0	0	
52	0	0	
52	0	0	
52	0	0	
52	0	0	
52	0	0	
52	0	0	
52	0	0	
52	0	0	
52	0	0	
52	0	0	
52	0	0	
52	0	0	
52	0	0	
52	0	0	
52	0	0	
52	0	0	
52	0	0	
52	0	0	
52	0	0	
52	0	0	
52	0	0	
52	0	0	
52	0	0	
52	0	0	
52	0	0	
52	0	0	
52	0	0	
52	0	0	
52	0	0	
52	0	0	
52	0	0	
52	0	0	
52	0	0	
52	0	0	
52	0	0	
52	0	0	
52	0	0	
52	0	0	
52	0	0	
52	0	0	
52	0	0	
52	0	0	
52	0	0	
52	0	0	
52	0	0	
52	0	0	
52	0	0	
52	0	0	
52	0	0	
52	0	0	
52	0	0	
52	0	0	
52	0	0	
52	0	0	
53	0	0	
53	0	0	
53	0	0	
53	0	0	
53	0	0	
53	0	0	
53	0	0	
53	0	0	
53	0	0	
53	0	0	
53	0	0	
53	0	0	
53	0	0	
53	0	0	
53	1.25	0	
53	1.25	2.5	
53	2.5	2.5	
53	3.75	3.75	
53	5	3.75	
53	7.5	3.75	
53	8.75	6.25	
53	13.75	6.25	
53	16.25	7.5	
53	20	7.5	
53	36.25	10	
53	43.75	11.25	
53	53.75	11.25	
53	66.25	15	
53	95	18.75	
53	140	26.25	
53	155	26.25	
53	170	28.75	
53	198.75	30	
53	211.25	33.75	
53	243.75	37.5	
53	243.75	37.5	
53	255	37.5	
53	263.75	41.25	
53	277.5	41.25	
53	292.5	45	
53	296.25	45	
53	298.75	45	
53	302.5	45	
53	303.75	45	
53	306.25	45	
53	306.25	45	
53	306.25	45	
53	306.25	45	
53	306.25	45	
53	306.25	45	
53	306.25	45	
53	306.25	45	
53	306.25	45	
53	306.25	45	
53	306.25	45	
53	306.25	45	
53	306.25	45	
53	306.25	45	
53	306.25	45	
53	306.25	45	
53	306.25	45	
53	306.25	45	
53	306.25	45	
53	306.25	45	
53	306.25	45	
53	306.25	45	
53	306.25	45	
53	306.25	45	
53	306.25	45	
53	306.25	45	
53	307.5	45	
53	307.5	45	
53	307.5	45	
53	307.5	45	
54	0	0	
54	0	0	
54	0	0	
54	0	0	
54	0	0	
54	0	0	
54	0	0	
54	0	0	
54	0	0	
54	0	0	
54	0	0	
54	0	0	
54	0	0	
54	0	0	
54	0	0	
54	0	0	
54	0	0	
54	0	0	
54	0	0	
54	0	0	
54	0	0	
54	0	0	
54	0	0	
54	0	0	
54	0	0	
54	0	0	
54	30	5	
54	37.5	7.5	
54	48.75	8.75	
54	88.75	12.5	
54	103.75	15	
54	118.75	16.25	
54	151.25	20	
54	168.75	23.75	
54	206.25	31.25	
54	245	38.75	
54	263.75	45	
54	285	48.75	
54	322.5	56.25	
54	340	57.5	
54	340	57.5	
54	340	57.5	
54	340	57.5	
54	340	57.5	
54	340	57.5	
54	340	57.5	
54	340	57.5	
54	340	57.5	
54	340	57.5	
54	340	57.5	
54	340	57.5	
54	340	57.5	
54	340	57.5	
54	340	57.5	
54	340	57.5	
54	340	57.5	
54	340	57.5	
54	340	57.5	
54	340	57.5	
54	340	57.5	
54	340	57.5	
54	340	57.5	
54	340	57.5	
54	340	57.5	
54	340	57.5	
54	340	57.5	
54	340	57.5	
54	340	57.5	
54	340	57.5	
54	340	57.5	
54	340	57.5	
54	340	57.5	
54	340	57.5	
54	340	57.5	
55	0	0	
55	0	0	
55	0	0	
55	0	0	
55	0	0	
55	0	0	
55	0	0	
55	0	0	
55	0	0	
55	0	0	
55	0	0	
55	0	0	
55	0	0	
55	0	0	
55	0	0	
55	0	0	
55	0	0	
55	0	0	
55	0	0	
55	1.25	0	
55	5	0	
55	10	-1.25	
55	15	-3.75	
55	28.75	-3.75	
55	48.75	-3.75	
55	60	-3.75	
55	86.25	-3.75	
55	100	-1.25	
55	132.5	2.5	
55	168.75	7.5	
55	207.5	13.75	
55	227.5	17.5	
55	246.25	18.75	
55	265	22.5	
55	318.75	30	
55	333.75	30	
55	346.25	32.5	
55	346.25	32.5	
55	346.25	32.5	
55	346.25	32.5	
55	346.25	32.5	
55	346.25	32.5	
55	346.25	32.5	
55	346.25	32.5	
55	346.25	32.5	
55	346.25	32.5	
55	346.25	32.5	
55	346.25	32.5	
55	346.25	32.5	
55	346.25	32.5	
55	346.25	32.5	
55	346.25	32.5	
55	346.25	32.5	
55	346.25	32.5	
55	346.25	32.5	
55	346.25	32.5	
55	346.25	32.5	
55	346.25	32.5	
55	346.25	32.5	
55	346.25	32.5	
55	346.25	32.5	
55	346.25	32.5	
55	346.25	32.5	
55	346.25	32.5	
55	346.25	32.5	
55	346.25	32.5	
55	346.25	32.5	
55	346.25	32.5	
55	346.25	32.5	
55	346.25	32.5	
55	346.25	32.5	
55	346.25	32.5	
55	346.25	32.5	
55	346.25	32.5	
56	0	0	
56	0	0	
56	0	0	
56	0	0	
56	0	0	
56	0	0	
56	0	0	
56	0	0	
56	0	0	
56	0	0	
56	0	0	
56	0	0	
56	0	0	
56	0	0	
56	0	0	
56	0	0	
56	0	0	
56	0	0	
56	0	0	
56	0	0	
56	0	0	
56	0	0	
56	0	0	
56	0	0	
56	5	0	
56	8.75	2.5	
56	13.75	2.5	
56	20	3.75	
56	36.25	6.25	
56	61.25	7.5	
56	91.25	11.25	
56	107.5	15	
56	123.75	15	
56	141.25	18.75	
56	177.5	22.5	
56	202.5	26.25	
56	247.5	32.5	
56	268.75	33.75	
56	306.25	37.5	
56	340	37.5	
56	340	37.5	
56	340	37.5	
56	340	37.5	
56	340	37.5	
56	340	37.5	
56	340	37.5	
56	340	37.5	
56	340	37.5	
56	340	37.5	
56	340	37.5	
56	340	37.5	
56	340	37.5	
56	340	37.5	
56	340	37.5	
56	340	37.5	
56	340	37.5	
56	340	37.5	
56	340	37.5	
56	340	37.5	
56	340	37.5	
56	340	37.5	
56	340	37.5	
56	340	37.5	
56	340	37.5	
56	340	37.5	
56	340	37.5	
56	340	37.5	
56	340	37.5	
56	340	37.5	
56	340	37.5	
56	340	37.5	
56	340	37.5	
56	340	37.5	
56	340	37.5	
57	0	0	
57	0	0	
57	0	0	
57	0	0	
57	0	0	
57	0	0	
57	0	0	
57	0	0	
57	0	0	
57	0	0	
57	0	0	
57	0	0	
57	0	0	
57	0	0	
57	1.25	0	
57	2.5	1.25	
57	6.25	1.25	
57	16.25	1.25	
57	22.5	1.25	
57	50	3.75	
57	61.25	3.75	
57	72.5	3.75	
57	97.5	3.75	
57	112.5	3.75	
57	158.75	1.25	
57	175	3.75	
57	192.5	3.75	
57	227.5	5	
57	245	5	
57	280	5	
57	296.25	5	
57	310	5	
57	333.75	7.5	
57	343.75	7.5	
57	343.75	7.5	
57	343.75	7.5	
57	343.75	7.5	
57	343.75	7.5	
57	343.75	7.5	
57	343.75	7.5	
57	343.75	7.5	
57	343.75	7.5	
57	343.75	7.5	
57	343.75	7.5	
57	343.75	7.5	
57	343.75	7.5	
57	343.75	7.5	
57	343.75	7.5	
57	343.75	7.5	
57	343.75	7.5	
57	343.75	7.5	
57	343.75	7.5	
57	343.75	7.5	
57	343.75	7.5	
57	343.75	7.5	
57	343.75	7.5	
57	343.75	7.5	
57	343.75	7.5	
57	343.75	7.5	
57	343.75	7.5	
57	343.75	7.5	
57	343.75	7.5	
57	343.75	7.5	
57	343.75	7.5	
57	343.75	7.5	
57	343.75	7.5	
57	343.75	7.5	
57	343.75	7.5	
57	343.75	7.5	
57	343.75	7.5	
57	343.75	7.5	
57	343.75	7.5	
57	343.75	7.5	
57	343.75	7.5	
58	0	0	
58	0	0	
58	0	0	
58	0	0	
58	0	0	
58	0	0	
58	0	0	
58	0	0	
58	0	0	
58	0	0	
58	0	0	
58	0	0	
58	0	0	
58	0	0	
58	0	0	
58	1.25	0	
58	1.25	0	
58	5	0	
58	11.25	0	
58	33.75	0	
58	47.5	0	
58	61.25	0	
58	91.25	2.5	
58	107.5	3.75	
58	140	3.75	
58	176.25	3.75	
58	193.75	6.25	
58	231.25	7.5	
58	248.75	7.5	
58	297.5	7.5	
58	312.5	7.5	
58	326.25	7.5	
58	326.25	7.5	
58	326.25	7.5	
58	326.25	7.5	
58	326.25	7.5	
58	326.25	7.5	
58	326.25	7.5	
58	326.25	7.5	
58	326.25	7.5	
58	326.25	7.5	
58	326.25	7.5	
58	326.25	7.5	
58	326.25	7.5	
58	326.25	7.5	
58	326.25	7.5	
58	326.25	7.5	
58	326.25	7.5	
58	326.25	7.5	
58	326.25	7.5	
58	326.25	7.5	
58	326.25	7.5	
58	326.25	7.5	
58	326.25	7.5	
58	326.25	7.5	
58	326.25	7.5	
58	326.25	7.5	
58	326.25	7.5	
58	326.25	7.5	
58	326.25	7.5	
58	326.25	7.5	
58	326.25	7.5	
58	326.25	7.5	
58	326.25	7.5	
58	326.25	7.5	
58	326.25	7.5	
58	326.25	7.5	
58	326.25	7.5	
58	326.25	7.5	
58	326.25	7.5	
58	326.25	7.5	
58	326.25	7.5	
58	326.25	7.5	
58	326.25	7.5	
59	0	0	
59	0	0	
59	0	0	
59	0	0	
59	0	0	
59	0	0	
59	0	0	
59	0	0	
59	0	0	
59	0	0	
59	0	0	
59	0	0	
59	0	0	
59	0	0	
59	0	0	
59	0	0	
59	0	0	
59	0	0	
59	0	0	
59	0	0	
59	0	0	
59	0	0	
59	0	0	
59	0	0	
59	0	0	
59	0	0	
59	0	0	
59	0	0	
59	0	0	
59	0	0	
59	0	0	
59	0	0	
59	0	0	
59	0	0	
59	0	0	
59	0	0	
59	0	0	
59	0	0	
59	0	0	
59	0	0	
59	0	0	
59	0	0	
59	0	0	
59	0	0	
59	0	0	
59	0	0	
59	0	0	
59	0	0	
59	0	0	
59	0	0	
59	0	0	
59	0	0	
59	0	0	
59	0	0	
59	0	0	
59	0	0	
59	0	0	
59	0	0	
59	0	0	
59	0	0	
59	0	0	
59	0	0	
59	0	0	
59	0	0	
59	0	0	
59	0	0	
59	0	0	
59	0	0	
59	0	0	
59	0	0	
59	0	0	
59	0	0	
59	0	0	
59	0	0	
60	0	0	
60	0	0	
60	0	0	
60	0	0	
60	0	0	
60	0	0	
60	0	0	
60	0	0	
60	0	0	
60	0	0	
60	0	0	
60	0	0	
60	0	0	
60	0	0	
60	0	0	
60	0	0	
60	0	0	
60	0	0	
60	0	0	
60	0	0	
60	0	0	
60	0	0	
60	0	0	
60	0	0	
60	0	0	
60	1.25	0	
60	3.75	0	
60	8.75	0	
60	12.5	0	
60	22.5	0	
60	33.75	0	
60	41.25	0	
60	50	0	
60	60	0	
60	95	-2.5	
60	107.5	-2.5	
60	133.75	-2.5	
60	147.5	-3.75	
60	176.25	-6.25	
60	205	-6.25	
60	232.5	-6.25	
60	246.25	-3.75	
60	257.5	-3.75	
60	268.75	-2.5	
60	295	-2.5	
60	302.5	-2.5	
60	315	0	
60	321.25	1.25	
60	331.25	1.25	
60	338.75	1.25	
60	347.5	3.75	
60	347.5	3.75	
60	347.5	3.75	
60	347.5	3.75	
60	347.5	3.75	
60	347.5	3.75	
60	347.5	3.75	
60	347.5	3.75	
60	347.5	3.75	
60	347.5	3.75	
60	347.5	3.75	
60	347.5	3.75	
60	347.5	3.75	
60	347.5	3.75	
60	347.5	3.75	
60	347.5	3.75	
60	347.5	3.75	
60	347.5	3.75	
60	347.5	3.75	
60	347.5	3.75	
60	347.5	3.75	
60	347.5	3.75	
60	347.5	3.75	
60	347.5	3.75	
61	0	0	
61	0	0	
61	0	0	
61	0	0	
61	0	0	
61	0	0	
61	0	0	
61	0	0	
61	0	0	
61	0	0	
61	0	0	
61	0	0	
61	0	0	
61	0	0	
61	0	0	
61	0	0	
61	0	0	
61	0	0	
61	0	0	
61	0	0	
61	0	0	
61	0	0	
61	0	0	
61	0	0	
61	2.5	0	
61	5	1.25	
61	12.5	1.25	
61	23.75	1.25	
61	30	3.75	
61	45	1.25	
61	62.5	1.25	
61	73.75	0	
61	73.75	0	
61	105	-3.75	
61	136.25	-7.5	
61	152.5	-10	
61	185	-13.75	
61	217.5	-17.5	
61	233.75	-17.5	
61	265	-21.25	
61	292.5	-22.5	
61	303.75	-22.5	
61	313.75	-25	
61	331.25	-25	
61	343.75	-26.25	
61	348.75	-26.25	
61	348.75	-26.25	
61	348.75	-26.25	
61	348.75	-26.25	
61	348.75	-26.25	
61	348.75	-26.25	
61	348.75	-26.25	
61	348.75	-26.25	
61	348.75	-26.25	
61	348.75	-26.25	
61	348.75	-26.25	
61	348.75	-26.25	
61	348.75	-26.25	
61	348.75	-26.25	
61	348.75	-26.25	
61	348.75	-26.25	
61	348.75	-26.25	
61	348.75	-26.25	
61	348.75	-26.25	
61	348.75	-26.25	
61	348.75	-26.25	
61	348.75	-26.25	
61	348.75	-26.25	
61	348.75	-26.25	
61	348.75	-26.25	
61	348.75	-26.25	
61	348.75	-26.25	
61	348.75	-26.25	
61	348.75	-26.25	
62	0	0	
62	0	0	
62	0	0	
62	0	0	
62	0	0	
62	0	0	
62	0	0	
62	0	0	
62	0	0	
62	0	0	
62	0	0	
62	0	0	
62	0	0	
62	0	0	
62	0	0	
62	2.5	0	
62	7.5	0	
62	12.5	0	
62	17.5	0	
62	42.5	-1.25	
62	52.5	-1.25	
62	62.5	-3.75	
62	87.5	-3.75	
62	100	-3.75	
62	127.5	-7.5	
62	156.25	-7.5	
62	175	-7.5	
62	193.75	-7.5	
62	210	-7.5	
62	256.25	-5	
62	270	-3.75	
62	283.75	-3.75	
62	295	-3.75	
62	315	-3.75	
62	331.25	-5	
62	345	-7.5	
62	345	-7.5	
62	345	-7.5	
62	345	-7.5	
62	345	-7.5	
62	345	-7.5	
62	345	-7.5	
62	345	-7.5	
62	345	-7.5	
62	345	-7.5	
62	345	-7.5	
62	345	-7.5	
62	345	-7.5	
62	345	-7.5	
62	345	-7.5	
62	345	-7.5	
62	345	-7.5	
62	345	-7.5	
62	345	-7.5	
62	345	-7.5	
62	345	-7.5	
62	345	-7.5	
62	345	-7.5	
62	345	-7.5	
62	345	-7.5	
62	345	-7.5	
62	345	-7.5	
62	345	-7.5	
62	345	-7.5	
62	345	-7.5	
62	345	-7.5	
62	345	-7.5	
62	345	-7.5	
62	345	-7.5	
62	345	-7.5	
62	345	-7.5	
62	345	-7.5	
62	345	-7.5	
62	345	-7.5	
63	0	0	
63	0	0	
63	0	0	
63	0	0	
63	0	0	
63	0	0	
63	0	0	
63	0	0	
63	0	0	
63	0	0	
63	0	0	
63	0	0	
63	0	0	
63	0	0	
63	0	0	
63	0	0	
63	2.5	0	
63	5	2.5	
63	8.75	2.5	
63	23.75	2.5	
63	31.25	2.5	
63	38.75	2.5	
63	47.5	2.5	
63	66.25	0	
63	90	0	
63	116.25	0	
63	131.25	0	
63	151.25	-1.25	
63	170	-1.25	
63	218.75	-3.75	
63	233.75	-3.75	
63	247.5	-1.25	
63	261.25	-1.25	
63	285	0	
63	305	0	
63	321.25	0	
63	328.75	0	
63	338.75	0	
63	342.5	0	
63	346.25	0	
63	346.25	0	
63	346.25	0	
63	346.25	0	
63	346.25	0	
63	346.25	0	
63	346.25	0	
63	346.25	0	
63	346.25	0	
63	346.25	0	
63	346.25	0	
63	346.25	0	
63	346.25	0	
63	346.25	0	
63	346.25	0	
63	346.25	0	
63	346.25	0	
63	346.25	0	
63	346.25	0	
63	346.25	0	
63	346.25	0	
63	346.25	0	
63	346.25	0	
63	346.25	0	
63	346.25	0	
63	346.25	0	
63	346.25	0	
63	346.25	0	
63	346.25	0	
63	346.25	0	
63	346.25	0	
63	346.25	0	
63	346.25	0	
63	346.25	0	
63	346.25	0	
64	0	0	
64	0	0	
64	0	0	
64	0	0	
64	0	0	
64	0	0	
64	0	0	
64	0	0	
64	0	0	
64	0	0	
64	0	0	
64	0	0	
64	0	0	
64	0	0	
64	0	0	
64	0	0	
64	0	0	
64	0	0	
64	0	0	
64	0	0	
64	0	0	
64	0	0	
64	0	0	
64	0	0	
64	2.5	1.25	
64	7.5	1.25	
64	12.5	1.25	
64	17.5	3.75	
64	23.75	3.75	
64	48.75	5	
64	60	5	
64	88.75	5	
64	103.75	5	
64	121.25	7.5	
64	176.25	7.5	
64	197.5	8.75	
64	217.5	11.25	
64	256.25	15	
64	273.75	16.25	
64	303.75	18.75	
64	326.25	20	
64	335	20	
64	341.25	20	
64	341.25	20	
64	341.25	20	
64	341.25	20	
64	341.25	20	
64	341.25	20	
64	341.25	20	
64	341.25	20	
64	341.25	20	
64	341.25	20	
64	341.25	20	
64	341.25	20	
64	341.25	20	
64	341.25	20	
64	341.25	20	
64	341.25	20	
64	341.25	20	
64	341.25	20	
64	341.25	20	
64	341.25	20	
64	341.25	20	
64	341.25	20	
64	341.25	20	
64	341.25	20	
64	341.25	20	
64	341.25	20	
64	341.25	20	
64	341.25	20	
64	341.25	20	
64	341.25	20	
64	341.25	20	
64	341.25	20	
65	0	0	
65	0	0	
65	0	0	
65	0	0	
65	0	0	
65	0	0	
65	0	0	
65	0	0	
65	0	0	
65	0	0	
65	0	0	
65	0	0	
65	0	0	
65	0	0	
65	0	0	
65	0	0	
65	0	0	
65	0	0	
65	0	0	
65	0	0	
65	0	0	
65	0	0	
65	0	0	
65	0	0	
65	0	0	
65	0	0	
65	0	0	
65	0	0	
65	0	0	
65	0	0	
65	0	0	
65	0	0	
65	0	0	
65	0	0	
65	0	0	
65	0	0	
65	0	0	
65	0	0	
65	0	0	
65	0	0	
65	0	0	
65	0	0	
65	0	0	
65	0	0	
65	0	0	
65	0	0	
65	0	0	
65	0	0	
65	0	0	
65	0	0	
65	0	0	
65	0	0	
65	0	0	
65	0	0	
65	0	0	
65	0	0	
65	0	0	
65	0	0	
65	0	0	
65	0	0	
65	0	0	
65	0	0	
65	0	0	
65	0	0	
65	0	0	
65	0	0	
65	0	0	
65	0	0	
65	0	0	
65	0	0	
65	0	0	
65	0	0	
65	0	0	
65	0	0	
66	0	0	
66	0	0	
66	0	0	
66	0	0	
66	0	0	
66	0	0	
66	0	0	
66	0	0	
66	0	0	
66	0	0	
66	0	0	
66	0	0	
66	0	0	
66	0	0	
66	0	0	
66	0	0	
66	0	0	
66	0	0	
66	0	0	
66	0	0	
66	0	0	
66	0	0	
66	0	0	
66	0	0	
66	0	0	
66	0	0	
66	0	0	
66	0	0	
66	0	0	
66	0	0	
66	0	0	
66	0	0	
66	0	0	
66	0	0	
66	0	0	
66	0	0	
66	0	0	
66	0	0	
66	0	0	
66	0	0	
66	0	0	
66	0	0	
66	0	0	
66	0	0	
66	0	0	
66	0	0	
66	0	0	
66	0	0	
66	0	0	
66	0	0	
66	0	0	
66	0	0	
66	0	0	
66	0	0	
66	0	0	
66	0	0	
66	0	0	
66	0	0	
66	0	0	
66	0	0	
66	0	0	
66	0	0	
66	0	0	
66	0	0	
66	0	0	
66	0	0	
66	0	0	
66	0	0	
66	0	0	
66	0	0	
66	0	0	
66	0	0	
66	0	0	
66	0	0	
67	0	0	
67	0	0	
67	0	0	
67	0	0	
67	0	0	
67	0	0	
67	0	0	
67	0	0	
67	0	0	
67	0	0	
67	0	0	
67	0	0	
67	0	0	
67	0	0	
67	0	0	
67	0	0	
67	0	0	
67	0	0	
67	0	0	
67	0	0	
67	0	0	
67	0	0	
67	0	0	
67	0	0	
67	0	0	
67	0	0	
67	0	0	
67	0	0	
67	0	0	
67	0	0	
67	0	0	
67	0	0	
67	0	0	
67	0	0	
67	0	0	
67	0	0	
67	0	0	
67	0	0	
67	0	0	
67	0	0	
67	0	0	
67	0	0	
67	0	0	
67	0	0	
67	0	0	
67	0	0	
67	0	0	
67	0	0	
67	0	0	
67	0	0	
67	0	0	
67	0	0	
67	0	0	
67	0	0	
67	0	0	
67	0	0	
67	0	0	
67	0	0	
67	0	0	
67	0	0	
67	0	0	
67	0	0	
67	0	0	
67	0	0	
67	0	0	
67	0	0	
67	0	0	
67	0	0	
67	0	0	
67	0	0	
67	0	0	
67	0	0	
67	0	0	
67	0	0	
68	0	0	
68	0	0	
68	0	0	
68	0	0	
68	0	0	
68	0	0	
68	0	0	
68	0	0	
68	0	0	
68	0	0	
68	0	0	
68	-16.25	-22.5	
68	-16.25	-22.5	
68	-16.25	-22.5	
68	-16.25	-22.5	
68	-16.25	-22.5	
68	-16.25	-22.5	
68	-16.25	-22.5	
68	-16.25	-22.5	
68	-16.25	-22.5	
68	-16.25	-23.75	
68	-16.25	-23.75	
68	-15	-23.75	
68	-12.5	-23.75	
68	-6.25	-22.5	
68	-2.5	-22.5	
68	1.25	-22.5	
68	12.5	-20	
68	20	-18.75	
68	48.75	-16.25	
68	61.25	-16.25	
68	76.25	-15	
68	91.25	-15	
68	126.25	-15	
68	167.5	-11.25	
68	211.25	-7.5	
68	231.25	-3.75	
68	252.5	0	
68	292.5	7.5	
68	330	15	
68	346.25	18.75	
68	346.25	18.75	
68	346.25	18.75	
68	346.25	18.75	
68	346.25	18.75	
68	346.25	18.75	
68	346.25	18.75	
68	346.25	18.75	
68	346.25	18.75	
68	346.25	18.75	
68	346.25	18.75	
68	346.25	18.75	
68	346.25	18.75	
68	346.25	18.75	
68	346.25	18.75	
68	346.25	18.75	
68	346.25	18.75	
68	346.25	18.75	
68	346.25	18.75	
68	346.25	18.75	
68	346.25	18.75	
68	346.25	18.75	
68	346.25	18.75	
68	346.25	18.75	
68	346.25	18.75	
68	346.25	18.75	
68	346.25	18.75	
68	346.25	18.75	
68	346.25	18.75	
68	346.25	18.75	
68	346.25	18.75	
68	346.25	18.75	
68	346.25	18.75	
68	346.25	18.75	
69	0	0	
69	0	0	
69	0	0	
69	0	0	
69	0	0	
69	0	0	
69	0	0	
69	0	0	
69	0	0	
69	0	0	
69	0	0	
69	0	0	
69	0	0	
69	0	0	
69	0	0	
69	0	0	
69	1.25	0	
69	2.5	0	
69	3.75	0	
69	13.75	0	
69	18.75	2.5	
69	32.5	3.75	
69	40	3.75	
69	50	6.25	
69	87.5	7.5	
69	103.75	10	
69	126.25	11.25	
69	150	15	
69	173.75	15	
69	237.5	21.25	
69	258.75	22.5	
69	277.5	26.25	
69	315	30	
69	332.5	31.25	
69	347.5	33.75	
69	347.5	33.75	
69	347.5	33.75	
69	347.5	33.75	
69	347.5	33.75	
69	347.5	33.75	
69	347.5	33.75	
69	347.5	33.75	
69	347.5	33.75	
69	347.5	33.75	
69	347.5	33.75	
69	347.5	33.75	
69	347.5	33.75	
69	347.5	33.75	
69	347.5	33.75	
69	347.5	33.75	
69	347.5	33.75	
69	347.5	33.75	
69	347.5	33.75	
69	347.5	33.75	
69	347.5	33.75	
69	347.5	33.75	
69	347.5	33.75	
69	347.5	33.75	
69	347.5	33.75	
69	347.5	33.75	
69	347.5	33.75	
69	347.5	33.75	
69	347.5	33.75	
69	347.5	33.75	
69	347.5	33.75	
69	347.5	33.75	
69	347.5	33.75	
69	347.5	33.75	
69	347.5	33.75	
69	347.5	33.75	
69	347.5	33.75	
69	347.5	33.75	
69	347.5	33.75	
69	347.5	33.75	
70	0	0	
70	0	0	
70	0	0	
70	0	0	
70	0	0	
70	0	0	
70	0	0	
70	0	0	
70	0	0	
70	0	0	
70	0	0	
70	0	0	
70	0	0	
70	0	0	
70	0	0	
70	0	0	
70	0	0	
70	0	0	
70	0	0	
70	0	0	
70	0	0	
70	0	0	
70	0	0	
70	0	0	
70	0	0	
70	0	0	
70	0	0	
70	0	0	
70	0	0	
70	0	0	
70	0	0	
70	0	0	
70	1.25	0	
70	2.5	0	
70	20	-2.5	
70	28.75	-3.75	
70	38.75	-6.25	
70	50	-6.25	
70	77.5	-10	
70	110	-10	
70	146.25	-10	
70	165	-10	
70	182.5	-10	
70	201.25	-10	
70	271.25	-3.75	
70	286.25	-2.5	
70	300	-2.5	
70	312.5	1.25	
70	333.75	3.75	
70	348.75	5	
70	348.75	5	
70	348.75	5	
70	348.75	5	
70	348.75	5	
70	348.75	5	
70	348.75	5	
70	348.75	5	
70	348.75	5	
70	348.75	5	
70	348.75	5	
70	348.75	5	
70	348.75	5	
70	348.75	5	
70	348.75	5	
70	348.75	5	
70	348.75	5	
70	348.75	5	
70	348.75	5	
70	348.75	5	
70	348.75	5	
70	348.75	5	
70	348.75	5	
70	348.75	5	
70	348.75	5	
71	0	0	
71	0	0	
71	0	0	
71	0	0	
71	1.25	-2.5	
71	1.25	-2.5	
71	1.25	-2.5	
71	1.25	-2.5	
71	1.25	-2.5	
71	1.25	-2.5	
71	1.25	-2.5	
71	1.25	-2.5	
71	1.25	-2.5	
71	1.25	-2.5	
71	5	-2.5	
71	8.75	-2.5	
71	12.5	-3.75	
71	17.5	-2.5	
71	32.5	-2.5	
71	53.75	1.25	
71	78.75	5	
71	93.75	5	
71	111.25	8.75	
71	128.75	11.25	
71	185	18.75	
71	210	22.5	
71	232.5	23.75	
71	273.75	31.25	
71	291.25	35	
71	321.25	40	
71	341.25	43.75	
71	341.25	43.75	
71	341.25	43.75	
71	341.25	43.75	
71	341.25	43.75	
71	341.25	43.75	
71	341.25	43.75	
71	341.25	43.75	
71	341.25	43.75	
71	341.25	43.75	
71	341.25	43.75	
71	341.25	43.75	
71	341.25	43.75	
71	341.25	43.75	
71	341.25	43.75	
71	341.25	43.75	
71	341.25	43.75	
71	341.25	43.75	
71	341.25	43.75	
71	341.25	43.75	
71	341.25	43.75	
71	341.25	43.75	
71	341.25	43.75	
71	341.25	43.75	
71	341.25	43.75	
71	341.25	43.75	
71	341.25	43.75	
71	341.25	43.75	
71	341.25	43.75	
71	341.25	43.75	
71	341.25	43.75	
71	341.25	43.75	
71	341.25	43.75	
71	341.25	43.75	
71	341.25	43.75	
71	341.25	43.75	
71	341.25	43.75	
71	341.25	43.75	
71	341.25	43.75	
71	341.25	43.75	
71	341.25	43.75	
71	341.25	43.75	
71	341.25	43.75	
71	341.25	43.75	
72	0	0	
72	0	0	
72	0	0	
72	0	0	
72	0	0	
72	0	0	
72	0	0	
72	0	0	
72	0	0	
72	0	0	
72	0	0	
72	0	0	
72	0	0	
72	0	0	
72	0	0	
72	0	0	
72	0	0	
72	0	0	
72	0	0	
72	0	0	
72	0	0	
72	0	0	
72	0	0	
72	0	0	
72	0	0	
72	0	0	
72	0	0	
72	0	0	
72	0	0	
72	0	0	
72	0	0	
72	0	0	
72	0	0	
72	0	0	
72	8.75	0	
72	13.75	0	
72	26.25	2.5	
72	35	3.75	
72	43.75	3.75	
72	71.25	7.5	
72	86.25	11.25	
72	102.5	11.25	
72	135	15	
72	153.75	18.75	
72	207.5	22.5	
72	223.75	22.5	
72	256.25	26.25	
72	271.25	26.25	
72	285	26.25	
72	318.75	28.75	
72	328.75	30	
72	336.25	30	
72	336.25	30	
72	336.25	30	
72	336.25	30	
72	336.25	30	
72	336.25	30	
72	336.25	30	
72	336.25	30	
72	336.25	30	
72	336.25	30	
72	336.25	30	
72	336.25	30	
72	336.25	30	
72	336.25	30	
72	336.25	30	
72	336.25	30	
72	336.25	30	
72	336.25	30	
72	336.25	30	
72	336.25	30	
72	336.25	30	
72	336.25	30	
72	336.25	30	
73	0	0	
73	0	0	
73	0	0	
73	0	0	
73	0	0	
73	0	0	
73	0	0	
73	0	0	
73	0	0	
73	0	0	
73	0	0	
73	0	0	
73	0	0	
73	0	0	
73	0	0	
73	0	0	
73	0	0	
73	0	0	
73	0	0	
73	0	0	
73	0	0	
73	5	2.5	
73	10	3.75	
73	16.25	7.5	
73	50	15	
73	83.75	22.5	
73	102.5	26.25	
73	120	28.75	
73	157.5	30	
73	192.5	30	
73	210	26.25	
73	243.75	22.5	
73	262.5	22.5	
73	280	21.25	
73	332.5	18.75	
73	332.5	18.75	
73	332.5	18.75	
73	332.5	18.75	
73	332.5	18.75	
73	332.5	18.75	
73	332.5	18.75	
73	332.5	18.75	
73	332.5	18.75	
73	332.5	18.75	
73	332.5	18.75	
73	332.5	18.75	
73	332.5	18.75	
73	332.5	18.75	
73	332.5	18.75	
73	332.5	18.75	
73	332.5	18.75	
73	332.5	18.75	
73	332.5	18.75	
73	332.5	18.75	
73	332.5	18.75	
73	332.5	18.75	
73	332.5	18.75	
73	332.5	18.75	
73	332.5	18.75	
73	332.5	18.75	
73	332.5	18.75	
73	332.5	18.75	
73	332.5	18.75	
73	332.5	18.75	
73	332.5	18.75	
73	332.5	18.75	
73	332.5	18.75	
73	332.5	18.75	
73	332.5	18.75	
73	332.5	18.75	
73	332.5	18.75	
73	332.5	18.75	
73	332.5	18.75	
73	332.5	18.75	
74	0	0	
74	0	0	
74	0	0	
74	0	0	
74	0	0	
74	0	0	
74	0	0	
74	0	0	
74	0	0	
74	0	0	
74	0	0	
74	0	0	
74	0	0	
74	0	0	
74	0	0	
74	0	0	
74	0	0	
74	0	0	
74	0	0	
74	0	0	
74	0	0	
74	0	0	
74	0	-2.5	
74	1.25	-2.5	
74	11.25	-2.5	
74	17.5	-2.5	
74	30	-2.5	
74	37.5	-2.5	
74	45	-2.5	
74	76.25	-2.5	
74	88.75	-2.5	
74	101.25	-2.5	
74	128.75	-3.75	
74	141.25	-3.75	
74	183.75	-6.25	
74	197.5	-6.25	
74	225	-3.75	
74	237.5	-3.75	
74	250	-2.5	
74	281.25	-2.5	
74	291.25	-2.5	
74	298.75	-2.5	
74	315	-2.5	
74	321.25	-2.5	
74	341.25	1.25	
74	347.5	1.25	
74	347.5	1.25	
74	347.5	1.25	
74	347.5	1.25	
74	347.5	1.25	
74	347.5	1.25	
74	347.5	1.25	
74	347.5	1.25	
74	347.5	1.25	
74	347.5	1.25	
74	347.5	1.25	
74	347.5	1.25	
74	347.5	1.25	
74	347.5	1.25	
74	347.5	1.25	
74	347.5	1.25	
74	347.5	1.25	
74	347.5	1.25	
74	347.5	1.25	
74	347.5	1.25	
74	347.5	1.25	
74	347.5	1.25	
74	347.5	1.25	
74	347.5	1.25	
74	347.5	1.25	
74	347.5	1.25	
74	347.5	1.25	
74	347.5	1.25	
74	347.5	1.25	
75	0	0	
75	0	0	
75	0	0	
75	0	0	
75	0	0	
75	0	0	
75	0	0	
75	0	0	
75	0	0	
75	0	0	
75	0	0	
75	0	0	
75	0	0	
75	0	0	
75	0	0	
75	0	0	
75	0	0	
75	0	0	
75	0	0	
75	2.5	-2.5	
75	5	-3.75	
75	8.75	-6.25	
75	12.5	-7.5	
75	23.75	-11.25	
75	51.25	-15	
75	62.5	-17.5	
75	75	-17.5	
75	100	-17.5	
75	112.5	-17.5	
75	141.25	-17.5	
75	167.5	-17.5	
75	181.25	-15	
75	193.75	-13.75	
75	217.5	-11.25	
75	246.25	-10	
75	255	-7.5	
75	261.25	-6.25	
75	272.5	-6.25	
75	275	-6.25	
75	280	-6.25	
75	283.75	-3.75	
75	286.25	-3.75	
75	287.5	-2.5	
75	291.25	-2.5	
75	297.5	1.25	
75	300	1.25	
75	301.25	1.25	
75	305	3.75	
75	307.5	5	
75	312.5	5	
75	317.5	5	
75	318.75	7.5	
75	321.25	7.5	
75	325	7.5	
75	331.25	7.5	
75	333.75	7.5	
75	336.25	7.5	
75	341.25	7.5	
75	342.5	7.5	
75	346.25	7.5	
75	346.25	7.5	
75	346.25	7.5	
75	346.25	7.5	
75	346.25	7.5	
75	346.25	7.5	
75	346.25	7.5	
75	346.25	7.5	
75	346.25	7.5	
75	346.25	7.5	
75	346.25	7.5	
75	346.25	7.5	
75	346.25	7.5	
75	346.25	7.5	
75	346.25	7.5	
76	0	0	
76	0	0	
76	0	0	
76	0	0	
76	0	0	
76	0	0	
76	0	0	
76	0	0	
76	0	0	
76	0	0	
76	0	0	
76	0	0	
76	0	0	
76	0	0	
76	0	0	
76	0	0	
76	0	0	
76	0	0	
76	0	0	
76	0	0	
76	0	0	
76	0	0	
76	0	0	
76	2.5	-2.5	
76	7.5	-2.5	
76	10	-2.5	
76	20	-3.75	
76	26.25	-6.25	
76	33.75	-6.25	
76	63.75	-10	
76	63.75	-10	
76	88.75	-13.75	
76	101.25	-15	
76	127.5	-21.25	
76	156.25	-22.5	
76	175	-22.5	
76	193.75	-21.25	
76	211.25	-21.25	
76	226.25	-21.25	
76	256.25	-17.5	
76	267.5	-17.5	
76	285	-15	
76	291.25	-13.75	
76	300	-13.75	
76	307.5	-11.25	
76	308.75	-10	
76	311.25	-10	
76	312.5	-10	
76	316.25	-6.25	
76	317.5	-3.75	
76	318.75	-2.5	
76	323.75	-2.5	
76	326.25	1.25	
76	333.75	3.75	
76	337.5	5	
76	341.25	7.5	
76	345	8.75	
76	348.75	8.75	
76	348.75	8.75	
76	348.75	8.75	
76	348.75	8.75	
76	348.75	8.75	
76	348.75	8.75	
76	348.75	8.75	
76	348.75	8.75	
76	348.75	8.75	
76	348.75	8.75	
76	348.75	8.75	
76	348.75	8.75	
76	348.75	8.75	
76	348.75	8.75	
76	348.75	8.75	
76	348.75	8.75	
76	348.75	8.75	
77	0	0	
77	0	0	
77	0	0	
77	0	0	
77	0	0	
77	0	0	
77	0	0	
77	0	0	
77	0	0	
77	0	0	
77	0	0	
77	0	0	
77	0	0	
77	0	0	
77	0	0	
77	0	0	
77	0	0	
77	0	0	
77	0	0	
77	0	0	
77	0	0	
77	1.25	0	
77	2.5	0	
77	7.5	0	
77	27.5	0	
77	36.25	0	
77	47.5	2.5	
77	72.5	3.75	
77	86.25	3.75	
77	101.25	3.75	
77	140	3.75	
77	157.5	3.75	
77	175	2.5	
77	210	0	
77	258.75	0	
77	273.75	2.5	
77	287.5	2.5	
77	311.25	3.75	
77	321.25	3.75	
77	337.5	3.75	
77	348.75	3.75	
77	348.75	3.75	
77	348.75	3.75	
77	348.75	3.75	
77	348.75	3.75	
77	348.75	3.75	
77	348.75	3.75	
77	348.75	3.75	
77	348.75	3.75	
77	348.75	3.75	
77	348.75	3.75	
77	348.75	3.75	
77	348.75	3.75	
77	348.75	3.75	
77	348.75	3.75	
77	348.75	3.75	
77	348.75	3.75	
77	348.75	3.75	
77	348.75	3.75	
77	348.75	3.75	
77	348.75	3.75	
77	348.75	3.75	
77	348.75	3.75	
77	348.75	3.75	
77	348.75	3.75	
77	348.75	3.75	
77	348.75	3.75	
77	348.75	3.75	
77	348.75	3.75	
77	348.75	3.75	
77	348.75	3.75	
77	348.75	3.75	
77	348.75	3.75	
77	348.75	3.75	
78	0	0	
78	0	0	
78	0	0	
78	0	0	
78	0	0	
78	0	0	
78	0	0	
78	0	0	
78	0	0	
78	0	0	
78	0	0	
78	0	0	
78	0	0	
78	0	0	
78	0	0	
78	0	0	
78	2.5	0	
78	6.25	0	
78	16.25	0	
78	32.5	2.5	
78	41.25	2.5	
78	62.5	2.5	
78	73.75	0	
78	97.5	0	
78	136.25	2.5	
78	151.25	3.75	
78	165	3.75	
78	178.75	6.25	
78	206.25	10	
78	231.25	11.25	
78	243.75	13.75	
78	266.25	15	
78	276.25	15	
78	296.25	15	
78	310	13.75	
78	321.25	11.25	
78	325	11.25	
78	327.5	11.25	
78	331.25	10	
78	335	7.5	
78	336.25	7.5	
78	337.5	7.5	
78	338.75	7.5	
78	341.25	7.5	
78	341.25	7.5	
78	342.5	7.5	
78	342.5	7.5	
78	342.5	7.5	
78	342.5	7.5	
78	342.5	7.5	
78	342.5	7.5	
78	342.5	7.5	
78	342.5	7.5	
78	342.5	7.5	
78	342.5	7.5	
78	342.5	7.5	
78	342.5	7.5	
78	342.5	7.5	
78	342.5	7.5	
78	342.5	7.5	
78	342.5	7.5	
78	342.5	7.5	
78	342.5	7.5	
78	342.5	7.5	
78	342.5	7.5	
78	342.5	7.5	
78	342.5	7.5	
78	342.5	7.5	
78	342.5	7.5	
78	342.5	7.5	
78	342.5	7.5	
78	342.5	7.5	
78	342.5	7.5	
78	342.5	7.5	
79	0	0	
79	0	0	
79	0	0	
79	0	0	
79	0	0	
79	0	0	
79	0	0	
79	0	0	
79	0	0	
79	0	0	
79	0	0	
79	0	0	
79	0	0	
79	0	0	
79	0	0	
79	0	0	
79	1.25	1.25	
79	3.75	1.25	
79	6.25	1.25	
79	17.5	1.25	
79	22.5	1.25	
79	27.5	1.25	
79	41.25	3.75	
79	48.75	1.25	
79	65	1.25	
79	77.5	1.25	
79	90	1.25	
79	105	0	
79	105	0	
79	137.5	-2.5	
79	153.75	-2.5	
79	171.25	-2.5	
79	171.25	-2.5	
79	188.75	-2.5	
79	220	-3.75	
79	235	-6.25	
79	247.5	-6.25	
79	256.25	-6.25	
79	267.5	-6.25	
79	283.75	-6.25	
79	296.25	-6.25	
79	301.25	-6.25	
79	310	-7.5	
79	313.75	-7.5	
79	321.25	-7.5	
79	323.75	-7.5	
79	325	-7.5	
79	327.5	-6.25	
79	328.75	-6.25	
79	332.5	-3.75	
79	337.5	0	
79	340	1.25	
79	343.75	1.25	
79	345	1.25	
79	347.5	3.75	
79	348.75	3.75	
79	348.75	3.75	
79	348.75	3.75	
79	348.75	3.75	
79	348.75	3.75	
79	348.75	3.75	
79	348.75	3.75	
79	348.75	3.75	
79	348.75	3.75	
79	348.75	3.75	
79	348.75	3.75	
79	348.75	3.75	
79	348.75	3.75	
79	348.75	3.75	
79	348.75	3.75	
79	348.75	3.75	
79	348.75	3.75	
79	348.75	3.75	
79	348.75	3.75	
80	0	0	
80	0	0	
80	0	0	
80	0	0	
80	0	0	
80	0	0	
80	0	0	
80	0	0	
80	0	0	
80	0	0	
80	0	0	
80	0	0	
80	0	0	
80	0	0	
80	0	0	
80	-25	8.75	
80	-25	8.75	
80	-25	8.75	
80	-25	8.75	
80	-25	8.75	
80	-25	8.75	
80	-25	8.75	
80	-6.25	8.75	
80	-6.25	8.75	
80	-6.25	8.75	
80	-6.25	8.75	
80	-6.25	8.75	
80	-6.25	8.75	
80	-6.25	8.75	
80	-6.25	8.75	
80	-6.25	8.75	
80	68.75	-2.5	
80	80	-3.75	
80	93.75	-6.25	
80	106.25	-7.5	
80	108.75	-6.25	
80	117.5	-6.25	
80	126.25	-6.25	
80	126.25	-6.25	
80	126.25	-6.25	
80	126.25	-6.25	
80	126.25	-6.25	
80	126.25	-6.25	
80	126.25	-6.25	
80	126.25	-6.25	
80	238.75	-13.75	
80	243.75	-13.75	
80	248.75	-13.75	
80	256.25	-13.75	
80	266.25	-13.75	
80	275	-15	
80	278.75	-17.5	
80	287.5	-11.25	
80	291.25	-13.75	
80	302.5	-13.75	
80	306.25	-13.75	
80	311.25	-15	
80	322.5	-13.75	
80	326.25	-13.75	
80	337.5	-13.75	
80	340	-13.75	
80	342.5	-13.75	
80	346.25	-13.75	
80	348.75	-13.75	
80	348.75	-13.75	
80	348.75	-13.75	
80	348.75	-13.75	
80	348.75	-13.75	
80	348.75	-13.75	
80	348.75	-13.75	
80	348.75	-13.75	
80	348.75	-13.75	
80	348.75	-13.75	
80	348.75	-13.75	
81	0	0	
81	0	0	
81	0	0	
81	0	0	
81	0	0	
81	0	0	
81	0	0	
81	0	0	
81	0	0	
81	0	0	
81	0	0	
81	0	0	
81	0	0	
81	0	0	
81	0	0	
81	0	0	
81	0	0	
81	0	0	
81	0	0	
81	0	0	
81	0	0	
81	0	0	
81	0	0	
81	0	0	
81	0	0	
81	0	0	
81	1.25	0	
81	2.5	0	
81	3.75	0	
81	13.75	0	
81	17.5	0	
81	23.75	0	
81	37.5	2.5	
81	51.25	3.75	
81	68.75	7.5	
81	78.75	10	
81	78.75	10	
81	91.25	11.25	
81	115	15	
81	137.5	18.75	
81	146.25	18.75	
81	167.5	18.75	
81	188.75	21.25	
81	198.75	21.25	
81	218.75	18.75	
81	238.75	18.75	
81	246.25	18.75	
81	255	18.75	
81	265	18.75	
81	285	17.5	
81	295	17.5	
81	306.25	15	
81	323.75	15	
81	333.75	15	
81	333.75	15	
81	333.75	15	
81	333.75	15	
81	333.75	15	
81	333.75	15	
81	333.75	15	
81	333.75	15	
81	333.75	15	
81	333.75	15	
81	333.75	15	
81	333.75	15	
81	333.75	15	
81	333.75	15	
81	333.75	15	
81	333.75	15	
81	333.75	15	
81	333.75	15	
81	333.75	15	
81	333.75	15	
81	333.75	15	
82	0	0	
82	0	0	
82	0	0	
82	0	0	
82	0	0	
82	0	0	
82	0	0	
82	0	0	
82	0	0	
82	0	0	
82	0	0	
82	0	0	
82	0	0	
82	0	0	
82	0	0	
82	0	0	
82	0	0	
82	0	0	
82	0	0	
82	0	0	
82	0	0	
82	-1.25	0	
82	5	0	
82	8.75	1.25	
82	25	1.25	
82	32.5	3.75	
82	41.25	3.75	
82	48.75	5	
82	68.75	7.5	
82	90	12.5	
82	103.75	12.5	
82	117.5	16.25	
82	145	20	
82	158.75	22.5	
82	198.75	27.5	
82	211.25	30	
82	237.5	33.75	
82	251.25	35	
82	263.75	35	
82	300	38.75	
82	300	38.75	
82	316.25	41.25	
82	316.25	41.25	
82	316.25	41.25	
82	316.25	41.25	
82	316.25	41.25	
82	316.25	41.25	
82	316.25	41.25	
82	316.25	41.25	
82	316.25	41.25	
82	316.25	41.25	
82	316.25	41.25	
82	316.25	41.25	
82	316.25	41.25	
82	316.25	41.25	
82	316.25	41.25	
82	316.25	41.25	
82	316.25	41.25	
82	316.25	41.25	
82	316.25	41.25	
82	316.25	41.25	
82	316.25	41.25	
82	316.25	41.25	
82	316.25	41.25	
82	316.25	41.25	
82	316.25	41.25	
82	316.25	41.25	
82	316.25	41.25	
82	316.25	41.25	
82	316.25	41.25	
82	316.25	41.25	
82	316.25	41.25	
82	316.25	41.25	
82	316.25	41.25	
83	0	0	
83	0	0	
83	0	0	
83	0	0	
83	0	0	
83	0	0	
83	0	0	
83	0	0	
83	0	0	
83	0	0	
83	0	0	
83	0	0	
83	0	0	
83	0	0	
83	0	0	
83	0	0	
83	0	0	
83	0	0	
83	0	0	
83	1.25	0	
83	6.25	2.5	
83	10	3.75	
83	18.75	6.25	
83	23.75	7.5	
83	35	11.25	
83	43.75	15	
83	61.25	18.75	
83	70	22.5	
83	80	25	
83	112.5	30	
83	123.75	33.75	
83	137.5	33.75	
83	153.75	37.5	
83	170	37.5	
83	217.5	45	
83	232.5	45	
83	247.5	47.5	
83	262.5	48.75	
83	291.25	51.25	
83	318.75	52.5	
83	332.5	52.5	
83	332.5	52.5	
83	332.5	52.5	
83	332.5	52.5	
83	332.5	52.5	
83	332.5	52.5	
83	332.5	52.5	
83	332.5	52.5	
83	332.5	52.5	
83	332.5	52.5	
83	332.5	52.5	
83	332.5	52.5	
83	332.5	52.5	
83	332.5	52.5	
83	332.5	52.5	
83	332.5	52.5	
83	332.5	52.5	
83	332.5	52.5	
83	332.5	52.5	
83	332.5	52.5	
83	332.5	52.5	
83	332.5	52.5	
83	332.5	52.5	
83	332.5	52.5	
83	332.5	52.5	
83	332.5	52.5	
83	332.5	52.5	
83	332.5	52.5	
83	332.5	52.5	
83	332.5	52.5	
83	332.5	52.5	
83	332.5	52.5	
83	332.5	52.5	
83	332.5	52.5	
84	0	0	
84	0	0	
84	0	0	
84	0	0	
84	0	0	
84	0	0	
84	0	0	
84	0	0	
84	0	0	
84	0	0	
84	0	0	
84	0	0	
84	0	0	
84	0	0	
84	0	0	
84	0	0	
84	0	0	
84	0	0	
84	0	0	
84	0	0	
84	0	0	
84	0	0	
84	0	0	
84	0	0	
84	0	0	
84	0	0	
84	0	0	
84	0	0	
84	0	0	
84	0	0	
84	0	0	
84	0	0	
84	0	0	
84	1.25	0	
84	2.5	0	
84	5	0	
84	7.5	0	
84	10	0	
84	13.75	0	
84	22.5	2.5	
84	33.75	6.25	
84	47.5	7.5	
84	56.25	11.25	
84	63.75	13.75	
84	93.75	21.25	
84	106.25	26.25	
84	117.5	26.25	
84	130	30	
84	153.75	36.25	
84	178.75	41.25	
84	191.25	45	
84	218.75	51.25	
84	231.25	55	
84	256.25	60	
84	276.25	63.75	
84	285	63.75	
84	298.75	67.5	
84	305	67.5	
84	310	67.5	
84	320	70	
84	322.5	70	
84	327.5	70	
84	328.75	70	
84	330	70	
84	331.25	70	
84	331.25	70	
84	331.25	70	
84	331.25	70	
84	331.25	70	
84	331.25	70	
84	331.25	70	
84	331.25	70	
84	331.25	70	
84	331.25	70	
85	0	0	
85	0	0	
85	0	0	
85	0	0	
85	0	0	
85	0	0	
85	0	0	
85	0	0	
85	0	0	
85	0	0	
85	0	0	
85	0	0	
85	0	0	
85	0	0	
85	0	0	
85	0	0	
85	0	0	
85	0	0	
85	0	0	
85	0	0	
85	0	0	
85	0	0	
85	0	0	
85	0	0	
85	2.5	0	
85	2.5	0	
85	3.75	1.25	
85	3.75	1.25	
85	3.75	1.25	
85	5	1.25	
85	6.25	1.25	
85	6.25	1.25	
85	7.5	1.25	
85	7.5	1.25	
85	10	1.25	
85	10	1.25	
85	11.25	1.25	
85	11.25	1.25	
85	15	1.25	
85	18.75	1.25	
85	26.25	3.75	
85	30	3.75	
85	37.5	3.75	
85	47.5	5	
85	68.75	7.5	
85	93.75	8.75	
85	106.25	11.25	
85	120	12.5	
85	133.75	12.5	
85	180	20	
85	197.5	23.75	
85	231.25	30	
85	247.5	31.25	
85	276.25	35	
85	301.25	38.75	
85	316.25	38.75	
85	323.75	38.75	
85	327.5	38.75	
85	331.25	38.75	
85	338.75	38.75	
85	340	38.75	
85	341.25	38.75	
85	342.5	38.75	
85	342.5	38.75	
85	342.5	38.75	
85	342.5	38.75	
85	342.5	38.75	
85	342.5	38.75	
85	342.5	38.75	
85	342.5	38.75	
85	342.5	38.75	
85	342.5	38.75	
85	342.5	38.75	
85	342.5	38.75	
86	0	0	
86	0	0	
86	0	0	
86	0	0	
86	0	0	
86	0	0	
86	0	0	
86	0	0	
86	0	0	
86	0	0	
86	0	0	
86	0	0	
86	0	0	
86	0	0	
86	0	0	
86	0	0	
86	0	0	
86	0	0	
86	0	0	
86	0	0	
86	0	0	
86	0	0	
86	0	0	
86	0	0	
86	0	0	
86	0	0	
86	0	0	
86	0	0	
86	0	0	
86	10	0	
86	16.25	2.5	
86	33.75	6.25	
86	42.5	7.5	
86	53.75	11.25	
86	82.5	17.5	
86	98.75	18.75	
86	130	26.25	
86	148.75	28.75	
86	166.25	32.5	
86	221.25	41.25	
86	238.75	43.75	
86	268.75	47.5	
86	282.5	48.75	
86	295	48.75	
86	320	52.5	
86	325	52.5	
86	330	52.5	
86	335	52.5	
86	336.25	52.5	
86	340	52.5	
86	340	52.5	
86	340	52.5	
86	340	52.5	
86	340	52.5	
86	340	52.5	
86	340	52.5	
86	340	52.5	
86	340	52.5	
86	340	52.5	
86	340	52.5	
86	340	52.5	
86	340	52.5	
86	340	52.5	
86	340	52.5	
86	340	52.5	
86	340	52.5	
86	340	52.5	
86	340	52.5	
86	340	52.5	
86	340	52.5	
86	340	52.5	
86	340	52.5	
86	340	52.5	
86	340	52.5	
87	0	0	
87	0	0	
87	0	0	
87	0	0	
87	0	0	
87	0	0	
87	0	0	
87	0	0	
87	0	0	
87	0	0	
87	0	0	
87	0	0	
87	0	0	
87	0	0	
87	0	0	
87	0	0	
87	0	0	
87	0	0	
87	0	0	
87	0	0	
87	-343.75	-57.5	
87	-327.5	-56.25	
87	-311.25	-52.5	
87	-277.5	-45	
87	-255	-41.25	
87	-232.5	-37.5	
87	-210	-33.75	
87	-170	-26.25	
87	-148.75	-22.5	
87	-111.25	-15	
87	-76.25	-8.75	
87	-45	-3.75	
87	-31.25	-1.25	
87	-20	0	
87	-1.25	3.75	
87	1.25	3.75	
87	3.75	3.75	
87	7.5	3.75	
87	8.75	3.75	
87	10	3.75	
87	11.25	3.75	
87	11.25	3.75	
87	11.25	3.75	
87	11.25	3.75	
87	11.25	3.75	
87	11.25	3.75	
87	11.25	3.75	
87	11.25	3.75	
87	11.25	3.75	
87	11.25	3.75	
87	11.25	3.75	
87	11.25	3.75	
87	11.25	3.75	
87	11.25	3.75	
87	11.25	3.75	
87	11.25	3.75	
87	11.25	3.75	
87	11.25	3.75	
87	11.25	3.75	
87	11.25	3.75	
87	11.25	3.75	
87	11.25	3.75	
87	11.25	3.75	
87	11.25	3.75	
87	11.25	3.75	
87	11.25	3.75	
87	11.25	3.75	
87	11.25	3.75	
87	11.25	3.75	
87	11.25	3.75	
87	11.25	3.75	
87	11.25	3.75	
87	11.25	3.75	
87	11.25	3.75	
88	0	0	
88	0	0	
88	0	0	
88	0	0	
88	0	0	
88	0	0	
88	0	0	
88	0	0	
88	0	0	
88	0	0	
88	0	0	
88	0	0	
88	0	0	
88	0	0	
88	0	0	
88	0	0	
88	0	0	
88	0	0	
88	0	0	
88	0	0	
88	0	0	
88	0	0	
88	0	0	
88	0	0	
88	0	0	
88	0	0	
88	0	0	
88	0	0	
88	0	0	
88	0	0	
88	1.25	0	
88	2.5	0	
88	5	0	
88	10	1.25	
88	26.25	3.75	
88	33.75	5	
88	50	7.5	
88	50	7.5	
88	61.25	8.75	
88	101.25	16.25	
88	130	20	
88	145	22.5	
88	158.75	23.75	
88	190	27.5	
88	218.75	31.25	
88	232.5	33.75	
88	246.25	35	
88	258.75	37.5	
88	268.75	38.75	
88	287.5	41.25	
88	292.5	41.25	
88	295	41.25	
88	296.25	42.5	
88	297.5	42.5	
88	298.75	42.5	
88	298.75	42.5	
88	298.75	42.5	
88	298.75	42.5	
88	298.75	42.5	
88	298.75	42.5	
88	298.75	42.5	
88	298.75	42.5	
88	298.75	42.5	
88	298.75	42.5	
88	298.75	42.5	
88	298.75	42.5	
88	298.75	42.5	
88	298.75	42.5	
88	298.75	42.5	
88	298.75	42.5	
88	298.75	42.5	
88	298.75	42.5	
88	298.75	42.5	
88	298.75	42.5	
89	0	0	
89	0	0	
89	0	0	
89	0	1.25	
89	0	1.25	
89	0	1.25	
89	0	1.25	
89	0	1.25	
89	0	1.25	
89	0	1.25	
89	0	1.25	
89	0	1.25	
89	0	1.25	
89	0	1.25	
89	0	1.25	
89	0	1.25	
89	0	1.25	
89	0	1.25	
89	0	1.25	
89	0	1.25	
89	0	1.25	
89	0	1.25	
89	0	1.25	
89	0	1.25	
89	0	1.25	
89	0	1.25	
89	0	1.25	
89	0	1.25	
89	0	1.25	
89	0	1.25	
89	0	1.25	
89	0	1.25	
89	0	1.25	
89	-1.25	11.25	
89	-1.25	11.25	
89	-1.25	11.25	
89	-1.25	11.25	
89	-1.25	11.25	
89	-1.25	11.25	
89	-1.25	11.25	
89	-1.25	11.25	
89	-1.25	11.25	
89	-1.25	11.25	
89	-1.25	11.25	
89	-1.25	11.25	
89	-1.25	11.25	
89	-1.25	11.25	
89	-1.25	11.25	
89	-1.25	11.25	
89	-1.25	11.25	
89	-1.25	11.25	
89	-1.25	11.25	
89	-1.25	11.25	
89	-1.25	11.25	
89	-1.25	11.25	
89	-1.25	11.25	
89	-1.25	11.25	
89	-1.25	11.25	
89	-1.25	11.25	
89	-1.25	11.25	
89	-1.25	11.25	
89	-1.25	11.25	
89	-1.25	11.25	
89	-1.25	11.25	
89	-1.25	11.25	
89	-1.25	11.25	
89	-1.25	11.25	
89	-1.25	11.25	
89	-1.25	11.25	
89	-1.25	11.25	
89	-1.25	11.25	
89	-26.25	-7.5	
89	-20	-7.5	
89	-13.75	-7.5	
90	0	0	
90	0	0	
90	0	0	
90	0	0	
90	0	0	
90	0	0	
90	0	0	
90	0	0	
90	0	0	
90	0	0	
90	0	0	
90	0	0	
90	0	0	
90	0	0	
90	0	0	
90	0	0	
90	0	0	
90	0	0	
90	0	0	
90	0	0	
90	0	0	
90	0	0	
90	0	0	
90	0	0	
90	0	0	
90	0	0	
90	0	0	
90	0	0	
90	0	0	
90	0	0	
90	0	0	
90	0	0	
90	0	0	
90	0	0	
90	0	0	
90	0	0	
90	-2.5	3.75	
90	-2.5	3.75	
90	-2.5	3.75	
90	-2.5	3.75	
90	-2.5	3.75	
90	-2.5	3.75	
90	-2.5	3.75	
90	-2.5	3.75	
90	-2.5	3.75	
90	-95	13.75	
90	-95	13.75	
90	-95	13.75	
90	-95	13.75	
90	-95	13.75	
90	-95	13.75	
90	-95	13.75	
90	-95	13.75	
90	-95	13.75	
90	-95	13.75	
90	-95	13.75	
90	-95	13.75	
90	-95	13.75	
90	-95	13.75	
90	-95	13.75	
90	-95	13.75	
90	-95	13.75	
90	-95	13.75	
90	-95	13.75	
90	-95	13.75	
90	-95	13.75	
90	-250	-22.5	
90	-245	-22.5	
90	-232.5	-22.5	
90	-216.25	-22.5	
90	-207.5	-22.5	
90	-188.75	-22.5	
90	-178.75	-22.5	
90	-168.75	-22.5	
91	0	0	
91	0	0	
91	0	0	
91	0	0	
91	0	0	
91	0	0	
91	0	0	
91	0	0	
91	0	0	
91	0	0	
91	0	0	
91	0	0	
91	0	0	
91	0	0	
91	0	0	
91	0	0	
91	0	0	
91	0	0	
91	0	0	
91	0	0	
91	0	0	
91	0	0	
91	0	0	
91	0	0	
91	0	0	
91	0	0	
91	0	0	
91	0	0	
91	0	0	
91	0	0	
91	0	0	
91	0	0	
91	0	0	
91	0	0	
91	0	0	
91	0	0	
91	0	0	
91	0	0	
91	0	0	
91	0	0	
91	0	0	
91	0	0	
91	0	0	
91	0	0	
91	0	0	
91	0	0	
91	0	0	
91	0	0	
91	0	0	
91	0	0	
91	0	0	
91	0	0	
91	0	0	
91	0	0	
91	0	0	
91	0	0	
91	0	0	
91	0	0	
91	0	0	
91	0	0	
91	0	0	
91	0	0	
91	0	0	
91	-1.25	-1.25	
91	-2.5	-3.75	
91	-2.5	-3.75	
91	-2.5	-3.75	
91	-2.5	-3.75	
91	-2.5	-3.75	
91	-2.5	-3.75	
91	-2.5	-3.75	
91	-2.5	-3.75	
91	-2.5	-3.75	
91	-2.5	-3.75	
92	0	0	
92	0	0	
92	0	0	
92	0	0	
92	0	0	
92	0	0	
92	0	0	
92	0	0	
92	0	0	
92	0	0	
92	0	0	
92	0	0	
92	0	0	
92	0	0	
92	0	0	
92	0	0	
92	0	0	
92	0	0	
92	0	0	
92	0	0	
92	0	0	
92	0	0	
92	0	0	
92	0	0	
92	0	0	
92	0	0	
92	0	0	
92	0	0	
92	0	0	
92	0	0	
92	0	0	
92	0	0	
92	0	0	
92	0	0	
92	0	0	
92	0	0	
92	0	0	
92	0	0	
92	0	0	
92	0	0	
92	0	0	
92	0	0	
92	0	0	
92	0	0	
92	0	0	
92	0	0	
92	0	0	
92	0	0	
92	0	0	
92	0	0	
92	0	0	
92	0	0	
92	0	0	
92	0	0	
92	0	0	
92	0	0	
92	0	0	
92	0	0	
92	0	0	
92	0	0	
92	0	0	
92	0	0	
92	0	0	
92	0	0	
92	0	0	
92	0	0	
92	0	0	
92	0	0	
92	0	0	
92	0	0	
92	0	0	
92	0	0	
92	0	0	
92	0	0	
93	0	0	
93	0	0	
93	0	0	
93	0	0	
93	0	0	
93	0	0	
93	0	0	
93	0	0	
93	0	0	
93	0	0	
93	0	0	
93	0	0	
93	0	0	
93	0	0	
93	0	0	
93	0	0	
93	0	0	
93	0	0	
93	0	0	
93	0	0	
93	0	0	
93	0	0	
93	0	0	
93	0	0	
93	0	0	
93	1.25	0	
93	6.25	0	
93	11.25	1.25	
93	16.25	1.25	
93	38.75	3.75	
93	47.5	5	
93	57.5	5	
93	67.5	5	
93	88.75	7.5	
93	125	8.75	
93	125	8.75	
93	156.25	12.5	
93	171.25	12.5	
93	186.25	15	
93	223.75	15	
93	235	15	
93	246.25	16.25	
93	266.25	16.25	
93	275	16.25	
93	296.25	16.25	
93	301.25	18.75	
93	308.75	18.75	
93	311.25	16.25	
93	313.75	16.25	
93	321.25	16.25	
93	323.75	15	
93	327.5	12.5	
93	335	12.5	
93	338.75	11.25	
93	342.5	8.75	
93	342.5	8.75	
93	342.5	8.75	
93	342.5	8.75	
93	342.5	8.75	
93	342.5	8.75	
93	342.5	8.75	
93	342.5	8.75	
93	342.5	8.75	
93	342.5	8.75	
93	342.5	8.75	
93	342.5	8.75	
93	342.5	8.75	
93	342.5	8.75	
93	342.5	8.75	
93	342.5	8.75	
93	342.5	8.75	
93	342.5	8.75	
93	342.5	8.75	
93	342.5	8.75	
94	0	0	
94	0	0	
94	0	0	
94	0	0	
94	0	0	
94	0	0	
94	0	0	
94	0	0	
94	0	0	
94	0	0	
94	0	0	
94	0	0	
94	0	0	
94	0	0	
94	0	0	
94	0	0	
94	0	0	
94	0	0	
94	0	0	
94	0	0	
94	0	0	
94	0	0	
94	0	0	
94	0	0	
94	0	0	
94	0	0	
94	0	0	
94	0	0	
94	0	0	
94	0	0	
94	0	0	
94	0	0	
94	0	0	
94	0	0	
94	0	0	
94	0	0	
94	0	0	
94	0	0	
94	0	0	
94	0	0	
94	0	0	
94	0	0	
94	0	0	
94	0	0	
94	0	0	
94	0	0	
94	0	0	
94	0	0	
94	0	0	
94	0	0	
94	0	0	
94	0	0	
94	0	0	
94	0	0	
94	0	0	
94	0	0	
94	0	0	
94	0	0	
94	0	0	
94	0	0	
94	0	0	
94	0	0	
94	0	0	
94	0	0	
94	0	0	
94	0	0	
94	1.25	-1.25	
94	3.75	-3.75	
94	5	-3.75	
94	17.5	-7.5	
94	23.75	-7.5	
94	30	-7.5	
94	43.75	-8.75	
94	51.25	-11.25	
95	0	0	
95	0	0	
95	0	0	
95	0	0	
95	0	0	
95	0	0	
95	0	0	
95	0	0	
95	0	0	
95	0	0	
95	0	0	
95	0	0	
95	0	0	
95	0	0	
95	0	0	
95	0	0	
95	0	0	
95	0	0	
95	0	0	
95	0	0	
95	0	0	
95	0	0	
95	0	0	
95	0	0	
95	0	0	
95	0	0	
95	0	0	
95	0	0	
95	0	0	
95	0	0	
95	0	0	
95	0	0	
95	0	0	
95	0	0	
95	0	0	
95	0	0	
95	0	0	
95	0	0	
95	0	0	
95	0	0	
95	0	0	
95	0	0	
95	0	0	
95	0	0	
95	0	0	
95	0	0	
95	0	0	
95	0	0	
95	0	0	
95	-1.25	0	
95	-2.5	2.5	
95	-3.75	3.75	
95	-7.5	6.25	
95	-18.75	7.5	
95	-45	11.25	
95	-57.5	13.75	
95	-70	13.75	
95	-97.5	11.25	
95	-112.5	11.25	
95	-148.75	7.5	
95	-167.5	3.75	
95	-202.5	-3.75	
95	-217.5	-5	
95	-230	-7.5	
95	-252.5	-12.5	
95	-260	-15	
95	-262.5	-15	
95	-263.75	-15	
95	-266.25	-15	
95	-267.5	-15	
95	-267.5	-15	
95	-267.5	-15	
95	-267.5	-15	
95	-267.5	-15	
96	0	0	
96	0	0	
96	0	0	
96	0	0	
96	0	0	
96	0	0	
96	0	0	
96	0	0	
96	0	0	
96	0	0	
96	0	0	
96	0	0	
96	0	0	
96	0	0	
96	0	0	
96	0	0	
96	0	0	
96	0	0	
96	0	0	
96	0	0	
96	0	0	
96	0	0	
96	0	0	
96	0	0	
96	0	0	
96	0	0	
96	0	0	
96	0	0	
96	0	0	
96	0	0	
96	0	0	
96	0	0	
96	0	0	
96	0	0	
96	0	0	
96	0	0	
96	0	0	
96	0	0	
96	0	0	
96	0	0	
96	0	0	
96	0	0	
96	0	0	
96	0	0	
96	0	0	
96	0	0	
96	0	0	
96	0	0	
96	0	0	
96	0	0	
96	0	0	
96	0	0	
96	0	0	
96	0	0	
96	-5	1.25	
96	-5	1.25	
96	-5	1.25	
96	-5	1.25	
96	-5	1.25	
96	-5	1.25	
96	-5	1.25	
96	-5	1.25	
96	-5	1.25	
96	-5	1.25	
96	-158.75	-21.25	
96	-160	-22.5	
96	-161.25	-22.5	
96	-161.25	-22.5	
96	-157.5	-25	
96	-146.25	-22.5	
96	-130	-21.25	
96	-118.75	-18.75	
96	-108.75	-17.5	
96	-97.5	-17.5	
