210
150
66
145
40
247
62
16
33
38
264
51
65
26
163
159
141
142
239
78
95
189
45
90
24
57
199
97
103
121
96
207
30
219
194
25
32
147
231
41
69
235
82
94
113
129
60
52
12
217
123
243
211
140
50
250
187
223
203
43
176
75
44
83
152
183
200
255
122
102
93
127
86
124
106
261
214
257
175
115
137
204
157
170
168
221
29
201
149
76
179
198
258
55
79
73
14
104
107
241
263
171
31
28
2
130
53
119
228
10
17
237
185
48
169
3
256
226
133
77
135
225
71
126
230
37
193
34
18
233
11
262
254
42
108
248
240
81
7
227
202
220
222
151
63
56
99
105
206
85
15
260
136
177
125
138
251
213
155
252
74
229
197
64
19
131
174
101
215
88
191
205
54
91
6
4
178
181
184
195
5
100
59
87
80
68
186
98
216
166
111
132
128
172
47
234
173
167
259
196
180
92
120
242
36
139
158
72
84
35
46
164
67
146
144
49
208
117
58
246
160
192
109
39
70
143
114
116
9
20
154
112
134
236
190
162
89
118
1
249
22
218
182
110
232
13
245
188
153
212
165
8
161
148
209
238
244
27
23
61
253
156
21
224
