101
141
97
127
189
214
109
200
132
75
90
70
195
34
199
108
150
112
219
10
4
221
56
126
259
16
256
65
211
104
169
227
114
215
121
82
116
94
119
96
83
242
18
240
124
176
84
246
153
204
5
198
186
14
149
216
164
72
59
157
3
218
53
103
24
255
69
11
1
202
154
117
135
105
54
63
185
249
162
138
262
73
148
88
233
113
23
92
136
191
87
251
79
217
212
118
81
213
183
131
6
20
210
253
222
226
237
145
203
146
7
129
234
19
107
201
46
13
248
165
85
228
143
133
93
177
22
122
9
241
15
49
28
160
51
42
110
44
258
98
168
140
35
78
123
86
60
181
158
264
206
187
257
27
263
243
175
8
36
74
197
223
184
229
89
52
45
95
26
147
111
192
41
21
25
47
172
188
205
80
155
37
139
193
161
254
68
58
66
220
100
29
166
2
235
43
40
180
260
33
12
250
174
151
76
244
120
32
194
102
159
77
252
196
55
152
167
224
57
238
48
30
39
236
163
230
178
142
225
182
208
61
99
156
115
261
173
207
209
232
134
137
62
17
245
91
144
31
239
130
67
247
190
179
171
170
38
106
125
64
71
50
231
128