84
114
255
195
190
6
217
12
136
158
166
232
252
254
115
92
132
262
104
257
8
182
107
79
223
80
129
5
86
169
171
156
233
197
183
99
143
64
94
256
186
18
30
3
111
51
120
194
236
121
24
188
62
244
35
93
34
50
235
98
10
175
126
20
152
23
168
19
203
145
37
96
258
87
22
205
237
193
75
39
219
177
248
225
179
260
97
106
228
41
118
238
83
40
222
134
137
142
70
53
161
241
60
56
100
59
105
66
231
13
131
74
160
44
140
180
9
221
226
102
230
170
21
31
26
206
63
163
149
101
38
57
48
33
200
109
81
240
103
251
263
151
112
14
133
189
174
29
162
16
208
91
250
146
65
28
181
229
58
117
68
202
27
196
167
173
216
46
227
150
253
243
185
128
116
119
54
1
215
178
78
246
157
139
187
212
52
110
2
124
261
218
148
43
259
130
7
172
247
207
141
25
199
211
108
159
127
242
113
73
144
239
82
135
176
123
4
234
69
85
165
191
55
11
164
224
42
264
15
90
77
245
154
192
204
36
249
76
95
155
147
125
220
214
198
209
213
47
71
32
122
138
184
45
201
153
88
61
17
49
210
72
67
89
