Trial	X	Y
1	0	0	
1	0	0	
1	0	0	
1	0	0	
1	0	0	
1	0	0	
1	0	0	
1	0	0	
1	0	0	
1	0	0	
1	0	0	
1	0	0	
1	0	0	
1	0	0	
1	0	0	
1	0	0	
1	0	0	
1	0	0	
1	0	0	
1	0	0	
1	0	0	
1	0	0	
1	0	0	
1	0	0	
1	0	0	
1	0	0	
1	0	0	
1	0	0	
1	0	0	
1	0	0	
1	1.25	1.25	
1	2.5	1.25	
1	8.75	1.25	
1	11.25	3.75	
1	13.75	3.75	
1	15	3.75	
1	22.5	3.75	
1	28.75	3.75	
1	36.25	3.75	
1	40	3.75	
1	43.75	3.75	
1	47.5	5	
1	62.5	5	
1	66.25	5	
1	70	5	
1	73.75	5	
1	81.25	5	
1	90	5	
1	97.5	3.75	
1	102.5	3.75	
1	106.25	5	
1	110	5	
1	127.5	5	
1	132.5	5	
1	136.25	3.75	
1	141.25	3.75	
1	151.25	1.25	
1	162.5	-2.5	
1	166.25	-2.5	
1	177.5	-6.25	
1	182.5	-6.25	
1	188.75	-7.5	
1	215	-10	
1	220	-11.25	
1	226.25	-11.25	
1	231.25	-13.75	
1	241.25	-13.75	
1	250	-13.75	
1	253.75	-13.75	
1	261.25	-11.25	
1	266.25	-11.25	
1	270	-10	
1	283.75	-10	
1	293.75	-10	
2	0	0	
2	-13.75	0	
2	-20	0	
2	-33.75	0	
2	-47.5	1.25	
2	-53.75	1.25	
2	-60	1.25	
2	-71.25	5	
2	-81.25	7.5	
2	-88.75	8.75	
2	-92.5	8.75	
2	-98.75	11.25	
2	-101.25	11.25	
2	-105	12.5	
2	-107.5	12.5	
2	-110	12.5	
2	-110	12.5	
2	-110	12.5	
2	-110	12.5	
2	-110	12.5	
2	-110	12.5	
2	-110	12.5	
2	-110	12.5	
2	-111.25	12.5	
2	-111.25	12.5	
2	-111.25	12.5	
2	-111.25	12.5	
2	-111.25	12.5	
2	-111.25	12.5	
2	-111.25	12.5	
2	-111.25	12.5	
2	-111.25	12.5	
2	-111.25	12.5	
2	-111.25	12.5	
2	-111.25	12.5	
2	-111.25	12.5	
2	-111.25	12.5	
2	-111.25	12.5	
2	-111.25	12.5	
2	-111.25	12.5	
2	-111.25	12.5	
2	-111.25	12.5	
2	-111.25	12.5	
2	-111.25	12.5	
2	-111.25	12.5	
2	-111.25	12.5	
2	-111.25	12.5	
2	-111.25	12.5	
2	-111.25	12.5	
2	-111.25	12.5	
2	-111.25	12.5	
2	-111.25	12.5	
2	-111.25	12.5	
2	-111.25	12.5	
2	-111.25	12.5	
2	-111.25	12.5	
2	-111.25	12.5	
2	-111.25	12.5	
2	-111.25	12.5	
2	-111.25	12.5	
2	-111.25	12.5	
2	-111.25	12.5	
2	-111.25	12.5	
2	-111.25	12.5	
2	-111.25	12.5	
2	-111.25	12.5	
2	-111.25	12.5	
2	-111.25	12.5	
2	-111.25	12.5	
2	-111.25	12.5	
2	-111.25	12.5	
2	-111.25	12.5	
2	-111.25	12.5	
2	-111.25	12.5	
3	0	0	
3	0	0	
3	0	0	
3	0	0	
3	0	0	
3	0	0	
3	0	0	
3	0	0	
3	0	0	
3	0	0	
3	0	0	
3	0	0	
3	0	0	
3	0	0	
3	0	0	
3	0	0	
3	1.25	0	
3	3.75	2.5	
3	10	3.75	
3	18.75	6.25	
3	25	7.5	
3	32.5	10	
3	40	11.25	
3	71.25	18.75	
3	83.75	22.5	
3	96.25	26.25	
3	125	36.25	
3	152.5	41.25	
3	175	45	
3	192.5	47.5	
3	200	48.75	
3	205	48.75	
3	210	47.5	
3	220	45	
3	223.75	41.25	
3	228.75	40	
3	237.5	30	
3	252.5	21.25	
3	266.25	11.25	
3	273.75	3.75	
3	290	-5	
3	297.5	-8.75	
3	306.25	-12.5	
3	331.25	-22.5	
3	340	-22.5	
3	348.75	-23.75	
3	348.75	-23.75	
3	348.75	-23.75	
3	348.75	-23.75	
3	348.75	-23.75	
3	348.75	-23.75	
3	348.75	-23.75	
3	348.75	-23.75	
3	348.75	-23.75	
3	348.75	-23.75	
3	348.75	-23.75	
3	348.75	-23.75	
3	348.75	-23.75	
3	348.75	-23.75	
3	348.75	-23.75	
3	348.75	-23.75	
3	348.75	-23.75	
3	348.75	-23.75	
3	348.75	-23.75	
3	348.75	-23.75	
3	348.75	-23.75	
3	348.75	-23.75	
3	348.75	-23.75	
3	348.75	-23.75	
3	348.75	-23.75	
3	348.75	-23.75	
3	348.75	-23.75	
3	348.75	-23.75	
3	348.75	-23.75	
4	0	0	
4	0	0	
4	0	0	
4	0	0	
4	0	0	
4	0	0	
4	0	0	
4	0	0	
4	0	0	
4	0	0	
4	0	0	
4	0	0	
4	0	0	
4	0	0	
4	0	0	
4	0	0	
4	0	0	
4	0	0	
4	0	0	
4	0	0	
4	0	0	
4	-1.25	0	
4	-1.25	0	
4	-1.25	0	
4	-1.25	0	
4	-1.25	0	
4	-1.25	0	
4	-1.25	0	
4	-1.25	0	
4	-1.25	0	
4	-1.25	0	
4	-1.25	0	
4	-1.25	0	
4	-1.25	0	
4	1.25	2.5	
4	7.5	3.75	
4	12.5	3.75	
4	18.75	3.75	
4	45	7.5	
4	56.25	7.5	
4	70	10	
4	100	11.25	
4	116.25	13.75	
4	152.5	15	
4	190	18.75	
4	226.25	21.25	
4	243.75	21.25	
4	261.25	21.25	
4	278.75	21.25	
4	296.25	21.25	
4	310	21.25	
4	322.5	21.25	
4	338.75	21.25	
4	348.75	18.75	
4	348.75	18.75	
4	348.75	18.75	
4	348.75	18.75	
4	348.75	18.75	
4	348.75	18.75	
4	348.75	18.75	
4	348.75	18.75	
4	348.75	18.75	
4	348.75	18.75	
4	348.75	18.75	
4	348.75	18.75	
4	348.75	18.75	
4	348.75	18.75	
4	348.75	18.75	
4	348.75	18.75	
4	348.75	18.75	
4	348.75	18.75	
4	348.75	18.75	
4	348.75	18.75	
4	348.75	18.75	
5	0	0	
5	0	0	
5	0	0	
5	0	0	
5	0	0	
5	0	0	
5	0	0	
5	0	0	
5	0	0	
5	0	0	
5	0	0	
5	0	0	
5	0	0	
5	0	0	
5	0	0	
5	0	0	
5	0	0	
5	0	0	
5	0	0	
5	0	0	
5	0	0	
5	0	0	
5	0	0	
5	0	0	
5	0	0	
5	0	0	
5	0	0	
5	0	0	
5	0	0	
5	0	0	
5	0	0	
5	0	0	
5	0	0	
5	0	0	
5	0	0	
5	0	0	
5	0	0	
5	0	0	
5	1.25	0	
5	3.75	0	
5	16.25	3.75	
5	25	3.75	
5	48.75	7.5	
5	63.75	7.5	
5	102.5	7.5	
5	120	7.5	
5	138.75	10	
5	157.5	10	
5	207.5	10	
5	221.25	10	
5	236.25	10	
5	260	7.5	
5	271.25	7.5	
5	300	6.25	
5	310	6.25	
5	325	3.75	
5	331.25	3.75	
5	337.5	3.75	
5	346.25	3.75	
5	346.25	3.75	
5	346.25	3.75	
5	346.25	3.75	
5	346.25	3.75	
5	346.25	3.75	
5	346.25	3.75	
5	346.25	3.75	
5	346.25	3.75	
5	346.25	3.75	
5	346.25	3.75	
5	346.25	3.75	
5	346.25	3.75	
5	346.25	3.75	
5	346.25	3.75	
5	346.25	3.75	
6	0	0	
6	0	0	
6	0	0	
6	0	0	
6	0	0	
6	0	0	
6	0	0	
6	0	0	
6	0	0	
6	0	0	
6	0	0	
6	0	0	
6	0	0	
6	0	0	
6	0	0	
6	0	0	
6	0	0	
6	0	0	
6	0	0	
6	0	0	
6	0	0	
6	0	0	
6	0	0	
6	0	0	
6	0	0	
6	0	0	
6	2.5	0	
6	5	0	
6	13.75	0	
6	27.5	0	
6	46.25	0	
6	58.75	0	
6	71.25	0	
6	98.75	0	
6	118.75	0	
6	137.5	0	
6	155	0	
6	191.25	0	
6	225	3.75	
6	257.5	3.75	
6	273.75	7.5	
6	305	7.5	
6	318.75	10	
6	332.5	11.25	
6	332.5	11.25	
6	332.5	11.25	
6	332.5	11.25	
6	332.5	11.25	
6	332.5	11.25	
6	332.5	11.25	
6	332.5	11.25	
6	332.5	11.25	
6	332.5	11.25	
6	332.5	11.25	
6	332.5	11.25	
6	332.5	11.25	
6	332.5	11.25	
6	332.5	11.25	
6	332.5	11.25	
6	332.5	11.25	
6	332.5	11.25	
6	332.5	11.25	
6	332.5	11.25	
6	332.5	11.25	
6	332.5	11.25	
6	332.5	11.25	
6	332.5	11.25	
6	332.5	11.25	
6	332.5	11.25	
6	332.5	11.25	
6	332.5	11.25	
6	332.5	11.25	
6	332.5	11.25	
6	332.5	11.25	
7	0	0	
7	0	0	
7	0	0	
7	0	0	
7	0	0	
7	0	0	
7	0	0	
7	0	0	
7	0	0	
7	0	0	
7	0	0	
7	0	0	
7	0	0	
7	0	0	
7	0	0	
7	0	0	
7	0	0	
7	0	0	
7	0	0	
7	0	0	
7	0	0	
7	0	0	
7	0	0	
7	0	0	
7	0	0	
7	5	0	
7	7.5	0	
7	20	0	
7	37.5	0	
7	61.25	0	
7	75	0	
7	90	2.5	
7	125	3.75	
7	163.75	6.25	
7	182.5	7.5	
7	225	7.5	
7	246.25	7.5	
7	286.25	7.5	
7	325	7.5	
7	325	7.5	
7	325	7.5	
7	325	7.5	
7	325	7.5	
7	325	7.5	
7	325	7.5	
7	325	7.5	
7	325	7.5	
7	325	7.5	
7	325	7.5	
7	325	7.5	
7	325	7.5	
7	325	7.5	
7	325	7.5	
7	325	7.5	
7	325	7.5	
7	325	7.5	
7	325	7.5	
7	325	7.5	
7	325	7.5	
7	325	7.5	
7	325	7.5	
7	325	7.5	
7	325	7.5	
7	325	7.5	
7	325	7.5	
7	325	7.5	
7	325	7.5	
7	325	7.5	
7	325	7.5	
7	325	7.5	
7	325	7.5	
7	325	7.5	
7	325	7.5	
7	325	7.5	
8	0	0	
8	0	0	
8	0	0	
8	0	0	
8	0	0	
8	0	0	
8	0	0	
8	0	0	
8	0	0	
8	0	0	
8	0	0	
8	0	0	
8	0	0	
8	0	0	
8	0	0	
8	0	0	
8	0	0	
8	0	0	
8	0	0	
8	0	0	
8	0	0	
8	0	0	
8	0	0	
8	0	0	
8	0	0	
8	2.5	0	
8	3.75	0	
8	7.5	0	
8	21.25	2.5	
8	28.75	3.75	
8	36.25	3.75	
8	55	3.75	
8	66.25	2.5	
8	90	0	
8	118.75	0	
8	151.25	-1.25	
8	167.5	-1.25	
8	185	-3.75	
8	238.75	-3.75	
8	257.5	-3.75	
8	276.25	-3.75	
8	295	-3.75	
8	333.75	-3.75	
8	333.75	-3.75	
8	333.75	-3.75	
8	333.75	-3.75	
8	333.75	-3.75	
8	333.75	-3.75	
8	333.75	-3.75	
8	333.75	-3.75	
8	333.75	-3.75	
8	333.75	-3.75	
8	333.75	-3.75	
8	333.75	-3.75	
8	333.75	-3.75	
8	333.75	-3.75	
8	333.75	-3.75	
8	333.75	-3.75	
8	333.75	-3.75	
8	333.75	-3.75	
8	333.75	-3.75	
8	333.75	-3.75	
8	333.75	-3.75	
8	333.75	-3.75	
8	333.75	-3.75	
8	333.75	-3.75	
8	333.75	-3.75	
8	333.75	-3.75	
8	333.75	-3.75	
8	333.75	-3.75	
8	333.75	-3.75	
8	333.75	-3.75	
8	333.75	-3.75	
8	333.75	-3.75	
9	0	0	
9	0	0	
9	0	0	
9	0	0	
9	0	0	
9	0	0	
9	0	0	
9	0	0	
9	0	0	
9	0	0	
9	0	0	
9	0	0	
9	0	0	
9	0	0	
9	0	0	
9	0	0	
9	0	0	
9	0	0	
9	0	0	
9	0	0	
9	0	0	
9	1.25	0	
9	5	0	
9	11.25	0	
9	22.5	0	
9	28.75	0	
9	36.25	2.5	
9	46.25	2.5	
9	76.25	3.75	
9	88.75	3.75	
9	113.75	7.5	
9	128.75	7.5	
9	156.25	10	
9	185	11.25	
9	215	11.25	
9	231.25	13.75	
9	247.5	13.75	
9	262.5	15	
9	310	13.75	
9	327.5	13.75	
9	343.75	11.25	
9	343.75	11.25	
9	343.75	11.25	
9	343.75	11.25	
9	343.75	11.25	
9	343.75	11.25	
9	343.75	11.25	
9	343.75	11.25	
9	343.75	11.25	
9	343.75	11.25	
9	343.75	11.25	
9	343.75	11.25	
9	343.75	11.25	
9	343.75	11.25	
9	343.75	11.25	
9	343.75	11.25	
9	343.75	11.25	
9	343.75	11.25	
9	343.75	11.25	
9	343.75	11.25	
9	343.75	11.25	
9	343.75	11.25	
9	343.75	11.25	
9	343.75	11.25	
9	343.75	11.25	
9	343.75	11.25	
9	343.75	11.25	
9	343.75	11.25	
9	343.75	11.25	
9	343.75	11.25	
9	343.75	11.25	
9	343.75	11.25	
9	343.75	11.25	
9	343.75	11.25	
10	0	0	
10	0	0	
10	0	0	
10	0	0	
10	0	0	
10	0	0	
10	0	0	
10	0	0	
10	0	0	
10	0	0	
10	0	0	
10	0	0	
10	0	0	
10	0	0	
10	0	0	
10	0	0	
10	0	0	
10	0	0	
10	0	0	
10	0	0	
10	2.5	2.5	
10	7.5	2.5	
10	11.25	2.5	
10	28.75	0	
10	36.25	0	
10	45	0	
10	55	0	
10	78.75	-1.25	
10	121.25	-3.75	
10	137.5	-3.75	
10	155	-5	
10	190	-7.5	
10	207.5	-8.75	
10	243.75	-12.5	
10	280	-15	
10	297.5	-15	
10	315	-16.25	
10	348.75	-18.75	
10	348.75	-18.75	
10	348.75	-18.75	
10	348.75	-18.75	
10	348.75	-18.75	
10	348.75	-18.75	
10	348.75	-18.75	
10	348.75	-18.75	
10	348.75	-18.75	
10	348.75	-18.75	
10	348.75	-18.75	
10	348.75	-18.75	
10	348.75	-18.75	
10	348.75	-18.75	
10	348.75	-18.75	
10	348.75	-18.75	
10	348.75	-18.75	
10	348.75	-18.75	
10	348.75	-18.75	
10	348.75	-18.75	
10	348.75	-18.75	
10	348.75	-18.75	
10	348.75	-18.75	
10	348.75	-18.75	
10	348.75	-18.75	
10	348.75	-18.75	
10	348.75	-18.75	
10	348.75	-18.75	
10	348.75	-18.75	
10	348.75	-18.75	
10	348.75	-18.75	
10	348.75	-18.75	
10	348.75	-18.75	
10	348.75	-18.75	
10	348.75	-18.75	
10	348.75	-18.75	
10	348.75	-18.75	
11	0	0	
11	0	0	
11	0	0	
11	0	0	
11	0	0	
11	0	0	
11	0	0	
11	0	0	
11	0	0	
11	0	0	
11	0	0	
11	0	0	
11	0	0	
11	0	0	
11	0	0	
11	0	0	
11	0	0	
11	0	0	
11	0	0	
11	0	0	
11	0	0	
11	0	0	
11	0	0	
11	0	0	
11	0	0	
11	1.25	0	
11	5	0	
11	15	3.75	
11	28.75	3.75	
11	47.5	3.75	
11	58.75	3.75	
11	70	7.5	
11	82.5	7.5	
11	111.25	3.75	
11	130	3.75	
11	150	3.75	
11	186.25	3.75	
11	223.75	3.75	
11	258.75	0	
11	276.25	0	
11	308.75	-3.75	
11	325	-3.75	
11	340	-7.5	
11	340	-7.5	
11	340	-7.5	
11	340	-7.5	
11	340	-7.5	
11	340	-7.5	
11	340	-7.5	
11	340	-7.5	
11	340	-7.5	
11	340	-7.5	
11	340	-7.5	
11	340	-7.5	
11	340	-7.5	
11	340	-7.5	
11	340	-7.5	
11	340	-7.5	
11	340	-7.5	
11	340	-7.5	
11	340	-7.5	
11	340	-7.5	
11	340	-7.5	
11	340	-7.5	
11	340	-7.5	
11	340	-7.5	
11	340	-7.5	
11	340	-7.5	
11	340	-7.5	
11	340	-7.5	
11	340	-7.5	
11	340	-7.5	
11	340	-7.5	
11	340	-7.5	
12	0	0	
12	0	0	
12	0	0	
12	0	0	
12	0	0	
12	0	0	
12	0	0	
12	0	0	
12	0	0	
12	0	0	
12	0	0	
12	0	0	
12	0	0	
12	0	0	
12	0	0	
12	0	0	
12	0	0	
12	0	0	
12	0	0	
12	0	0	
12	0	0	
12	0	0	
12	0	0	
12	0	0	
12	0	0	
12	0	0	
12	0	0	
12	0	0	
12	0	0	
12	0	0	
12	0	0	
12	0	0	
12	0	0	
12	0	0	
12	0	0	
12	0	0	
12	0	0	
12	1.25	2.5	
12	7.5	6.25	
12	12.5	7.5	
12	17.5	7.5	
12	23.75	7.5	
12	40	10	
12	61.25	11.25	
12	87.5	11.25	
12	102.5	13.75	
12	122.5	15	
12	142.5	15	
12	198.75	15	
12	216.25	15	
12	235	13.75	
12	252.5	13.75	
12	287.5	13.75	
12	320	15	
12	335	15	
12	335	15	
12	335	15	
12	335	15	
12	335	15	
12	335	15	
12	335	15	
12	335	15	
12	335	15	
12	335	15	
12	335	15	
12	335	15	
12	335	15	
12	335	15	
12	335	15	
12	335	15	
12	335	15	
12	335	15	
12	335	15	
12	335	15	
13	0	0	
13	0	0	
13	0	0	
13	0	0	
13	0	0	
13	0	0	
13	0	0	
13	0	0	
13	0	0	
13	0	0	
13	0	0	
13	0	0	
13	0	0	
13	0	0	
13	0	0	
13	0	0	
13	0	0	
13	0	0	
13	0	0	
13	0	0	
13	0	0	
13	0	0	
13	0	0	
13	0	0	
13	1.25	0	
13	2.5	0	
13	5	0	
13	7.5	0	
13	23.75	-3.75	
13	32.5	-3.75	
13	51.25	-5	
13	75	-7.5	
13	88.75	-7.5	
13	102.5	-7.5	
13	142.5	-7.5	
13	162.5	-7.5	
13	181.25	-7.5	
13	200	-7.5	
13	256.25	-7.5	
13	273.75	-7.5	
13	308.75	-7.5	
13	325	-7.5	
13	343.75	-7.5	
13	343.75	-7.5	
13	343.75	-7.5	
13	343.75	-7.5	
13	343.75	-7.5	
13	343.75	-7.5	
13	343.75	-7.5	
13	343.75	-7.5	
13	343.75	-7.5	
13	343.75	-7.5	
13	343.75	-7.5	
13	343.75	-7.5	
13	343.75	-7.5	
13	343.75	-7.5	
13	343.75	-7.5	
13	343.75	-7.5	
13	343.75	-7.5	
13	343.75	-7.5	
13	343.75	-7.5	
13	343.75	-7.5	
13	343.75	-7.5	
13	343.75	-7.5	
13	343.75	-7.5	
13	343.75	-7.5	
13	343.75	-7.5	
13	343.75	-7.5	
13	343.75	-7.5	
13	343.75	-7.5	
13	343.75	-7.5	
13	343.75	-7.5	
13	343.75	-7.5	
13	343.75	-7.5	
14	0	0	
14	0	0	
14	0	0	
14	0	0	
14	0	0	
14	0	0	
14	0	0	
14	0	0	
14	0	0	
14	0	0	
14	0	0	
14	0	0	
14	0	0	
14	0	0	
14	0	0	
14	0	0	
14	0	0	
14	0	0	
14	0	0	
14	0	0	
14	0	0	
14	0	0	
14	0	0	
14	0	0	
14	0	0	
14	0	0	
14	1.25	0	
14	3.75	0	
14	16.25	0	
14	23.75	0	
14	40	-1.25	
14	50	-1.25	
14	61.25	-3.75	
14	101.25	-3.75	
14	116.25	-3.75	
14	132.5	-3.75	
14	150	-3.75	
14	186.25	-3.75	
14	241.25	-7.5	
14	260	-11.25	
14	278.75	-11.25	
14	315	-15	
14	332.5	-15	
14	332.5	-15	
14	332.5	-15	
14	332.5	-15	
14	332.5	-15	
14	332.5	-15	
14	332.5	-15	
14	332.5	-15	
14	332.5	-15	
14	332.5	-15	
14	332.5	-15	
14	332.5	-15	
14	332.5	-15	
14	332.5	-15	
14	332.5	-15	
14	332.5	-15	
14	332.5	-15	
14	332.5	-15	
14	332.5	-15	
14	332.5	-15	
14	332.5	-15	
14	332.5	-15	
14	332.5	-15	
14	332.5	-15	
14	332.5	-15	
14	332.5	-15	
14	332.5	-15	
14	332.5	-15	
14	332.5	-15	
14	332.5	-15	
14	332.5	-15	
14	332.5	-15	
15	0	0	
15	0	0	
15	0	0	
15	0	0	
15	0	0	
15	0	0	
15	0	0	
15	0	0	
15	0	0	
15	0	0	
15	0	0	
15	0	0	
15	0	0	
15	0	0	
15	0	0	
15	0	0	
15	0	0	
15	0	0	
15	0	0	
15	2.5	1.25	
15	3.75	1.25	
15	7.5	1.25	
15	10	1.25	
15	27.5	1.25	
15	36.25	1.25	
15	55	1.25	
15	66.25	1.25	
15	91.25	1.25	
15	120	0	
15	150	-2.5	
15	166.25	-2.5	
15	182.5	-2.5	
15	198.75	-3.75	
15	250	-6.25	
15	266.25	-6.25	
15	283.75	-6.25	
15	316.25	-6.25	
15	346.25	-6.25	
15	346.25	-6.25	
15	346.25	-6.25	
15	346.25	-6.25	
15	346.25	-6.25	
15	346.25	-6.25	
15	346.25	-6.25	
15	346.25	-6.25	
15	346.25	-6.25	
15	346.25	-6.25	
15	346.25	-6.25	
15	346.25	-6.25	
15	346.25	-6.25	
15	346.25	-6.25	
15	346.25	-6.25	
15	346.25	-6.25	
15	346.25	-6.25	
15	346.25	-6.25	
15	346.25	-6.25	
15	346.25	-6.25	
15	346.25	-6.25	
15	346.25	-6.25	
15	346.25	-6.25	
15	346.25	-6.25	
15	346.25	-6.25	
15	346.25	-6.25	
15	346.25	-6.25	
15	346.25	-6.25	
15	346.25	-6.25	
15	346.25	-6.25	
15	346.25	-6.25	
15	346.25	-6.25	
15	346.25	-6.25	
15	346.25	-6.25	
15	346.25	-6.25	
15	346.25	-6.25	
15	346.25	-6.25	
16	0	0	
16	0	0	
16	0	0	
16	0	0	
16	0	0	
16	0	0	
16	0	0	
16	0	0	
16	0	0	
16	0	0	
16	0	0	
16	0	0	
16	0	0	
16	0	0	
16	0	0	
16	0	0	
16	1.25	0	
16	3.75	0	
16	15	0	
16	20	2.5	
16	26.25	2.5	
16	33.75	2.5	
16	51.25	3.75	
16	82.5	6.25	
16	95	7.5	
16	106.25	7.5	
16	132.5	7.5	
16	145	10	
16	187.5	11.25	
16	202.5	11.25	
16	217.5	11.25	
16	233.75	13.75	
16	263.75	15	
16	312.5	18.75	
16	328.75	18.75	
16	343.75	18.75	
16	343.75	18.75	
16	343.75	18.75	
16	343.75	18.75	
16	343.75	18.75	
16	343.75	18.75	
16	343.75	18.75	
16	343.75	18.75	
16	343.75	18.75	
16	343.75	18.75	
16	343.75	18.75	
16	343.75	18.75	
16	343.75	18.75	
16	343.75	18.75	
16	343.75	18.75	
16	343.75	18.75	
16	343.75	18.75	
16	343.75	18.75	
16	343.75	18.75	
16	343.75	18.75	
16	343.75	18.75	
16	343.75	18.75	
16	343.75	18.75	
16	343.75	18.75	
16	343.75	18.75	
16	343.75	18.75	
16	343.75	18.75	
16	343.75	18.75	
16	343.75	18.75	
16	343.75	18.75	
16	343.75	18.75	
16	343.75	18.75	
16	343.75	18.75	
16	343.75	18.75	
16	343.75	18.75	
16	343.75	18.75	
16	343.75	18.75	
16	343.75	18.75	
16	343.75	18.75	
17	0	0	
17	0	0	
17	0	0	
17	0	0	
17	0	0	
17	0	0	
17	0	0	
17	0	0	
17	0	0	
17	0	0	
17	0	0	
17	0	0	
17	0	0	
17	0	0	
17	0	0	
17	0	0	
17	0	0	
17	0	0	
17	0	0	
17	0	0	
17	0	0	
17	0	0	
17	0	0	
17	1.25	0	
17	3.75	0	
17	10	-1.25	
17	15	-1.25	
17	20	-3.75	
17	43.75	-5	
17	52.5	-7.5	
17	63.75	-7.5	
17	88.75	-8.75	
17	116.25	-11.25	
17	145	-12.5	
17	161.25	-15	
17	193.75	-15	
17	211.25	-18.75	
17	227.5	-18.75	
17	276.25	-22.5	
17	292.5	-22.5	
17	307.5	-22.5	
17	326.25	-22.5	
17	326.25	-22.5	
17	326.25	-22.5	
17	326.25	-22.5	
17	326.25	-22.5	
17	326.25	-22.5	
17	326.25	-22.5	
17	326.25	-22.5	
17	326.25	-22.5	
17	326.25	-22.5	
17	326.25	-22.5	
17	326.25	-22.5	
17	326.25	-22.5	
17	326.25	-22.5	
17	326.25	-22.5	
17	326.25	-22.5	
17	326.25	-22.5	
17	326.25	-22.5	
17	326.25	-22.5	
17	326.25	-22.5	
17	326.25	-22.5	
17	326.25	-22.5	
17	326.25	-22.5	
17	326.25	-22.5	
17	326.25	-22.5	
17	326.25	-22.5	
17	326.25	-22.5	
17	326.25	-22.5	
17	326.25	-22.5	
17	326.25	-22.5	
17	326.25	-22.5	
17	326.25	-22.5	
17	326.25	-22.5	
18	0	0	
18	0	0	
18	0	0	
18	0	0	
18	0	0	
18	0	0	
18	0	0	
18	0	0	
18	0	0	
18	0	0	
18	0	0	
18	0	0	
18	0	0	
18	0	0	
18	0	0	
18	0	0	
18	0	0	
18	0	0	
18	0	0	
18	0	0	
18	0	0	
18	0	0	
18	0	0	
18	0	0	
18	0	0	
18	0	0	
18	0	0	
18	0	0	
18	5	0	
18	8.75	0	
18	12.5	0	
18	23.75	0	
18	32.5	0	
18	50	0	
18	71.25	0	
18	83.75	2.5	
18	97.5	3.75	
18	125	3.75	
18	173.75	7.5	
18	190	10	
18	206.25	10	
18	240	11.25	
18	255	13.75	
18	288.75	15	
18	320	18.75	
18	333.75	18.75	
18	348.75	22.5	
18	348.75	22.5	
18	348.75	22.5	
18	348.75	22.5	
18	348.75	22.5	
18	348.75	22.5	
18	348.75	22.5	
18	348.75	22.5	
18	348.75	22.5	
18	348.75	22.5	
18	348.75	22.5	
18	348.75	22.5	
18	348.75	22.5	
18	348.75	22.5	
18	348.75	22.5	
18	348.75	22.5	
18	348.75	22.5	
18	348.75	22.5	
18	348.75	22.5	
18	348.75	22.5	
18	348.75	22.5	
18	348.75	22.5	
18	348.75	22.5	
18	348.75	22.5	
18	348.75	22.5	
18	348.75	22.5	
18	348.75	22.5	
18	348.75	22.5	
19	0	0	
19	0	0	
19	0	0	
19	0	0	
19	0	0	
19	0	0	
19	0	0	
19	0	0	
19	0	0	
19	0	0	
19	0	0	
19	0	0	
19	0	0	
19	0	0	
19	0	0	
19	0	0	
19	0	0	
19	0	0	
19	0	0	
19	0	0	
19	0	0	
19	0	0	
19	0	0	
19	0	0	
19	1.25	0	
19	3.75	0	
19	6.25	0	
19	12.5	0	
19	23.75	0	
19	30	0	
19	46.25	0	
19	56.25	0	
19	67.5	0	
19	102.5	0	
19	116.25	0	
19	130	0	
19	158.75	0	
19	158.75	0	
19	211.25	-1.25	
19	228.75	-1.25	
19	245	-1.25	
19	262.5	-1.25	
19	280	-1.25	
19	323.75	-3.75	
19	335	-3.75	
19	346.25	-3.75	
19	346.25	-3.75	
19	346.25	-3.75	
19	346.25	-3.75	
19	346.25	-3.75	
19	346.25	-3.75	
19	346.25	-3.75	
19	346.25	-3.75	
19	346.25	-3.75	
19	346.25	-3.75	
19	346.25	-3.75	
19	346.25	-3.75	
19	346.25	-3.75	
19	346.25	-3.75	
19	346.25	-3.75	
19	346.25	-3.75	
19	346.25	-3.75	
19	346.25	-3.75	
19	346.25	-3.75	
19	346.25	-3.75	
19	346.25	-3.75	
19	346.25	-3.75	
19	346.25	-3.75	
19	346.25	-3.75	
19	346.25	-3.75	
19	346.25	-3.75	
19	346.25	-3.75	
19	346.25	-3.75	
19	346.25	-3.75	
20	0	0	
20	0	0	
20	0	0	
20	0	0	
20	0	0	
20	0	0	
20	0	0	
20	0	0	
20	0	0	
20	0	0	
20	0	0	
20	0	0	
20	0	0	
20	0	0	
20	0	0	
20	0	0	
20	0	0	
20	0	0	
20	0	0	
20	0	0	
20	0	0	
20	0	0	
20	0	0	
20	0	0	
20	0	0	
20	0	0	
20	2.5	0	
20	5	-2.5	
20	11.25	-2.5	
20	22.5	-2.5	
20	28.75	-2.5	
20	36.25	-3.75	
20	45	-3.75	
20	88.75	-6.25	
20	101.25	-6.25	
20	116.25	-6.25	
20	130	-7.5	
20	145	-7.5	
20	182.5	-10	
20	218.75	-10	
20	236.25	-7.5	
20	252.5	-7.5	
20	268.75	-7.5	
20	318.75	-7.5	
20	318.75	-7.5	
20	336.25	-6.25	
20	336.25	-6.25	
20	336.25	-6.25	
20	336.25	-6.25	
20	336.25	-6.25	
20	336.25	-6.25	
20	336.25	-6.25	
20	336.25	-6.25	
20	336.25	-6.25	
20	336.25	-6.25	
20	336.25	-6.25	
20	336.25	-6.25	
20	336.25	-6.25	
20	336.25	-6.25	
20	336.25	-6.25	
20	336.25	-6.25	
20	336.25	-6.25	
20	336.25	-6.25	
20	336.25	-6.25	
20	336.25	-6.25	
20	336.25	-6.25	
20	336.25	-6.25	
20	336.25	-6.25	
20	336.25	-6.25	
20	336.25	-6.25	
20	336.25	-6.25	
20	336.25	-6.25	
20	336.25	-6.25	
20	336.25	-6.25	
21	0	0	
21	0	0	
21	0	0	
21	0	0	
21	0	0	
21	0	0	
21	0	0	
21	0	0	
21	0	0	
21	0	0	
21	0	0	
21	0	0	
21	0	0	
21	0	0	
21	0	0	
21	0	0	
21	0	0	
21	0	0	
21	0	0	
21	2.5	0	
21	7.5	0	
21	11.25	0	
21	16.25	0	
21	36.25	0	
21	45	0	
21	65	2.5	
21	76.25	2.5	
21	87.5	2.5	
21	126.25	0	
21	138.75	0	
21	167.5	0	
21	182.5	0	
21	197.5	0	
21	235	0	
21	251.25	0	
21	283.75	0	
21	283.75	0	
21	302.5	0	
21	320	0	
21	320	0	
21	320	0	
21	320	0	
21	320	0	
21	320	0	
21	320	0	
21	320	0	
21	320	0	
21	320	0	
21	320	0	
21	320	0	
21	320	0	
21	320	0	
21	320	0	
21	320	0	
21	320	0	
21	320	0	
21	320	0	
21	320	0	
21	320	0	
21	320	0	
21	320	0	
21	320	0	
21	320	0	
21	320	0	
21	320	0	
21	320	0	
21	320	0	
21	320	0	
21	320	0	
21	320	0	
21	320	0	
21	320	0	
21	320	0	
21	320	0	
22	0	0	
22	0	0	
22	0	0	
22	0	0	
22	0	0	
22	0	0	
22	0	0	
22	0	0	
22	0	0	
22	0	0	
22	0	0	
22	0	0	
22	0	0	
22	0	0	
22	0	0	
22	0	0	
22	0	0	
22	0	0	
22	0	0	
22	0	0	
22	0	0	
22	0	0	
22	0	0	
22	2.5	0	
22	5	0	
22	13.75	2.5	
22	20	2.5	
22	26.25	2.5	
22	55	3.75	
22	80	3.75	
22	95	3.75	
22	95	3.75	
22	133.75	3.75	
22	173.75	3.75	
22	192.5	2.5	
22	230	0	
22	248.75	0	
22	265	0	
22	315	2.5	
22	332.5	3.75	
22	332.5	3.75	
22	332.5	3.75	
22	332.5	3.75	
22	332.5	3.75	
22	332.5	3.75	
22	332.5	3.75	
22	332.5	3.75	
22	332.5	3.75	
22	332.5	3.75	
22	332.5	3.75	
22	332.5	3.75	
22	332.5	3.75	
22	332.5	3.75	
22	332.5	3.75	
22	332.5	3.75	
22	332.5	3.75	
22	332.5	3.75	
22	332.5	3.75	
22	332.5	3.75	
22	332.5	3.75	
22	332.5	3.75	
22	332.5	3.75	
22	332.5	3.75	
22	332.5	3.75	
22	332.5	3.75	
22	332.5	3.75	
22	332.5	3.75	
22	332.5	3.75	
22	332.5	3.75	
22	332.5	3.75	
22	332.5	3.75	
22	332.5	3.75	
22	332.5	3.75	
22	332.5	3.75	
23	0	0	
23	0	0	
23	0	0	
23	0	0	
23	0	0	
23	0	0	
23	0	0	
23	0	0	
23	0	0	
23	0	0	
23	0	0	
23	0	0	
23	0	0	
23	0	0	
23	0	0	
23	0	0	
23	0	0	
23	0	0	
23	0	0	
23	0	0	
23	0	0	
23	0	0	
23	0	0	
23	0	0	
23	0	0	
23	2.5	2.5	
23	5	2.5	
23	8.75	2.5	
23	26.25	3.75	
23	35	3.75	
23	43.75	3.75	
23	67.5	3.75	
23	80	2.5	
23	93.75	2.5	
23	133.75	0	
23	173.75	0	
23	193.75	-1.25	
23	213.75	-1.25	
23	272.5	-1.25	
23	291.25	-1.25	
23	311.25	-1.25	
23	346.25	-1.25	
23	346.25	-1.25	
23	346.25	-1.25	
23	346.25	-1.25	
23	346.25	-1.25	
23	346.25	-1.25	
23	346.25	-1.25	
23	346.25	-1.25	
23	346.25	-1.25	
23	346.25	-1.25	
23	346.25	-1.25	
23	346.25	-1.25	
23	346.25	-1.25	
23	346.25	-1.25	
23	346.25	-1.25	
23	346.25	-1.25	
23	346.25	-1.25	
23	346.25	-1.25	
23	346.25	-1.25	
23	346.25	-1.25	
23	346.25	-1.25	
23	346.25	-1.25	
23	346.25	-1.25	
23	346.25	-1.25	
23	346.25	-1.25	
23	346.25	-1.25	
23	346.25	-1.25	
23	346.25	-1.25	
23	346.25	-1.25	
23	346.25	-1.25	
23	346.25	-1.25	
23	346.25	-1.25	
23	346.25	-1.25	
24	0	0	
24	0	0	
24	0	0	
24	0	0	
24	0	0	
24	0	0	
24	0	0	
24	0	0	
24	0	0	
24	0	0	
24	0	0	
24	0	0	
24	0	0	
24	0	0	
24	0	0	
24	0	0	
24	0	0	
24	0	0	
24	0	0	
24	0	0	
24	0	0	
24	0	0	
24	1.25	0	
24	7.5	0	
24	17.5	-1.25	
24	23.75	-3.75	
24	31.25	-3.75	
24	40	-3.75	
24	73.75	-3.75	
24	86.25	-3.75	
24	101.25	-3.75	
24	121.25	-3.75	
24	141.25	-3.75	
24	198.75	-1.25	
24	236.25	-3.75	
24	253.75	-3.75	
24	270	-1.25	
24	287.5	-1.25	
24	333.75	0	
24	347.5	2.5	
24	347.5	2.5	
24	347.5	2.5	
24	347.5	2.5	
24	347.5	2.5	
24	347.5	2.5	
24	347.5	2.5	
24	347.5	2.5	
24	347.5	2.5	
24	347.5	2.5	
24	347.5	2.5	
24	347.5	2.5	
24	347.5	2.5	
24	347.5	2.5	
24	347.5	2.5	
24	347.5	2.5	
24	347.5	2.5	
24	347.5	2.5	
24	347.5	2.5	
24	347.5	2.5	
24	347.5	2.5	
24	347.5	2.5	
24	347.5	2.5	
24	347.5	2.5	
24	347.5	2.5	
24	347.5	2.5	
24	347.5	2.5	
24	347.5	2.5	
24	347.5	2.5	
24	347.5	2.5	
24	347.5	2.5	
24	347.5	2.5	
24	347.5	2.5	
24	347.5	2.5	
24	347.5	2.5	
25	0	0	
25	0	0	
25	0	0	
25	0	0	
25	0	0	
25	0	0	
25	0	0	
25	0	0	
25	0	0	
25	0	0	
25	0	0	
25	0	0	
25	0	0	
25	0	0	
25	0	0	
25	0	0	
25	0	0	
25	0	0	
25	0	0	
25	0	0	
25	0	0	
25	0	0	
25	0	0	
25	5	0	
25	8.75	0	
25	12.5	0	
25	17.5	0	
25	33.75	-2.5	
25	55	-2.5	
25	80	-2.5	
25	95	-2.5	
25	115	0	
25	135	1.25	
25	192.5	1.25	
25	211.25	1.25	
25	230	1.25	
25	248.75	3.75	
25	285	5	
25	318.75	5	
25	318.75	5	
25	318.75	5	
25	318.75	5	
25	318.75	5	
25	318.75	5	
25	318.75	5	
25	318.75	5	
25	318.75	5	
25	318.75	5	
25	318.75	5	
25	318.75	5	
25	318.75	5	
25	318.75	5	
25	318.75	5	
25	318.75	5	
25	318.75	5	
25	318.75	5	
25	318.75	5	
25	318.75	5	
25	318.75	5	
25	318.75	5	
25	318.75	5	
25	318.75	5	
25	318.75	5	
25	318.75	5	
25	318.75	5	
25	318.75	5	
25	318.75	5	
25	318.75	5	
25	318.75	5	
25	318.75	5	
25	318.75	5	
25	318.75	5	
25	318.75	5	
25	318.75	5	
26	0	0	
26	0	0	
26	0	0	
26	0	0	
26	0	0	
26	0	0	
26	0	0	
26	0	0	
26	0	0	
26	0	0	
26	0	0	
26	0	0	
26	0	0	
26	0	0	
26	0	0	
26	0	0	
26	0	0	
26	0	0	
26	0	0	
26	0	0	
26	0	0	
26	0	0	
26	0	0	
26	0	0	
26	1.25	0	
26	2.5	0	
26	8.75	-2.5	
26	12.5	-2.5	
26	32.5	-2.5	
26	41.25	1.25	
26	62.5	3.75	
26	73.75	5	
26	87.5	5	
26	115	7.5	
26	133.75	8.75	
26	152.5	8.75	
26	186.25	8.75	
26	203.75	11.25	
26	251.25	12.5	
26	251.25	12.5	
26	287.5	12.5	
26	303.75	12.5	
26	303.75	12.5	
26	321.25	12.5	
26	321.25	12.5	
26	321.25	12.5	
26	321.25	12.5	
26	321.25	12.5	
26	321.25	12.5	
26	321.25	12.5	
26	321.25	12.5	
26	321.25	12.5	
26	321.25	12.5	
26	321.25	12.5	
26	321.25	12.5	
26	321.25	12.5	
26	321.25	12.5	
26	321.25	12.5	
26	321.25	12.5	
26	321.25	12.5	
26	321.25	12.5	
26	321.25	12.5	
26	321.25	12.5	
26	321.25	12.5	
26	321.25	12.5	
26	321.25	12.5	
26	321.25	12.5	
26	321.25	12.5	
26	321.25	12.5	
26	321.25	12.5	
26	321.25	12.5	
26	321.25	12.5	
26	321.25	12.5	
26	321.25	12.5	
27	0	0	
27	0	0	
27	0	0	
27	0	0	
27	0	0	
27	0	0	
27	0	0	
27	0	0	
27	0	0	
27	0	0	
27	0	0	
27	0	0	
27	0	0	
27	0	0	
27	0	0	
27	0	0	
27	0	0	
27	0	0	
27	0	0	
27	0	0	
27	0	0	
27	0	0	
27	0	0	
27	0	0	
27	1.25	0	
27	5	0	
27	13.75	-1.25	
27	20	-1.25	
27	33.75	-3.75	
27	53.75	-3.75	
27	63.75	-3.75	
27	75	-3.75	
27	87.5	-3.75	
27	130	-3.75	
27	130	-3.75	
27	167.5	-3.75	
27	185	-3.75	
27	218.75	-1.25	
27	251.25	0	
27	280	0	
27	295	2.5	
27	308.75	2.5	
27	321.25	3.75	
27	343.75	3.75	
27	343.75	3.75	
27	343.75	3.75	
27	343.75	3.75	
27	343.75	3.75	
27	343.75	3.75	
27	343.75	3.75	
27	343.75	3.75	
27	343.75	3.75	
27	343.75	3.75	
27	343.75	3.75	
27	343.75	3.75	
27	343.75	3.75	
27	343.75	3.75	
27	343.75	3.75	
27	343.75	3.75	
27	343.75	3.75	
27	343.75	3.75	
27	343.75	3.75	
27	343.75	3.75	
27	343.75	3.75	
27	343.75	3.75	
27	343.75	3.75	
27	343.75	3.75	
27	343.75	3.75	
27	343.75	3.75	
27	343.75	3.75	
27	343.75	3.75	
27	343.75	3.75	
27	343.75	3.75	
27	343.75	3.75	
28	0	0	
28	0	0	
28	0	0	
28	0	0	
28	0	0	
28	0	0	
28	0	0	
28	0	0	
28	0	0	
28	0	0	
28	0	0	
28	0	0	
28	0	0	
28	0	0	
28	0	0	
28	0	0	
28	0	0	
28	0	0	
28	0	0	
28	0	0	
28	0	0	
28	0	0	
28	0	0	
28	5	0	
28	8.75	0	
28	17.5	2.5	
28	22.5	2.5	
28	28.75	2.5	
28	50	2.5	
28	58.75	2.5	
28	67.5	2.5	
28	76.25	2.5	
28	96.25	2.5	
28	130	0	
28	140	0	
28	151.25	0	
28	175	-3.75	
28	186.25	-5	
28	221.25	-11.25	
28	232.5	-11.25	
28	243.75	-12.5	
28	255	-15	
28	277.5	-15	
28	310	-18.75	
28	320	-18.75	
28	330	-20	
28	347.5	-23.75	
28	347.5	-23.75	
28	347.5	-23.75	
28	347.5	-23.75	
28	347.5	-23.75	
28	347.5	-23.75	
28	347.5	-23.75	
28	347.5	-23.75	
28	347.5	-23.75	
28	347.5	-23.75	
28	347.5	-23.75	
28	347.5	-23.75	
28	347.5	-23.75	
28	347.5	-23.75	
28	347.5	-23.75	
28	347.5	-23.75	
28	347.5	-23.75	
28	347.5	-23.75	
28	347.5	-23.75	
28	347.5	-23.75	
28	347.5	-23.75	
28	347.5	-23.75	
28	347.5	-23.75	
28	347.5	-23.75	
28	347.5	-23.75	
28	347.5	-23.75	
28	347.5	-23.75	
28	347.5	-23.75	
29	0	0	
29	0	0	
29	0	0	
29	0	0	
29	0	0	
29	0	0	
29	0	0	
29	0	0	
29	0	0	
29	0	0	
29	0	0	
29	0	0	
29	0	0	
29	0	0	
29	0	0	
29	0	0	
29	0	0	
29	0	0	
29	0	0	
29	0	0	
29	0	0	
29	0	0	
29	0	0	
29	0	0	
29	0	0	
29	0	0	
29	0	0	
29	0	0	
29	0	0	
29	0	0	
29	0	0	
29	0	0	
29	0	0	
29	0	0	
29	0	0	
29	0	0	
29	0	0	
29	0	-1.25	
29	7.5	-3.75	
29	12.5	-3.75	
29	23.75	-3.75	
29	30	-3.75	
29	48.75	-3.75	
29	70	-3.75	
29	81.25	-3.75	
29	106.25	-3.75	
29	120	-3.75	
29	133.75	-3.75	
29	172.5	-3.75	
29	186.25	-3.75	
29	213.75	0	
29	226.25	0	
29	252.5	2.5	
29	277.5	3.75	
29	288.75	3.75	
29	311.25	6.25	
29	321.25	7.5	
29	331.25	7.5	
29	331.25	7.5	
29	331.25	7.5	
29	331.25	7.5	
29	331.25	7.5	
29	331.25	7.5	
29	331.25	7.5	
29	331.25	7.5	
29	331.25	7.5	
29	331.25	7.5	
29	331.25	7.5	
29	331.25	7.5	
29	331.25	7.5	
29	331.25	7.5	
29	331.25	7.5	
29	331.25	7.5	
29	331.25	7.5	
30	0	0	
30	0	0	
30	0	0	
30	0	0	
30	0	0	
30	0	0	
30	0	0	
30	0	0	
30	0	0	
30	0	0	
30	0	0	
30	0	0	
30	0	0	
30	0	0	
30	0	0	
30	0	0	
30	0	0	
30	0	0	
30	0	0	
30	0	0	
30	0	0	
30	0	0	
30	0	0	
30	0	0	
30	0	0	
30	0	0	
30	0	0	
30	0	0	
30	0	0	
30	0	0	
30	0	0	
30	0	0	
30	0	0	
30	0	0	
30	0	0	
30	0	0	
30	0	0	
30	0	0	
30	0	0	
30	0	0	
30	0	0	
30	0	0	
30	0	0	
30	0	0	
30	0	0	
30	0	0	
30	0	0	
30	0	0	
30	0	0	
30	0	0	
30	0	0	
30	0	0	
30	0	0	
30	0	0	
30	0	0	
30	0	0	
30	0	0	
30	0	0	
30	0	0	
30	0	0	
30	0	0	
30	1.25	0	
30	2.5	0	
30	3.75	0	
30	6.25	0	
30	7.5	0	
30	8.75	0	
30	11.25	0	
30	20	-3.75	
30	25	-3.75	
30	30	-3.75	
30	35	-5	
30	48.75	-7.5	
30	66.25	-7.5	
31	0	0	
31	0	0	
31	0	0	
31	0	0	
31	0	0	
31	0	0	
31	0	0	
31	0	0	
31	0	0	
31	0	0	
31	0	0	
31	0	0	
31	0	0	
31	0	0	
31	0	0	
31	0	0	
31	0	0	
31	0	0	
31	0	0	
31	0	0	
31	0	0	
31	0	0	
31	0	0	
31	0	0	
31	0	0	
31	0	0	
31	0	0	
31	0	0	
31	0	0	
31	0	0	
31	0	0	
31	0	0	
31	0	0	
31	0	0	
31	0	0	
31	0	0	
31	0	0	
31	0	0	
31	0	0	
31	0	0	
31	0	0	
31	0	0	
31	0	0	
31	5	0	
31	8.75	-2.5	
31	18.75	-2.5	
31	26.25	-2.5	
31	33.75	-2.5	
31	63.75	-3.75	
31	76.25	-3.75	
31	88.75	-6.25	
31	116.25	-6.25	
31	131.25	-7.5	
31	166.25	-10	
31	183.75	-10	
31	218.75	-10	
31	235	-10	
31	235	-10	
31	285	-6.25	
31	298.75	-6.25	
31	311.25	-6.25	
31	332.5	-3.75	
31	340	-3.75	
31	345	-3.75	
31	345	-3.75	
31	345	-3.75	
31	345	-3.75	
31	345	-3.75	
31	345	-3.75	
31	345	-3.75	
31	345	-3.75	
31	345	-3.75	
31	345	-3.75	
31	345	-3.75	
32	0	0	
32	0	0	
32	0	0	
32	0	0	
32	0	0	
32	0	0	
32	0	0	
32	0	0	
32	0	0	
32	0	0	
32	0	0	
32	0	0	
32	0	0	
32	0	0	
32	0	0	
32	0	0	
32	0	0	
32	0	0	
32	0	0	
32	0	0	
32	0	0	
32	0	0	
32	0	0	
32	0	0	
32	0	0	
32	0	0	
32	2.5	0	
32	3.75	0	
32	10	0	
32	20	0	
32	26.25	2.5	
32	33.75	2.5	
32	51.25	3.75	
32	80	3.75	
32	91.25	6.25	
32	103.75	6.25	
32	127.5	7.5	
32	141.25	7.5	
32	165	7.5	
32	190	7.5	
32	202.5	7.5	
32	213.75	7.5	
32	226.25	7.5	
32	270	10	
32	278.75	10	
32	287.5	7.5	
32	296.25	7.5	
32	312.5	7.5	
32	325	7.5	
32	337.5	6.25	
32	342.5	3.75	
32	347.5	3.75	
32	347.5	3.75	
32	347.5	3.75	
32	347.5	3.75	
32	347.5	3.75	
32	347.5	3.75	
32	347.5	3.75	
32	347.5	3.75	
32	347.5	3.75	
32	347.5	3.75	
32	347.5	3.75	
32	347.5	3.75	
32	347.5	3.75	
32	347.5	3.75	
32	347.5	3.75	
32	347.5	3.75	
32	347.5	3.75	
32	347.5	3.75	
32	347.5	3.75	
32	347.5	3.75	
32	347.5	3.75	
32	347.5	3.75	
32	347.5	3.75	
33	0	0	
33	0	0	
33	0	0	
33	0	0	
33	0	0	
33	0	0	
33	0	0	
33	0	0	
33	0	0	
33	0	0	
33	0	0	
33	0	0	
33	0	0	
33	0	0	
33	0	0	
33	0	0	
33	0	0	
33	0	0	
33	0	0	
33	0	0	
33	0	0	
33	0	0	
33	0	0	
33	0	0	
33	0	0	
33	0	0	
33	0	0	
33	0	0	
33	0	0	
33	0	0	
33	0	0	
33	0	0	
33	0	0	
33	0	0	
33	0	0	
33	0	0	
33	0	0	
33	0	0	
33	0	0	
33	0	0	
33	1.25	0	
33	2.5	0	
33	5	0	
33	13.75	0	
33	17.5	0	
33	22.5	0	
33	35	2.5	
33	42.5	2.5	
33	67.5	3.75	
33	77.5	3.75	
33	98.75	3.75	
33	111.25	6.25	
33	122.5	7.5	
33	162.5	7.5	
33	177.5	10	
33	191.25	10	
33	220	11.25	
33	235	11.25	
33	275	15	
33	288.75	15	
33	311.25	17.5	
33	322.5	17.5	
33	331.25	18.75	
33	348.75	18.75	
33	348.75	18.75	
33	348.75	18.75	
33	348.75	18.75	
33	348.75	18.75	
33	348.75	18.75	
33	348.75	18.75	
33	348.75	18.75	
33	348.75	18.75	
33	348.75	18.75	
33	348.75	18.75	
34	0	0	
34	0	0	
34	0	0	
34	0	0	
34	0	0	
34	0	0	
34	0	0	
34	0	0	
34	0	0	
34	0	0	
34	0	0	
34	0	0	
34	0	0	
34	0	0	
34	0	0	
34	0	0	
34	0	0	
34	0	0	
34	3.75	0	
34	6.25	0	
34	11.25	0	
34	22.5	0	
34	30	0	
34	48.75	0	
34	70	1.25	
34	82.5	1.25	
34	95	1.25	
34	122.5	1.25	
34	167.5	1.25	
34	181.25	3.75	
34	196.25	3.75	
34	226.25	5	
34	240	7.5	
34	267.5	8.75	
34	292.5	11.25	
34	303.75	12.5	
34	315	12.5	
34	335	15	
34	342.5	15	
34	342.5	15	
34	342.5	15	
34	342.5	15	
34	342.5	15	
34	342.5	15	
34	342.5	15	
34	342.5	15	
34	342.5	15	
34	342.5	15	
34	342.5	15	
34	342.5	15	
34	342.5	15	
34	342.5	15	
34	342.5	15	
34	342.5	15	
34	342.5	15	
34	342.5	15	
34	342.5	15	
34	342.5	15	
34	342.5	15	
34	342.5	15	
34	342.5	15	
34	342.5	15	
34	342.5	15	
34	342.5	15	
34	342.5	15	
34	342.5	15	
34	342.5	15	
34	342.5	15	
34	342.5	15	
34	342.5	15	
34	342.5	15	
34	342.5	15	
34	342.5	15	
34	342.5	15	
35	0	0	
35	0	0	
35	0	0	
35	0	0	
35	0	0	
35	0	0	
35	0	0	
35	0	0	
35	0	0	
35	0	0	
35	0	0	
35	0	0	
35	0	0	
35	0	0	
35	0	0	
35	0	0	
35	0	0	
35	0	0	
35	0	0	
35	0	0	
35	0	0	
35	0	0	
35	1.25	-1.25	
35	11.25	-3.75	
35	22.5	-3.75	
35	30	-3.75	
35	38.75	-3.75	
35	48.75	-5	
35	83.75	-7.5	
35	96.25	-7.5	
35	125	-11.25	
35	140	-11.25	
35	155	-12.5	
35	201.25	-16.25	
35	231.25	-18.75	
35	247.5	-18.75	
35	247.5	-18.75	
35	266.25	-16.25	
35	302.5	-15	
35	317.5	-15	
35	343.75	-12.5	
35	343.75	-12.5	
35	343.75	-12.5	
35	343.75	-12.5	
35	343.75	-12.5	
35	343.75	-12.5	
35	343.75	-12.5	
35	343.75	-12.5	
35	343.75	-12.5	
35	343.75	-12.5	
35	343.75	-12.5	
35	343.75	-12.5	
35	343.75	-12.5	
35	343.75	-12.5	
35	343.75	-12.5	
35	343.75	-12.5	
35	343.75	-12.5	
35	343.75	-12.5	
35	343.75	-12.5	
35	343.75	-12.5	
35	343.75	-12.5	
35	343.75	-12.5	
35	343.75	-12.5	
35	343.75	-12.5	
35	343.75	-12.5	
35	343.75	-12.5	
35	343.75	-12.5	
35	343.75	-12.5	
35	343.75	-12.5	
35	343.75	-12.5	
35	343.75	-12.5	
35	343.75	-12.5	
35	343.75	-12.5	
35	343.75	-12.5	
36	0	0	
36	0	0	
36	0	0	
36	0	0	
36	0	0	
36	0	0	
36	0	0	
36	0	0	
36	0	0	
36	0	0	
36	0	0	
36	0	0	
36	0	0	
36	0	0	
36	0	0	
36	0	0	
36	0	0	
36	0	0	
36	0	0	
36	0	0	
36	0	0	
36	0	0	
36	0	0	
36	0	0	
36	0	0	
36	1.25	0	
36	6.25	0	
36	10	1.25	
36	26.25	1.25	
36	33.75	3.75	
36	42.5	5	
36	51.25	7.5	
36	73.75	11.25	
36	110	15	
36	123.75	16.25	
36	137.5	18.75	
36	166.25	22.5	
36	181.25	23.75	
36	211.25	27.5	
36	241.25	31.25	
36	256.25	33.75	
36	271.25	35	
36	300	38.75	
36	338.75	42.5	
36	338.75	42.5	
36	338.75	42.5	
36	338.75	42.5	
36	338.75	42.5	
36	338.75	42.5	
36	338.75	42.5	
36	338.75	42.5	
36	338.75	42.5	
36	338.75	42.5	
36	338.75	42.5	
36	338.75	42.5	
36	338.75	42.5	
36	338.75	42.5	
36	338.75	42.5	
36	338.75	42.5	
36	338.75	42.5	
36	338.75	42.5	
36	338.75	42.5	
36	338.75	42.5	
36	338.75	42.5	
36	338.75	42.5	
36	338.75	42.5	
36	338.75	42.5	
36	338.75	42.5	
36	338.75	42.5	
36	338.75	42.5	
36	338.75	42.5	
36	338.75	42.5	
36	338.75	42.5	
36	338.75	42.5	
37	0	0	
37	0	0	
37	0	0	
37	0	0	
37	0	0	
37	0	0	
37	0	0	
37	0	0	
37	0	0	
37	0	0	
37	0	0	
37	0	0	
37	0	0	
37	0	0	
37	0	0	
37	0	0	
37	0	0	
37	0	0	
37	0	0	
37	0	0	
37	0	0	
37	0	0	
37	0	0	
37	0	0	
37	0	0	
37	0	0	
37	0	0	
37	0	0	
37	0	0	
37	1.25	0	
37	2.5	0	
37	6.25	0	
37	12.5	0	
37	23.75	0	
37	30	0	
37	47.5	-1.25	
37	58.75	-1.25	
37	68.75	-1.25	
37	107.5	-1.25	
37	136.25	-1.25	
37	136.25	-1.25	
37	155	0	
37	192.5	0	
37	230	2.5	
37	247.5	2.5	
37	282.5	3.75	
37	298.75	3.75	
37	315	6.25	
37	347.5	6.25	
37	347.5	6.25	
37	347.5	6.25	
37	347.5	6.25	
37	347.5	6.25	
37	347.5	6.25	
37	347.5	6.25	
37	347.5	6.25	
37	347.5	6.25	
37	347.5	6.25	
37	347.5	6.25	
37	347.5	6.25	
37	347.5	6.25	
37	347.5	6.25	
37	347.5	6.25	
37	347.5	6.25	
37	347.5	6.25	
37	347.5	6.25	
37	347.5	6.25	
37	347.5	6.25	
37	347.5	6.25	
37	347.5	6.25	
37	347.5	6.25	
37	347.5	6.25	
37	347.5	6.25	
37	347.5	6.25	
38	0	0	
38	0	0	
38	0	0	
38	0	0	
38	0	0	
38	0	0	
38	0	0	
38	0	0	
38	0	0	
38	0	0	
38	0	0	
38	0	0	
38	0	0	
38	0	0	
38	0	0	
38	0	0	
38	0	0	
38	0	0	
38	0	0	
38	0	0	
38	0	0	
38	0	0	
38	0	0	
38	1.25	0	
38	2.5	0	
38	3.75	0	
38	7.5	0	
38	15	0	
38	32.5	0	
38	40	0	
38	48.75	0	
38	68.75	2.5	
38	80	3.75	
38	116.25	3.75	
38	128.75	6.25	
38	142.5	7.5	
38	155	7.5	
38	182.5	7.5	
38	225	10	
38	237.5	10	
38	250	11.25	
38	276.25	11.25	
38	288.75	11.25	
38	322.5	15	
38	332.5	15	
38	343.75	15	
38	343.75	15	
38	343.75	15	
38	343.75	15	
38	343.75	15	
38	343.75	15	
38	343.75	15	
38	343.75	15	
38	343.75	15	
38	343.75	15	
38	343.75	15	
38	343.75	15	
38	343.75	15	
38	343.75	15	
38	343.75	15	
38	343.75	15	
38	343.75	15	
38	343.75	15	
38	343.75	15	
38	343.75	15	
38	343.75	15	
38	343.75	15	
38	343.75	15	
38	343.75	15	
38	343.75	15	
38	343.75	15	
38	343.75	15	
38	343.75	15	
38	343.75	15	
39	0	0	
39	0	0	
39	0	0	
39	0	0	
39	0	0	
39	0	0	
39	0	0	
39	0	0	
39	0	0	
39	0	0	
39	0	0	
39	0	0	
39	0	0	
39	0	0	
39	0	0	
39	0	0	
39	0	0	
39	0	0	
39	0	0	
39	0	0	
39	1.25	0	
39	2.5	-2.5	
39	7.5	-2.5	
39	16.25	-2.5	
39	28.75	-3.75	
39	36.25	-3.75	
39	53.75	-3.75	
39	63.75	-2.5	
39	85	-2.5	
39	108.75	-2.5	
39	121.25	-2.5	
39	132.5	0	
39	145	0	
39	181.25	0	
39	205	1.25	
39	216.25	1.25	
39	238.75	1.25	
39	247.5	1.25	
39	267.5	1.25	
39	286.25	1.25	
39	295	1.25	
39	303.75	1.25	
39	312.5	3.75	
39	333.75	5	
39	346.25	5	
39	346.25	5	
39	346.25	5	
39	346.25	5	
39	346.25	5	
39	346.25	5	
39	346.25	5	
39	346.25	5	
39	346.25	5	
39	346.25	5	
39	346.25	5	
39	346.25	5	
39	346.25	5	
39	346.25	5	
39	346.25	5	
39	346.25	5	
39	346.25	5	
39	346.25	5	
39	346.25	5	
39	346.25	5	
39	346.25	5	
39	346.25	5	
39	346.25	5	
39	346.25	5	
39	346.25	5	
39	346.25	5	
39	346.25	5	
39	346.25	5	
39	346.25	5	
39	346.25	5	
40	0	0	
40	0	0	
40	0	0	
40	0	0	
40	0	0	
40	0	0	
40	0	0	
40	0	0	
40	0	0	
40	0	0	
40	0	0	
40	0	0	
40	0	0	
40	0	0	
40	0	0	
40	0	0	
40	0	0	
40	1.25	0	
40	11.25	0	
40	16.25	0	
40	21.25	0	
40	35	0	
40	42.5	0	
40	70	-1.25	
40	80	-3.75	
40	102.5	-3.75	
40	113.75	-3.75	
40	126.25	-3.75	
40	163.75	-3.75	
40	177.5	-1.25	
40	190	-1.25	
40	216.25	0	
40	228.75	0	
40	267.5	2.5	
40	280	3.75	
40	303.75	3.75	
40	315	3.75	
40	326.25	3.75	
40	337.5	6.25	
40	337.5	6.25	
40	337.5	6.25	
40	337.5	6.25	
40	337.5	6.25	
40	337.5	6.25	
40	337.5	6.25	
40	337.5	6.25	
40	337.5	6.25	
40	337.5	6.25	
40	337.5	6.25	
40	337.5	6.25	
40	337.5	6.25	
40	337.5	6.25	
40	337.5	6.25	
40	337.5	6.25	
40	337.5	6.25	
40	337.5	6.25	
40	337.5	6.25	
40	337.5	6.25	
40	337.5	6.25	
40	337.5	6.25	
40	337.5	6.25	
40	337.5	6.25	
40	337.5	6.25	
40	337.5	6.25	
40	337.5	6.25	
40	337.5	6.25	
40	337.5	6.25	
40	337.5	6.25	
40	337.5	6.25	
40	337.5	6.25	
40	337.5	6.25	
40	337.5	6.25	
40	337.5	6.25	
40	337.5	6.25	
41	0	0	
41	0	0	
41	0	0	
41	0	0	
41	0	0	
41	0	0	
41	0	0	
41	0	0	
41	0	0	
41	0	0	
41	0	0	
41	0	0	
41	0	0	
41	0	0	
41	0	0	
41	0	0	
41	0	0	
41	0	0	
41	0	0	
41	0	0	
41	0	0	
41	0	0	
41	1.25	0	
41	6.25	0	
41	16.25	-1.25	
41	22.5	-1.25	
41	28.75	-3.75	
41	37.5	-3.75	
41	67.5	-1.25	
41	90	-1.25	
41	101.25	0	
41	113.75	0	
41	136.25	0	
41	161.25	0	
41	172.5	0	
41	196.25	0	
41	207.5	0	
41	220	0	
41	256.25	0	
41	278.75	2.5	
41	290	3.75	
41	301.25	3.75	
41	321.25	3.75	
41	341.25	3.75	
41	348.75	3.75	
41	348.75	3.75	
41	348.75	3.75	
41	348.75	3.75	
41	348.75	3.75	
41	348.75	3.75	
41	348.75	3.75	
41	348.75	3.75	
41	348.75	3.75	
41	348.75	3.75	
41	348.75	3.75	
41	348.75	3.75	
41	348.75	3.75	
41	348.75	3.75	
41	348.75	3.75	
41	348.75	3.75	
41	348.75	3.75	
41	348.75	3.75	
41	348.75	3.75	
41	348.75	3.75	
41	348.75	3.75	
41	348.75	3.75	
41	348.75	3.75	
41	348.75	3.75	
41	348.75	3.75	
41	348.75	3.75	
41	348.75	3.75	
41	348.75	3.75	
41	348.75	3.75	
41	348.75	3.75	
42	0	0	
42	0	0	
42	0	0	
42	0	0	
42	0	0	
42	0	0	
42	0	0	
42	0	0	
42	0	0	
42	0	0	
42	0	0	
42	0	0	
42	0	0	
42	0	0	
42	0	0	
42	0	0	
42	0	0	
42	0	0	
42	0	0	
42	0	0	
42	0	0	
42	0	0	
42	0	0	
42	0	0	
42	0	0	
42	0	0	
42	0	0	
42	0	0	
42	0	0	
42	0	0	
42	0	0	
42	0	0	
42	0	0	
42	2.5	0	
42	5	0	
42	8.75	0	
42	12.5	0	
42	21.25	0	
42	42.5	1.25	
42	51.25	1.25	
42	60	1.25	
42	81.25	3.75	
42	91.25	3.75	
42	123.75	7.5	
42	135	8.75	
42	146.25	8.75	
42	157.5	8.75	
42	178.75	12.5	
42	210	12.5	
42	220	12.5	
42	230	12.5	
42	250	15	
42	260	15	
42	287.5	12.5	
42	296.25	12.5	
42	305	12.5	
42	313.75	12.5	
42	330	12.5	
42	346.25	12.5	
42	346.25	12.5	
42	346.25	12.5	
42	346.25	12.5	
42	346.25	12.5	
42	346.25	12.5	
42	346.25	12.5	
42	346.25	12.5	
42	346.25	12.5	
42	346.25	12.5	
42	346.25	12.5	
42	346.25	12.5	
42	346.25	12.5	
42	346.25	12.5	
42	346.25	12.5	
42	346.25	12.5	
43	0	0	
43	0	0	
43	0	0	
43	0	0	
43	0	0	
43	0	0	
43	0	0	
43	0	0	
43	0	0	
43	0	0	
43	0	0	
43	0	0	
43	0	0	
43	0	0	
43	0	0	
43	0	0	
43	0	0	
43	0	0	
43	0	0	
43	0	0	
43	0	0	
43	0	0	
43	0	0	
43	0	0	
43	0	0	
43	0	0	
43	0	0	
43	0	0	
43	0	0	
43	0	0	
43	0	0	
43	0	0	
43	0	0	
43	1.25	-1.25	
43	5	-1.25	
43	7.5	-3.75	
43	11.25	-3.75	
43	18.75	-3.75	
43	30	-7.5	
43	37.5	-7.5	
43	51.25	-7.5	
43	60	-8.75	
43	68.75	-8.75	
43	96.25	-8.75	
43	117.5	-7.5	
43	128.75	-7.5	
43	138.75	-7.5	
43	161.25	-5	
43	186.25	-3.75	
43	198.75	-1.25	
43	225	0	
43	237.5	0	
43	251.25	0	
43	288.75	3.75	
43	312.5	3.75	
43	325	3.75	
43	336.25	3.75	
43	336.25	3.75	
43	336.25	3.75	
43	336.25	3.75	
43	336.25	3.75	
43	336.25	3.75	
43	336.25	3.75	
43	336.25	3.75	
43	336.25	3.75	
43	336.25	3.75	
43	336.25	3.75	
43	336.25	3.75	
43	336.25	3.75	
43	336.25	3.75	
43	336.25	3.75	
43	336.25	3.75	
43	336.25	3.75	
43	336.25	3.75	
44	0	0	
44	0	0	
44	0	0	
44	0	0	
44	0	0	
44	0	0	
44	0	0	
44	0	0	
44	0	0	
44	0	0	
44	0	0	
44	0	0	
44	0	0	
44	0	0	
44	0	0	
44	0	0	
44	0	0	
44	0	0	
44	0	0	
44	0	0	
44	0	0	
44	0	0	
44	0	0	
44	0	0	
44	0	0	
44	0	0	
44	0	0	
44	0	0	
44	0	0	
44	0	0	
44	0	0	
44	1.25	0	
44	2.5	0	
44	10	-3.75	
44	13.75	-3.75	
44	18.75	-5	
44	28.75	-7.5	
44	36.25	-7.5	
44	60	-8.75	
44	70	-11.25	
44	80	-11.25	
44	91.25	-11.25	
44	113.75	-11.25	
44	152.5	-11.25	
44	166.25	-8.75	
44	178.75	-8.75	
44	205	-7.5	
44	217.5	-7.5	
44	256.25	-7.5	
44	268.75	-5	
44	281.25	-5	
44	292.5	-3.75	
44	313.75	-3.75	
44	342.5	-1.25	
44	342.5	-1.25	
44	342.5	-1.25	
44	342.5	-1.25	
44	342.5	-1.25	
44	342.5	-1.25	
44	342.5	-1.25	
44	342.5	-1.25	
44	342.5	-1.25	
44	342.5	-1.25	
44	342.5	-1.25	
44	342.5	-1.25	
44	342.5	-1.25	
44	342.5	-1.25	
44	342.5	-1.25	
44	342.5	-1.25	
44	342.5	-1.25	
44	342.5	-1.25	
44	342.5	-1.25	
44	342.5	-1.25	
44	342.5	-1.25	
45	0	0	
45	0	0	
45	0	0	
45	0	0	
45	0	0	
45	0	0	
45	0	0	
45	0	0	
45	0	0	
45	0	0	
45	0	0	
45	0	0	
45	0	0	
45	0	0	
45	0	0	
45	0	0	
45	0	0	
45	0	0	
45	0	0	
45	0	0	
45	0	0	
45	0	0	
45	0	0	
45	0	0	
45	0	0	
45	0	0	
45	0	0	
45	1.25	0	
45	12.5	0	
45	16.25	0	
45	22.5	0	
45	28.75	0	
45	43.75	-1.25	
45	62.5	-3.75	
45	83.75	-3.75	
45	96.25	-3.75	
45	108.75	-3.75	
45	121.25	-3.75	
45	165	-3.75	
45	183.75	-5	
45	202.5	-5	
45	220	-5	
45	252.5	-5	
45	267.5	-5	
45	286.25	-5	
45	303.75	-5	
45	321.25	-3.75	
45	321.25	-3.75	
45	321.25	-3.75	
45	321.25	-3.75	
45	321.25	-3.75	
45	321.25	-3.75	
45	321.25	-3.75	
45	321.25	-3.75	
45	321.25	-3.75	
45	321.25	-3.75	
45	321.25	-3.75	
45	321.25	-3.75	
45	321.25	-3.75	
45	321.25	-3.75	
45	321.25	-3.75	
45	321.25	-3.75	
45	321.25	-3.75	
45	321.25	-3.75	
45	321.25	-3.75	
45	321.25	-3.75	
45	321.25	-3.75	
45	321.25	-3.75	
45	321.25	-3.75	
45	321.25	-3.75	
45	321.25	-3.75	
45	321.25	-3.75	
45	321.25	-3.75	
45	321.25	-3.75	
46	0	0	
46	0	0	
46	0	0	
46	0	0	
46	0	0	
46	0	0	
46	0	0	
46	0	0	
46	0	0	
46	0	0	
46	0	0	
46	0	0	
46	0	0	
46	0	0	
46	0	0	
46	0	0	
46	0	0	
46	0	0	
46	0	0	
46	0	0	
46	0	0	
46	0	0	
46	0	0	
46	0	0	
46	0	0	
46	0	0	
46	0	0	
46	0	0	
46	0	0	
46	0	0	
46	0	0	
46	0	0	
46	0	0	
46	0	0	
46	1.25	0	
46	2.5	0	
46	7.5	0	
46	11.25	1.25	
46	30	1.25	
46	38.75	3.75	
46	47.5	5	
46	68.75	7.5	
46	80	8.75	
46	106.25	11.25	
46	132.5	12.5	
46	146.25	12.5	
46	160	12.5	
46	187.5	15	
46	225	12.5	
46	237.5	12.5	
46	248.75	12.5	
46	271.25	11.25	
46	282.5	8.75	
46	303.75	7.5	
46	323.75	3.75	
46	333.75	1.25	
46	343.75	0	
46	343.75	0	
46	343.75	0	
46	343.75	0	
46	343.75	0	
46	343.75	0	
46	343.75	0	
46	343.75	0	
46	343.75	0	
46	343.75	0	
46	343.75	0	
46	343.75	0	
46	343.75	0	
46	343.75	0	
46	343.75	0	
46	343.75	0	
46	343.75	0	
46	343.75	0	
47	0	0	
47	0	0	
47	0	0	
47	0	0	
47	0	0	
47	0	0	
47	0	0	
47	0	0	
47	0	0	
47	0	0	
47	0	0	
47	0	0	
47	0	0	
47	0	0	
47	0	0	
47	0	0	
47	0	0	
47	0	0	
47	0	0	
47	0	0	
47	0	0	
47	0	0	
47	0	0	
47	0	0	
47	0	0	
47	0	0	
47	1.25	0	
47	2.5	0	
47	13.75	2.5	
47	18.75	2.5	
47	33.75	3.75	
47	42.5	7.5	
47	51.25	8.75	
47	85	12.5	
47	111.25	16.25	
47	125	16.25	
47	138.75	18.75	
47	153.75	20	
47	195	20	
47	208.75	20	
47	233.75	20	
47	246.25	20	
47	257.5	18.75	
47	290	15	
47	310	12.5	
47	320	11.25	
47	330	8.75	
47	338.75	8.75	
47	338.75	8.75	
47	338.75	8.75	
47	338.75	8.75	
47	338.75	8.75	
47	338.75	8.75	
47	338.75	8.75	
47	338.75	8.75	
47	338.75	8.75	
47	338.75	8.75	
47	338.75	8.75	
47	338.75	8.75	
47	338.75	8.75	
47	338.75	8.75	
47	338.75	8.75	
47	338.75	8.75	
47	338.75	8.75	
47	338.75	8.75	
47	338.75	8.75	
47	338.75	8.75	
47	338.75	8.75	
47	338.75	8.75	
47	338.75	8.75	
47	338.75	8.75	
47	338.75	8.75	
47	338.75	8.75	
47	338.75	8.75	
