211
182
249
26
163
144
228
261
217
17
171
2
51
166
174
125
32
264
18
70
110
192
169
20
52
85
231
4
115
234
13
74
47
102
41
195
258
79
154
119
45
186
48
127
254
194
162
14
89
65
25
78
206
82
1
215
67
136
10
91
15
245
209
77
213
106
132
191
97
263
180
28
188
105
251
75
158
94
81
239
122
80
116
229
253
240
62
187
111
69
113
179
95
121
44
63
161
193
198
3
66
126
31
152
226
262
58
247
101
173
100
221
157
178
123
128
99
243
57
54
177
38
19
93
23
204
202
53
165
143
145
92
255
5
259
256
30
168
150
114
11
76
244
219
71
50
124
134
252
43
183
181
241
83
224
207
200
7
232
164
199
210
16
257
142
130
159
98
222
190
160
147
88
227
112
60
21
8
29
22
175
59
135
117
118
120
223
137
96
196
148
225
201
197
146
139
185
72
208
68
36
212
140
156
33
27
24
6
246
235
141
129
138
87
242
237
170
131
238
133
167
205
49
153
9
230
233
260
64
108
155
104
250
61
107
109
46
176
42
214
172
73
103
12
84
56
203
218
39
86
184
216
149
189
40
248
35
37
236
90
34
55
151
220
