Trial	X	Y
1	0	0	
1	0	0	
1	0	0	
1	0	0	
1	0	0	
1	-1.25	0	
1	-1.25	0	
1	-2.5	2.5	
1	-2.5	2.5	
1	-2.5	2.5	
1	-2.5	2.5	
1	-2.5	2.5	
1	-2.5	2.5	
1	-2.5	2.5	
1	-2.5	2.5	
1	-2.5	2.5	
1	-2.5	2.5	
1	-2.5	2.5	
1	-2.5	2.5	
1	-2.5	2.5	
1	-2.5	2.5	
1	-2.5	2.5	
1	-2.5	2.5	
1	-2.5	2.5	
1	-2.5	2.5	
1	-2.5	2.5	
1	-2.5	2.5	
1	-2.5	2.5	
1	-2.5	2.5	
1	-2.5	2.5	
1	-2.5	3.75	
1	-2.5	3.75	
1	-2.5	3.75	
1	-2.5	3.75	
1	-2.5	3.75	
1	45	26.25	
1	52.5	30	
1	67.5	38.75	
1	75	42.5	
1	82.5	46.25	
1	98.75	50	
1	116.25	50	
1	126.25	46.25	
1	133.75	46.25	
1	141.25	42.5	
1	166.25	30	
1	173.75	26.25	
1	188.75	22.5	
1	196.25	21.25	
1	202.5	18.75	
1	218.75	18.75	
1	230	18.75	
1	235	18.75	
1	241.25	18.75	
1	247.5	18.75	
1	266.25	17.5	
1	272.5	15	
1	287.5	15	
1	295	15	
1	310	15	
1	321.25	17.5	
1	330	18.75	
1	335	18.75	
1	338.75	18.75	
1	342.5	18.75	
1	342.5	18.75	
1	342.5	18.75	
1	342.5	18.75	
1	342.5	18.75	
1	342.5	18.75	
1	342.5	18.75	
1	342.5	18.75	
1	342.5	18.75	
1	342.5	18.75	
2	0	0	
2	0	0	
2	0	0	
2	0	0	
2	0	0	
2	0	0	
2	0	0	
2	0	0	
2	0	0	
2	0	0	
2	0	0	
2	0	0	
2	0	0	
2	0	0	
2	0	0	
2	0	0	
2	0	0	
2	0	0	
2	0	0	
2	0	0	
2	0	0	
2	0	0	
2	0	0	
2	0	0	
2	0	0	
2	0	0	
2	1.25	0	
2	3.75	0	
2	6.25	0	
2	17.5	0	
2	33.75	2.5	
2	46.25	3.75	
2	57.5	6.25	
2	83.75	7.5	
2	108.75	11.25	
2	133.75	11.25	
2	146.25	11.25	
2	168.75	11.25	
2	180	7.5	
2	191.25	6.25	
2	220	-3.75	
2	228.75	-7.5	
2	236.25	-12.5	
2	251.25	-20	
2	257.5	-21.25	
2	271.25	-27.5	
2	275	-27.5	
2	277.5	-28.75	
2	280	-31.25	
2	280	-31.25	
2	281.25	-35	
2	282.5	-35	
2	282.5	-35	
2	282.5	-36.25	
2	282.5	-38.75	
2	282.5	-38.75	
2	282.5	-38.75	
2	282.5	-38.75	
2	282.5	-38.75	
2	282.5	-38.75	
2	282.5	-38.75	
2	282.5	-38.75	
2	282.5	-38.75	
2	282.5	-38.75	
2	282.5	-38.75	
2	282.5	-38.75	
2	282.5	-36.25	
2	282.5	-35	
2	282.5	-31.25	
2	282.5	-27.5	
2	282.5	-20	
2	282.5	-17.5	
2	282.5	-16.25	
2	282.5	-16.25	
3	0	0	
3	0	0	
3	0	0	
3	0	0	
3	0	0	
3	0	0	
3	0	0	
3	0	0	
3	0	0	
3	0	0	
3	0	0	
3	0	0	
3	0	0	
3	0	0	
3	0	0	
3	0	0	
3	0	0	
3	0	0	
3	0	0	
3	0	0	
3	-28.75	-22.5	
3	-28.75	-22.5	
3	-23.75	-20	
3	-22.5	-20	
3	-20	-20	
3	-7.5	-18.75	
3	5	-15	
3	11.25	-15	
3	20	-15	
3	27.5	-15	
3	43.75	-12.5	
3	55	-12.5	
3	66.25	-12.5	
3	90	-11.25	
3	102.5	-11.25	
3	125	-12.5	
3	148.75	-15	
3	173.75	-16.25	
3	187.5	-18.75	
3	200	-18.75	
3	236.25	-18.75	
3	246.25	-18.75	
3	252.5	-18.75	
3	262.5	-18.75	
3	265	-18.75	
3	268.75	-18.75	
3	270	-18.75	
3	272.5	-18.75	
3	272.5	-18.75	
3	272.5	-18.75	
3	272.5	-18.75	
3	272.5	-18.75	
3	272.5	-18.75	
3	272.5	-18.75	
3	272.5	-18.75	
3	272.5	-18.75	
3	272.5	-18.75	
3	272.5	-18.75	
3	272.5	-18.75	
3	272.5	-18.75	
3	272.5	-18.75	
3	272.5	-18.75	
3	272.5	-18.75	
3	272.5	-18.75	
3	272.5	-18.75	
3	272.5	-18.75	
3	272.5	-18.75	
3	272.5	-18.75	
3	272.5	-18.75	
3	272.5	-18.75	
3	272.5	-18.75	
3	272.5	-18.75	
3	272.5	-18.75	
3	272.5	-18.75	
4	0	0	
4	0	0	
4	0	0	
4	0	0	
4	0	0	
4	0	0	
4	0	0	
4	0	0	
4	0	0	
4	0	0	
4	0	0	
4	0	0	
4	0	0	
4	0	0	
4	0	0	
4	0	0	
4	0	0	
4	0	0	
4	0	0	
4	0	0	
4	0	0	
4	0	0	
4	0	0	
4	0	0	
4	0	0	
4	0	0	
4	0	0	
4	0	0	
4	0	0	
4	0	0	
4	0	0	
4	0	0	
4	0	0	
4	0	0	
4	0	0	
4	0	0	
4	0	0	
4	0	0	
4	0	0	
4	0	0	
4	0	0	
4	0	0	
4	0	0	
4	0	0	
4	0	0	
4	0	0	
4	0	0	
4	0	0	
4	0	0	
4	0	0	
4	0	0	
4	0	0	
4	0	0	
4	0	0	
4	0	0	
4	0	0	
4	0	0	
4	0	0	
4	0	0	
4	0	0	
4	0	0	
4	0	0	
4	0	0	
4	0	0	
4	0	0	
4	0	0	
4	0	0	
4	0	0	
4	0	0	
4	0	0	
4	0	0	
4	0	0	
4	0	0	
4	0	0	
5	0	0	
5	0	0	
5	0	0	
5	0	0	
5	0	0	
5	0	0	
5	0	0	
5	0	0	
5	0	0	
5	0	0	
5	0	0	
5	0	0	
5	0	0	
5	0	0	
5	0	0	
5	0	0	
5	0	0	
5	0	0	
5	0	0	
5	0	0	
5	0	0	
5	0	0	
5	0	0	
5	0	0	
5	0	0	
5	0	0	
5	0	0	
5	0	0	
5	0	0	
5	0	0	
5	0	0	
5	0	0	
5	0	0	
5	0	0	
5	0	0	
5	0	0	
5	0	0	
5	0	0	
5	0	0	
5	0	0	
5	0	0	
5	0	0	
5	0	0	
5	0	0	
5	0	0	
5	0	0	
5	0	0	
5	0	0	
5	0	0	
5	0	0	
5	0	0	
5	0	0	
5	0	0	
5	0	0	
5	0	0	
5	0	0	
5	0	0	
5	0	0	
5	0	0	
5	0	0	
5	0	0	
5	0	0	
5	0	0	
5	0	0	
5	0	0	
5	0	0	
5	0	0	
5	0	0	
5	0	0	
5	0	0	
5	0	0	
5	0	0	
5	0	0	
5	0	0	
6	0	0	
6	0	0	
6	0	0	
6	0	0	
6	0	0	
6	0	0	
6	0	0	
6	0	0	
6	0	0	
6	0	0	
6	0	0	
6	0	0	
6	0	0	
6	0	0	
6	0	0	
6	1.25	-1.25	
6	1.25	-1.25	
6	1.25	-1.25	
6	1.25	-1.25	
6	1.25	-1.25	
6	1.25	-1.25	
6	1.25	-1.25	
6	1.25	-1.25	
6	1.25	-1.25	
6	2.5	-1.25	
6	12.5	-3.75	
6	12.5	-3.75	
6	26.25	-3.75	
6	41.25	-3.75	
6	51.25	-5	
6	71.25	-7.5	
6	95	-5	
6	106.25	-3.75	
6	118.75	-1.25	
6	145	3.75	
6	170	7.5	
6	183.75	10	
6	215	17.5	
6	230	18.75	
6	243.75	22.5	
6	270	30	
6	282.5	33.75	
6	295	40	
6	316.25	47.5	
6	326.25	51.25	
6	345	58.75	
6	345	58.75	
6	345	58.75	
6	345	58.75	
6	345	58.75	
6	345	58.75	
6	345	58.75	
6	345	58.75	
6	345	58.75	
6	345	58.75	
6	345	58.75	
6	345	58.75	
6	345	58.75	
6	345	58.75	
6	345	58.75	
6	345	58.75	
6	345	58.75	
6	345	58.75	
6	345	58.75	
6	345	58.75	
6	345	58.75	
6	345	58.75	
6	345	58.75	
6	345	58.75	
6	345	58.75	
6	345	58.75	
6	345	58.75	
6	345	58.75	
6	345	58.75	
7	0	0	
7	0	0	
7	0	0	
7	0	0	
7	0	0	
7	0	0	
7	0	0	
7	0	0	
7	0	0	
7	0	0	
7	0	0	
7	0	0	
7	0	0	
7	0	0	
7	0	0	
7	0	0	
7	0	0	
7	0	0	
7	0	0	
7	0	0	
7	0	0	
7	0	0	
7	0	0	
7	0	0	
7	0	0	
7	0	0	
7	1.25	2.5	
7	2.5	3.75	
7	5	3.75	
7	7.5	6.25	
7	35	10	
7	43.75	10	
7	52.5	7.5	
7	62.5	7.5	
7	78.75	3.75	
7	93.75	0	
7	101.25	-3.75	
7	113.75	-7.5	
7	121.25	-11.25	
7	128.75	-12.5	
7	148.75	-18.75	
7	160	-22.5	
7	166.25	-23.75	
7	173.75	-26.25	
7	186.25	-30	
7	193.75	-30	
7	197.5	-31.25	
7	200	-31.25	
7	202.5	-31.25	
7	202.5	-33.75	
7	203.75	-33.75	
7	203.75	-33.75	
7	203.75	-33.75	
7	203.75	-33.75	
7	203.75	-33.75	
7	203.75	-33.75	
7	203.75	-33.75	
7	203.75	-33.75	
7	203.75	-33.75	
7	203.75	-33.75	
7	203.75	-33.75	
7	203.75	-33.75	
7	203.75	-33.75	
7	203.75	-33.75	
7	203.75	-33.75	
7	203.75	-33.75	
7	203.75	-33.75	
7	203.75	-33.75	
7	203.75	-33.75	
7	203.75	-33.75	
7	203.75	-31.25	
7	203.75	-31.25	
7	203.75	-31.25	
7	203.75	-30	
8	0	0	
8	0	0	
8	0	0	
8	0	0	
8	0	0	
8	0	0	
8	0	0	
8	0	0	
8	0	0	
8	0	0	
8	0	0	
8	0	0	
8	0	0	
8	0	0	
8	0	0	
8	0	0	
8	-2.5	-6.25	
8	-2.5	-6.25	
8	-2.5	-6.25	
8	-2.5	-6.25	
8	-2.5	-6.25	
8	-2.5	-6.25	
8	-2.5	-6.25	
8	-2.5	-6.25	
8	-2.5	-6.25	
8	-2.5	-6.25	
8	-2.5	-6.25	
8	-2.5	-6.25	
8	-2.5	-6.25	
8	0	-5	
8	10	-3.75	
8	17.5	-1.25	
8	38.75	2.5	
8	67.5	7.5	
8	83.75	11.25	
8	120	13.75	
8	140	13.75	
8	158.75	11.25	
8	176.25	10	
8	212.5	6.25	
8	242.5	2.5	
8	268.75	-1.25	
8	280	-3.75	
8	298.75	-7.5	
8	305	-7.5	
8	316.25	-11.25	
8	317.5	-11.25	
8	318.75	-11.25	
8	320	-11.25	
8	321.25	-12.5	
8	321.25	-12.5	
8	321.25	-12.5	
8	321.25	-12.5	
8	321.25	-12.5	
8	321.25	-12.5	
8	321.25	-12.5	
8	321.25	-12.5	
8	321.25	-12.5	
8	321.25	-12.5	
8	321.25	-12.5	
8	321.25	-12.5	
8	321.25	-12.5	
8	321.25	-12.5	
8	321.25	-12.5	
8	321.25	-12.5	
8	321.25	-12.5	
8	321.25	-12.5	
8	321.25	-12.5	
8	321.25	-12.5	
8	321.25	-12.5	
8	321.25	-12.5	
8	321.25	-12.5	
8	322.5	-11.25	
8	322.5	-5	
9	0	0	
9	0	0	
9	0	0	
9	0	0	
9	0	0	
9	0	0	
9	0	0	
9	0	0	
9	0	0	
9	0	0	
9	0	0	
9	0	0	
9	0	0	
9	0	0	
9	0	0	
9	0	0	
9	0	0	
9	0	0	
9	0	0	
9	0	0	
9	0	0	
9	0	0	
9	0	0	
9	0	0	
9	0	0	
9	0	0	
9	0	0	
9	0	0	
9	0	0	
9	0	0	
9	2.5	2.5	
9	7.5	6.25	
9	12.5	7.5	
9	17.5	11.25	
9	33.75	15	
9	52.5	15	
9	73.75	15	
9	85	11.25	
9	112.5	7.5	
9	126.25	3.75	
9	160	-1.25	
9	198.75	-3.75	
9	218.75	-5	
9	238.75	-5	
9	258.75	-7.5	
9	310	-7.5	
9	335	-11.25	
9	346.25	-12.5	
9	346.25	-12.5	
9	346.25	-12.5	
9	346.25	-12.5	
9	346.25	-12.5	
9	346.25	-12.5	
9	346.25	-12.5	
9	346.25	-12.5	
9	346.25	-12.5	
9	346.25	-12.5	
9	346.25	-12.5	
9	346.25	-12.5	
9	346.25	-12.5	
9	346.25	-12.5	
9	346.25	-12.5	
9	346.25	-12.5	
9	346.25	-12.5	
9	346.25	-12.5	
9	346.25	-12.5	
9	346.25	-12.5	
9	346.25	-12.5	
9	346.25	-12.5	
9	346.25	-12.5	
9	346.25	-12.5	
9	346.25	-12.5	
9	346.25	-12.5	
9	346.25	-12.5	
10	0	0	
10	0	0	
10	0	1.25	
10	0	1.25	
10	0	1.25	
10	0	1.25	
10	0	1.25	
10	0	1.25	
10	0	1.25	
10	0	1.25	
10	-1.25	1.25	
10	-1.25	1.25	
10	-1.25	1.25	
10	-1.25	1.25	
10	-1.25	1.25	
10	-1.25	1.25	
10	-1.25	1.25	
10	-1.25	1.25	
10	-1.25	1.25	
10	-1.25	1.25	
10	-1.25	1.25	
10	-1.25	1.25	
10	-1.25	1.25	
10	-1.25	1.25	
10	-1.25	1.25	
10	-1.25	1.25	
10	0	3.75	
10	1.25	3.75	
10	8.75	5	
10	15	5	
10	37.5	8.75	
10	45	8.75	
10	65	8.75	
10	76.25	8.75	
10	88.75	8.75	
10	116.25	8.75	
10	135	8.75	
10	155	8.75	
10	190	8.75	
10	207.5	8.75	
10	253.75	8.75	
10	268.75	7.5	
10	293.75	5	
10	306.25	3.75	
10	317.5	3.75	
10	340	1.25	
10	342.5	1.25	
10	346.25	1.25	
10	347.5	1.25	
10	347.5	1.25	
10	347.5	1.25	
10	347.5	1.25	
10	347.5	1.25	
10	347.5	1.25	
10	347.5	1.25	
10	347.5	1.25	
10	347.5	1.25	
10	347.5	1.25	
10	347.5	1.25	
10	347.5	1.25	
10	347.5	1.25	
10	347.5	1.25	
10	347.5	1.25	
10	347.5	1.25	
10	347.5	1.25	
10	347.5	1.25	
10	347.5	1.25	
10	347.5	1.25	
10	347.5	1.25	
10	347.5	1.25	
10	347.5	1.25	
10	347.5	1.25	
10	347.5	1.25	
10	347.5	1.25	
11	0	0	
11	0	0	
11	0	0	
11	0	0	
11	0	0	
11	0	0	
11	0	0	
11	0	0	
11	0	0	
11	0	0	
11	0	0	
11	-22.5	11.25	
11	-22.5	11.25	
11	-22.5	11.25	
11	-22.5	11.25	
11	-22.5	11.25	
11	-22.5	11.25	
11	-22.5	11.25	
11	-22.5	11.25	
11	-22.5	11.25	
11	-22.5	11.25	
11	-22.5	11.25	
11	-22.5	11.25	
11	-22.5	11.25	
11	-22.5	11.25	
11	-22.5	11.25	
11	-22.5	11.25	
11	-22.5	11.25	
11	-22.5	11.25	
11	-22.5	11.25	
11	-22.5	11.25	
11	-22.5	11.25	
11	-22.5	11.25	
11	-22.5	11.25	
11	-22.5	11.25	
11	0	11.25	
11	7.5	10	
11	15	7.5	
11	25	7.5	
11	45	6.25	
11	57.5	6.25	
11	88.75	6.25	
11	105	6.25	
11	120	7.5	
11	138.75	7.5	
11	172.5	7.5	
11	188.75	7.5	
11	203.75	7.5	
11	217.5	7.5	
11	242.5	7.5	
11	265	10	
11	273.75	11.25	
11	291.25	11.25	
11	305	13.75	
11	311.25	13.75	
11	328.75	15	
11	335	15	
11	340	17.5	
11	346.25	17.5	
11	346.25	17.5	
11	346.25	17.5	
11	346.25	17.5	
11	346.25	17.5	
11	346.25	17.5	
11	346.25	17.5	
11	346.25	17.5	
11	346.25	17.5	
11	346.25	17.5	
11	346.25	17.5	
11	346.25	17.5	
11	346.25	17.5	
11	346.25	17.5	
11	346.25	17.5	
11	346.25	17.5	
12	0	0	
12	0	0	
12	0	0	
12	0	0	
12	0	0	
12	0	0	
12	0	0	
12	0	0	
12	0	0	
12	0	0	
12	0	0	
12	0	0	
12	0	0	
12	0	0	
12	0	0	
12	0	0	
12	0	0	
12	0	0	
12	0	0	
12	0	0	
12	0	0	
12	0	0	
12	0	0	
12	0	0	
12	0	0	
12	0	0	
12	0	0	
12	0	0	
12	0	0	
12	-7.5	-3.75	
12	-7.5	-3.75	
12	-7.5	-3.75	
12	-7.5	-3.75	
12	13.75	1.25	
12	21.25	1.25	
12	46.25	3.75	
12	56.25	3.75	
12	75	1.25	
12	86.25	0	
12	98.75	-2.5	
12	138.75	-6.25	
12	153.75	-7.5	
12	168.75	-10	
12	197.5	-11.25	
12	212.5	-13.75	
12	258.75	-11.25	
12	275	-10	
12	305	-7.5	
12	318.75	-6.25	
12	332.5	-6.25	
12	332.5	-6.25	
12	332.5	-6.25	
12	332.5	-6.25	
12	332.5	-6.25	
12	332.5	-6.25	
12	332.5	-6.25	
12	332.5	-6.25	
12	332.5	-6.25	
12	332.5	-6.25	
12	332.5	-6.25	
12	332.5	-6.25	
12	332.5	-6.25	
12	332.5	-6.25	
12	332.5	-6.25	
12	332.5	-6.25	
12	332.5	-6.25	
12	332.5	-6.25	
12	332.5	-6.25	
12	332.5	-6.25	
12	332.5	-6.25	
12	332.5	-6.25	
12	332.5	-6.25	
12	332.5	-6.25	
12	332.5	-6.25	
13	0	0	
13	0	0	
13	0	0	
13	0	0	
13	0	0	
13	0	0	
13	0	0	
13	0	0	
13	0	0	
13	0	0	
13	0	0	
13	0	0	
13	0	0	
13	0	0	
13	0	0	
13	0	0	
13	0	0	
13	0	0	
13	0	0	
13	0	0	
13	5	0	
13	8.75	0	
13	17.5	0	
13	22.5	0	
13	30	-1.25	
13	53.75	-3.75	
13	63.75	-5	
13	73.75	-7.5	
13	98.75	-7.5	
13	112.5	-7.5	
13	161.25	-3.75	
13	178.75	0	
13	215	3.75	
13	233.75	3.75	
13	252.5	7.5	
13	308.75	13.75	
13	325	15	
13	341.25	15	
13	341.25	15	
13	341.25	15	
13	341.25	15	
13	341.25	15	
13	341.25	15	
13	341.25	15	
13	341.25	15	
13	341.25	15	
13	341.25	15	
13	341.25	15	
13	341.25	15	
13	341.25	15	
13	341.25	15	
13	341.25	15	
13	341.25	15	
13	341.25	15	
13	341.25	15	
13	341.25	15	
13	341.25	15	
13	341.25	15	
13	341.25	15	
13	341.25	15	
13	341.25	15	
13	341.25	15	
13	341.25	15	
13	341.25	15	
13	341.25	15	
13	341.25	15	
13	341.25	15	
13	341.25	15	
13	341.25	15	
13	341.25	15	
13	341.25	15	
13	341.25	15	
13	341.25	15	
13	341.25	15	
14	0	0	
14	0	0	
14	0	0	
14	0	0	
14	0	0	
14	0	0	
14	0	0	
14	0	0	
14	0	0	
14	0	0	
14	0	0	
14	0	0	
14	0	0	
14	0	0	
14	0	0	
14	0	0	
14	0	0	
14	0	0	
14	0	0	
14	0	0	
14	0	0	
14	0	0	
14	0	0	
14	0	0	
14	1.25	0	
14	7.5	0	
14	17.5	0	
14	23.75	0	
14	31.25	0	
14	51.25	0	
14	72.5	0	
14	83.75	0	
14	107.5	0	
14	132.5	0	
14	146.25	0	
14	175	2.5	
14	202.5	2.5	
14	216.25	2.5	
14	231.25	0	
14	257.5	0	
14	283.75	-3.75	
14	297.5	-3.75	
14	321.25	-7.5	
14	342.5	-7.5	
14	342.5	-7.5	
14	342.5	-7.5	
14	342.5	-7.5	
14	342.5	-7.5	
14	342.5	-7.5	
14	342.5	-7.5	
14	342.5	-7.5	
14	342.5	-7.5	
14	342.5	-7.5	
14	342.5	-7.5	
14	342.5	-7.5	
14	342.5	-7.5	
14	342.5	-7.5	
14	342.5	-7.5	
14	342.5	-7.5	
14	342.5	-7.5	
14	342.5	-7.5	
14	342.5	-7.5	
14	342.5	-7.5	
14	342.5	-7.5	
14	342.5	-7.5	
14	342.5	-7.5	
14	342.5	-7.5	
14	342.5	-7.5	
14	342.5	-7.5	
14	342.5	-7.5	
14	342.5	-7.5	
14	342.5	-7.5	
14	342.5	-7.5	
14	342.5	-7.5	
15	0	0	
15	0	0	
15	0	0	
15	0	0	
15	0	0	
15	0	0	
15	0	0	
15	0	0	
15	0	0	
15	0	0	
15	0	0	
15	0	0	
15	0	0	
15	0	0	
15	0	0	
15	0	0	
15	0	0	
15	0	0	
15	0	0	
15	0	0	
15	0	0	
15	0	0	
15	0	0	
15	0	0	
15	0	0	
15	0	0	
15	3.75	0	
15	8.75	0	
15	12.5	0	
15	16.25	0	
15	31.25	0	
15	38.75	0	
15	45	2.5	
15	52.5	2.5	
15	68.75	2.5	
15	87.5	2.5	
15	108.75	3.75	
15	120	3.75	
15	147.5	7.5	
15	162.5	10	
15	212.5	18.75	
15	230	21.25	
15	248.75	26.25	
15	267.5	30	
15	308.75	40	
15	328.75	45	
15	328.75	45	
15	328.75	45	
15	328.75	45	
15	328.75	45	
15	328.75	45	
15	328.75	45	
15	328.75	45	
15	328.75	45	
15	328.75	45	
15	328.75	45	
15	328.75	45	
15	328.75	45	
15	328.75	45	
15	328.75	45	
15	328.75	45	
15	328.75	45	
15	328.75	45	
15	328.75	45	
15	328.75	45	
15	328.75	45	
15	328.75	45	
15	328.75	45	
15	328.75	45	
15	328.75	45	
15	328.75	45	
15	328.75	45	
15	328.75	45	
15	328.75	45	
16	0	0	
16	0	0	
16	0	0	
16	0	0	
16	0	0	
16	0	0	
16	0	0	
16	0	0	
16	0	0	
16	0	0	
16	0	0	
16	0	0	
16	0	0	
16	0	0	
16	0	0	
16	0	0	
16	0	0	
16	0	0	
16	0	0	
16	1.25	0	
16	10	0	
16	12.5	0	
16	22.5	0	
16	27.5	0	
16	32.5	0	
16	55	-1.25	
16	65	-1.25	
16	75	-1.25	
16	85	-1.25	
16	106.25	-1.25	
16	142.5	0	
16	156.25	0	
16	171.25	0	
16	190	0	
16	207.5	0	
16	258.75	3.75	
16	276.25	7.5	
16	292.5	7.5	
16	308.75	11.25	
16	340	15	
16	340	15	
16	340	15	
16	340	15	
16	340	15	
16	340	15	
16	340	15	
16	340	15	
16	340	15	
16	340	15	
16	340	15	
16	340	15	
16	340	15	
16	340	15	
16	340	15	
16	340	15	
16	340	15	
16	340	15	
16	340	15	
16	340	15	
16	340	15	
16	340	15	
16	340	15	
16	340	15	
16	340	15	
16	340	15	
16	340	15	
16	340	15	
16	340	15	
16	340	15	
16	340	15	
16	340	15	
16	340	15	
16	340	15	
16	340	15	
17	0	0	
17	0	0	
17	0	0	
17	0	0	
17	0	0	
17	0	0	
17	0	0	
17	0	0	
17	0	0	
17	0	0	
17	0	0	
17	0	0	
17	0	0	
17	0	0	
17	0	0	
17	0	0	
17	0	0	
17	0	0	
17	0	0	
17	0	0	
17	0	0	
17	0	0	
17	0	0	
17	0	0	
17	0	0	
17	2.5	0	
17	5	0	
17	11.25	0	
17	16.25	2.5	
17	23.75	3.75	
17	41.25	6.25	
17	51.25	7.5	
17	72.5	11.25	
17	95	15	
17	107.5	17.5	
17	135	21.25	
17	163.75	25	
17	178.75	26.25	
17	192.5	26.25	
17	222.5	26.25	
17	241.25	26.25	
17	263.75	26.25	
17	282.5	26.25	
17	318.75	28.75	
17	318.75	28.75	
17	335	28.75	
17	335	28.75	
17	335	28.75	
17	335	28.75	
17	335	28.75	
17	335	28.75	
17	335	28.75	
17	335	28.75	
17	335	28.75	
17	335	28.75	
17	335	28.75	
17	335	28.75	
17	335	28.75	
17	335	28.75	
17	335	28.75	
17	335	28.75	
17	335	28.75	
17	335	28.75	
17	335	28.75	
17	335	28.75	
17	335	28.75	
17	335	28.75	
17	335	28.75	
17	335	28.75	
17	335	28.75	
17	335	28.75	
17	335	28.75	
17	335	28.75	
17	335	28.75	
18	0	0	
18	0	0	
18	0	0	
18	0	0	
18	0	0	
18	0	0	
18	0	0	
18	0	0	
18	1.25	1.25	
18	1.25	1.25	
18	2.5	1.25	
18	3.75	1.25	
18	3.75	1.25	
18	5	1.25	
18	6.25	1.25	
18	12.5	3.75	
18	16.25	3.75	
18	26.25	5	
18	32.5	5	
18	40	5	
18	65	5	
18	73.75	3.75	
18	83.75	1.25	
18	106.25	-3.75	
18	118.75	-7.5	
18	160	-18.75	
18	175	-25	
18	205	-32.5	
18	220	-36.25	
18	236.25	-40	
18	281.25	-48.75	
18	296.25	-51.25	
18	310	-55	
18	323.75	-56.25	
18	323.75	-56.25	
18	323.75	-56.25	
18	323.75	-56.25	
18	323.75	-56.25	
18	323.75	-56.25	
18	323.75	-56.25	
18	323.75	-56.25	
18	323.75	-56.25	
18	323.75	-56.25	
18	323.75	-56.25	
18	323.75	-56.25	
18	323.75	-56.25	
18	323.75	-56.25	
18	323.75	-56.25	
18	323.75	-56.25	
18	323.75	-56.25	
18	323.75	-56.25	
18	323.75	-56.25	
18	323.75	-56.25	
18	323.75	-56.25	
18	323.75	-56.25	
18	323.75	-56.25	
18	323.75	-56.25	
18	323.75	-56.25	
18	323.75	-56.25	
18	323.75	-56.25	
18	323.75	-56.25	
18	323.75	-56.25	
18	323.75	-56.25	
18	323.75	-56.25	
18	323.75	-56.25	
18	323.75	-56.25	
18	323.75	-56.25	
18	323.75	-56.25	
18	323.75	-56.25	
18	323.75	-56.25	
18	323.75	-56.25	
18	323.75	-56.25	
18	323.75	-56.25	
18	323.75	-56.25	
19	0	0	
19	0	0	
19	0	0	
19	0	0	
19	0	0	
19	0	0	
19	0	0	
19	0	0	
19	0	0	
19	0	0	
19	0	0	
19	0	0	
19	0	0	
19	0	0	
19	0	0	
19	0	0	
19	0	0	
19	0	0	
19	0	0	
19	0	0	
19	0	0	
19	0	0	
19	1.25	0	
19	5	2.5	
19	10	3.75	
19	30	10	
19	37.5	11.25	
19	45	13.75	
19	58.75	15	
19	66.25	15	
19	88.75	11.25	
19	96.25	11.25	
19	112.5	11.25	
19	120	10	
19	128.75	10	
19	155	7.5	
19	163.75	7.5	
19	172.5	6.25	
19	188.75	3.75	
19	196.25	3.75	
19	216.25	2.5	
19	222.5	0	
19	233.75	0	
19	238.75	-1.25	
19	243.75	-3.75	
19	258.75	-7.5	
19	263.75	-8.75	
19	268.75	-11.25	
19	277.5	-11.25	
19	282.5	-11.25	
19	301.25	-11.25	
19	307.5	-11.25	
19	313.75	-11.25	
19	322.5	-11.25	
19	327.5	-12.5	
19	341.25	-12.5	
19	345	-12.5	
19	348.75	-12.5	
19	348.75	-12.5	
19	348.75	-12.5	
19	348.75	-12.5	
19	348.75	-12.5	
19	348.75	-12.5	
19	348.75	-12.5	
19	348.75	-12.5	
19	348.75	-12.5	
19	348.75	-12.5	
19	348.75	-12.5	
19	348.75	-12.5	
19	348.75	-12.5	
19	348.75	-12.5	
19	348.75	-12.5	
19	348.75	-12.5	
19	348.75	-12.5	
20	0	0	
20	0	0	
20	0	0	
20	0	0	
20	0	0	
20	0	0	
20	0	0	
20	0	0	
20	0	0	
20	0	0	
20	0	0	
20	0	0	
20	0	0	
20	0	0	
20	0	0	
20	0	0	
20	0	0	
20	0	0	
20	0	0	
20	0	0	
20	0	0	
20	0	0	
20	1.25	0	
20	6.25	0	
20	8.75	0	
20	26.25	0	
20	33.75	0	
20	41.25	0	
20	48.75	-1.25	
20	65	-1.25	
20	83.75	-1.25	
20	103.75	-1.25	
20	113.75	-1.25	
20	135	0	
20	146.25	0	
20	185	2.5	
20	198.75	3.75	
20	212.5	3.75	
20	226.25	6.25	
20	253.75	10	
20	282.5	15	
20	311.25	18.75	
20	323.75	22.5	
20	348.75	25	
20	348.75	25	
20	348.75	25	
20	348.75	25	
20	348.75	25	
20	348.75	25	
20	348.75	25	
20	348.75	25	
20	348.75	25	
20	348.75	25	
20	348.75	25	
20	348.75	25	
20	348.75	25	
20	348.75	25	
20	348.75	25	
20	348.75	25	
20	348.75	25	
20	348.75	25	
20	348.75	25	
20	348.75	25	
20	348.75	25	
20	348.75	25	
20	348.75	25	
20	348.75	25	
20	348.75	25	
20	348.75	25	
20	348.75	25	
20	348.75	25	
20	348.75	25	
20	348.75	25	
20	348.75	25	
21	0	0	
21	0	0	
21	0	0	
21	0	0	
21	0	0	
21	0	0	
21	0	0	
21	0	0	
21	0	0	
21	0	0	
21	0	0	
21	0	0	
21	0	0	
21	0	0	
21	0	0	
21	0	0	
21	0	0	
21	0	0	
21	0	0	
21	0	0	
21	0	0	
21	0	0	
21	2.5	0	
21	6.25	2.5	
21	11.25	2.5	
21	45	7.5	
21	56.25	7.5	
21	67.5	7.5	
21	78.75	6.25	
21	105	3.75	
21	133.75	0	
21	166.25	0	
21	182.5	0	
21	198.75	0	
21	216.25	0	
21	287.5	7.5	
21	305	7.5	
21	322.5	10	
21	338.75	11.25	
21	338.75	11.25	
21	338.75	11.25	
21	338.75	11.25	
21	338.75	11.25	
21	338.75	11.25	
21	338.75	11.25	
21	338.75	11.25	
21	338.75	11.25	
21	338.75	11.25	
21	338.75	11.25	
21	338.75	11.25	
21	338.75	11.25	
21	338.75	11.25	
21	338.75	11.25	
21	338.75	11.25	
21	338.75	11.25	
21	338.75	11.25	
21	338.75	11.25	
21	338.75	11.25	
21	338.75	11.25	
21	338.75	11.25	
21	338.75	11.25	
21	338.75	11.25	
21	338.75	11.25	
21	338.75	11.25	
21	338.75	11.25	
21	338.75	11.25	
21	338.75	11.25	
21	338.75	11.25	
21	338.75	11.25	
21	338.75	11.25	
21	338.75	11.25	
21	338.75	11.25	
21	338.75	11.25	
21	338.75	11.25	
22	0	0	
22	0	0	
22	0	0	
22	0	0	
22	0	0	
22	0	0	
22	0	0	
22	0	0	
22	0	0	
22	0	0	
22	0	0	
22	0	0	
22	0	0	
22	0	0	
22	0	0	
22	0	0	
22	0	0	
22	0	0	
22	0	0	
22	0	0	
22	1.25	0	
22	6.25	-2.5	
22	10	-2.5	
22	13.75	-2.5	
22	18.75	-2.5	
22	35	-7.5	
22	42.5	-10	
22	60	-15	
22	71.25	-17.5	
22	92.5	-22.5	
22	118.75	-28.75	
22	146.25	-32.5	
22	162.5	-32.5	
22	177.5	-32.5	
22	195	-30	
22	245	-25	
22	261.25	-22.5	
22	276.25	-21.25	
22	305	-18.75	
22	331.25	-17.5	
22	342.5	-17.5	
22	342.5	-17.5	
22	342.5	-17.5	
22	342.5	-17.5	
22	342.5	-17.5	
22	342.5	-17.5	
22	342.5	-17.5	
22	342.5	-17.5	
22	342.5	-17.5	
22	342.5	-17.5	
22	342.5	-17.5	
22	342.5	-17.5	
22	342.5	-17.5	
22	342.5	-17.5	
22	342.5	-17.5	
22	342.5	-17.5	
22	342.5	-17.5	
22	342.5	-17.5	
22	342.5	-17.5	
22	342.5	-17.5	
22	342.5	-17.5	
22	342.5	-17.5	
22	342.5	-17.5	
22	342.5	-17.5	
22	342.5	-17.5	
22	342.5	-17.5	
22	342.5	-17.5	
22	342.5	-17.5	
22	342.5	-17.5	
22	342.5	-17.5	
22	342.5	-17.5	
22	342.5	-17.5	
22	342.5	-17.5	
22	342.5	-17.5	
23	0	0	
23	0	0	
23	0	0	
23	0	0	
23	0	0	
23	0	0	
23	0	0	
23	0	0	
23	0	0	
23	0	0	
23	0	0	
23	0	0	
23	0	0	
23	0	0	
23	0	0	
23	0	0	
23	0	0	
23	0	0	
23	0	0	
23	1.25	0	
23	7.5	-1.25	
23	12.5	-1.25	
23	22.5	-1.25	
23	28.75	-1.25	
23	36.25	-1.25	
23	63.75	-1.25	
23	75	-1.25	
23	85	-1.25	
23	106.25	-1.25	
23	117.5	-1.25	
23	157.5	0	
23	170	0	
23	198.75	0	
23	212.5	0	
23	226.25	0	
23	265	-3.75	
23	277.5	-3.75	
23	288.75	-3.75	
23	311.25	-5	
23	322.5	-5	
23	342.5	-7.5	
23	342.5	-7.5	
23	342.5	-7.5	
23	342.5	-7.5	
23	342.5	-7.5	
23	342.5	-7.5	
23	342.5	-7.5	
23	342.5	-7.5	
23	342.5	-7.5	
23	342.5	-7.5	
23	342.5	-7.5	
23	342.5	-7.5	
23	342.5	-7.5	
23	342.5	-7.5	
23	342.5	-7.5	
23	342.5	-7.5	
23	342.5	-7.5	
23	342.5	-7.5	
23	342.5	-7.5	
23	342.5	-7.5	
23	342.5	-7.5	
23	342.5	-7.5	
23	342.5	-7.5	
23	342.5	-7.5	
23	342.5	-7.5	
23	342.5	-7.5	
23	342.5	-7.5	
23	342.5	-7.5	
23	342.5	-7.5	
23	342.5	-7.5	
23	342.5	-7.5	
23	342.5	-7.5	
23	342.5	-7.5	
23	342.5	-7.5	
24	0	0	
24	0	0	
24	0	0	
24	0	0	
24	0	0	
24	0	0	
24	0	0	
24	0	0	
24	0	0	
24	0	0	
24	0	0	
24	0	0	
24	0	0	
24	0	0	
24	0	0	
24	0	0	
24	0	0	
24	0	0	
24	0	0	
24	0	0	
24	0	0	
24	0	0	
24	0	0	
24	1.25	0	
24	5	0	
24	17.5	-1.25	
24	25	-1.25	
24	32.5	-1.25	
24	50	-1.25	
24	57.5	-3.75	
24	86.25	-3.75	
24	97.5	-3.75	
24	108.75	-3.75	
24	122.5	-3.75	
24	148.75	-1.25	
24	192.5	3.75	
24	207.5	3.75	
24	222.5	3.75	
24	251.25	6.25	
24	265	6.25	
24	290	6.25	
24	313.75	6.25	
24	323.75	6.25	
24	333.75	3.75	
24	333.75	3.75	
24	333.75	3.75	
24	333.75	3.75	
24	333.75	3.75	
24	333.75	3.75	
24	333.75	3.75	
24	333.75	3.75	
24	333.75	3.75	
24	333.75	3.75	
24	333.75	3.75	
24	333.75	3.75	
24	333.75	3.75	
24	333.75	3.75	
24	333.75	3.75	
24	333.75	3.75	
24	333.75	3.75	
24	333.75	3.75	
24	333.75	3.75	
24	333.75	3.75	
24	333.75	3.75	
24	333.75	3.75	
24	333.75	3.75	
24	333.75	3.75	
24	333.75	3.75	
24	333.75	3.75	
24	333.75	3.75	
24	333.75	3.75	
24	333.75	3.75	
24	333.75	3.75	
24	333.75	3.75	
25	0	0	
25	0	0	
25	0	0	
25	0	0	
25	0	0	
25	0	0	
25	0	0	
25	0	0	
25	0	0	
25	0	0	
25	0	0	
25	0	0	
25	0	0	
25	0	0	
25	0	0	
25	0	0	
25	0	0	
25	0	0	
25	0	0	
25	0	0	
25	0	0	
25	0	0	
25	2.5	0	
25	3.75	0	
25	8.75	0	
25	15	-1.25	
25	20	-1.25	
25	26.25	-1.25	
25	41.25	-5	
25	73.75	-5	
25	86.25	-5	
25	100	-5	
25	126.25	-5	
25	140	-5	
25	155	-5	
25	206.25	0	
25	225	2.5	
25	243.75	3.75	
25	275	10	
25	291.25	11.25	
25	337.5	17.5	
25	348.75	18.75	
25	348.75	18.75	
25	348.75	18.75	
25	348.75	18.75	
25	348.75	18.75	
25	348.75	18.75	
25	348.75	18.75	
25	348.75	18.75	
25	348.75	18.75	
25	348.75	18.75	
25	348.75	18.75	
25	348.75	18.75	
25	348.75	18.75	
25	348.75	18.75	
25	348.75	18.75	
25	348.75	18.75	
25	348.75	18.75	
25	348.75	18.75	
25	348.75	18.75	
25	348.75	18.75	
25	348.75	18.75	
25	348.75	18.75	
25	348.75	18.75	
25	348.75	18.75	
25	348.75	18.75	
25	348.75	18.75	
25	348.75	18.75	
25	348.75	18.75	
25	348.75	18.75	
25	348.75	18.75	
25	348.75	18.75	
25	348.75	18.75	
25	348.75	18.75	
26	0	0	
26	0	0	
26	0	0	
26	0	0	
26	0	0	
26	0	0	
26	0	0	
26	0	0	
26	0	0	
26	0	0	
26	0	0	
26	0	0	
26	0	0	
26	0	0	
26	0	0	
26	0	0	
26	0	0	
26	0	0	
26	0	0	
26	0	0	
26	0	0	
26	0	0	
26	0	0	
26	0	0	
26	0	0	
26	0	0	
26	0	0	
26	0	0	
26	3.75	0	
26	7.5	0	
26	18.75	1.25	
26	36.25	3.75	
26	55	5	
26	65	5	
26	76.25	5	
26	108.75	5	
26	121.25	3.75	
26	133.75	3.75	
26	161.25	1.25	
26	175	1.25	
26	217.5	0	
26	231.25	-2.5	
26	260	-2.5	
26	275	-2.5	
26	288.75	-2.5	
26	327.5	1.25	
26	337.5	1.25	
26	345	1.25	
26	345	1.25	
26	345	1.25	
26	345	1.25	
26	345	1.25	
26	345	1.25	
26	345	1.25	
26	345	1.25	
26	345	1.25	
26	345	1.25	
26	345	1.25	
26	345	1.25	
26	345	1.25	
26	345	1.25	
26	345	1.25	
26	345	1.25	
26	345	1.25	
26	345	1.25	
26	345	1.25	
26	345	1.25	
26	345	1.25	
26	345	1.25	
26	345	1.25	
26	345	1.25	
26	345	1.25	
26	345	1.25	
26	345	1.25	
27	0	0	
27	0	0	
27	0	0	
27	0	0	
27	0	0	
27	0	0	
27	0	0	
27	0	0	
27	0	0	
27	0	0	
27	0	0	
27	0	0	
27	0	0	
27	0	0	
27	0	0	
27	0	0	
27	0	0	
27	0	0	
27	0	0	
27	0	0	
27	0	0	
27	0	0	
27	0	0	
27	0	0	
27	0	0	
27	-11.25	7.5	
27	-17.5	10	
27	-25	11.25	
27	-33.75	15	
27	-53.75	18.75	
27	-77.5	21.25	
27	-108.75	22.5	
27	-126.25	22.5	
27	-143.75	22.5	
27	-161.25	21.25	
27	-228.75	15	
27	-245	13.75	
27	-262.5	11.25	
27	-277.5	10	
27	-307.5	7.5	
27	-332.5	6.25	
27	-342.5	3.75	
27	-342.5	3.75	
27	-342.5	3.75	
27	-342.5	3.75	
27	-342.5	3.75	
27	-342.5	3.75	
27	-342.5	3.75	
27	-342.5	3.75	
27	-342.5	3.75	
27	-342.5	3.75	
27	-342.5	3.75	
27	-342.5	3.75	
27	-342.5	3.75	
27	-342.5	3.75	
27	-341.25	0	
27	-320	0	
27	-297.5	0	
27	-272.5	-1.25	
27	-250	-3.75	
27	-207.5	-8.75	
27	-167.5	-15	
27	-146.25	-16.25	
27	-127.5	-18.75	
27	-88.75	-20	
27	-41.25	-20	
27	-31.25	-20	
27	-22.5	-20	
27	-12.5	-20	
27	-10	-20	
27	-5	-20	
27	-3.75	-20	
27	-2.5	-20	
27	-1.25	-20	
28	0	0	
28	0	0	
28	0	0	
28	0	0	
28	0	0	
28	0	0	
28	0	0	
28	0	0	
28	0	0	
28	0	0	
28	0	0	
28	0	0	
28	0	0	
28	0	0	
28	0	0	
28	0	0	
28	0	0	
28	0	0	
28	0	0	
28	0	0	
28	0	0	
28	0	0	
28	0	0	
28	0	0	
28	1.25	2.5	
28	7.5	3.75	
28	18.75	7.5	
28	26.25	10	
28	43.75	15	
28	53.75	15	
28	85	21.25	
28	97.5	21.25	
28	111.25	22.5	
28	138.75	22.5	
28	153.75	22.5	
28	186.25	26.25	
28	220	30	
28	237.5	33.75	
28	271.25	40	
28	287.5	43.75	
28	318.75	52.5	
28	343.75	60	
28	343.75	60	
28	343.75	60	
28	343.75	60	
28	343.75	60	
28	343.75	60	
28	343.75	60	
28	343.75	60	
28	343.75	60	
28	343.75	60	
28	343.75	60	
28	343.75	60	
28	343.75	60	
28	343.75	60	
28	343.75	60	
28	343.75	60	
28	343.75	60	
28	343.75	60	
28	343.75	60	
28	343.75	60	
28	343.75	60	
28	343.75	60	
28	343.75	60	
28	343.75	60	
28	343.75	60	
28	343.75	60	
28	343.75	60	
28	343.75	60	
28	343.75	60	
28	343.75	60	
28	343.75	60	
28	343.75	60	
28	343.75	60	
29	0	0	
29	0	0	
29	0	0	
29	0	0	
29	0	0	
29	0	0	
29	0	0	
29	0	0	
29	0	0	
29	0	0	
29	0	0	
29	0	0	
29	0	0	
29	0	0	
29	0	0	
29	0	0	
29	0	0	
29	0	0	
29	1.25	0	
29	2.5	0	
29	5	3.75	
29	10	3.75	
29	12.5	3.75	
29	16.25	6.25	
29	23.75	6.25	
29	35	7.5	
29	48.75	7.5	
29	55	10	
29	62.5	10	
29	71.25	10	
29	100	11.25	
29	122.5	15	
29	135	15	
29	148.75	17.5	
29	173.75	18.75	
29	200	21.25	
29	213.75	21.25	
29	241.25	22.5	
29	256.25	22.5	
29	268.75	22.5	
29	305	18.75	
29	326.25	17.5	
29	337.5	15	
29	347.5	15	
29	347.5	15	
29	347.5	15	
29	347.5	15	
29	347.5	15	
29	347.5	15	
29	347.5	15	
29	347.5	15	
29	347.5	15	
29	347.5	15	
29	347.5	15	
29	347.5	15	
29	347.5	15	
29	347.5	15	
29	347.5	15	
29	347.5	15	
29	347.5	15	
29	347.5	15	
29	347.5	15	
29	347.5	15	
29	347.5	15	
29	347.5	15	
29	347.5	15	
29	347.5	15	
29	347.5	15	
29	347.5	15	
29	347.5	15	
29	347.5	15	
29	347.5	15	
29	347.5	15	
29	347.5	15	
30	0	0	
30	0	0	
30	0	0	
30	0	0	
30	0	0	
30	0	0	
30	0	0	
30	0	0	
30	0	0	
30	0	0	
30	0	0	
30	0	0	
30	0	0	
30	0	0	
30	0	0	
30	0	0	
30	0	0	
30	0	0	
30	0	0	
30	0	0	
30	0	0	
30	0	0	
30	0	0	
30	2.5	0	
30	5	2.5	
30	21.25	7.5	
30	30	10	
30	47.5	13.75	
30	56.25	15	
30	65	17.5	
30	92.5	18.75	
30	102.5	18.75	
30	113.75	18.75	
30	137.5	18.75	
30	151.25	18.75	
30	195	15	
30	210	13.75	
30	241.25	10	
30	256.25	7.5	
30	272.5	7.5	
30	313.75	3.75	
30	327.5	0	
30	338.75	-1.25	
30	338.75	-1.25	
30	338.75	-1.25	
30	338.75	-1.25	
30	338.75	-1.25	
30	338.75	-1.25	
30	338.75	-1.25	
30	338.75	-1.25	
30	338.75	-1.25	
30	338.75	-1.25	
30	338.75	-1.25	
30	338.75	-1.25	
30	338.75	-1.25	
30	338.75	-1.25	
30	338.75	-1.25	
30	338.75	-1.25	
30	338.75	-1.25	
30	338.75	-1.25	
30	338.75	-1.25	
30	338.75	-1.25	
30	338.75	-1.25	
30	338.75	-1.25	
30	338.75	-1.25	
30	338.75	-1.25	
30	338.75	-1.25	
30	338.75	-1.25	
30	338.75	-1.25	
30	338.75	-1.25	
30	338.75	-1.25	
30	338.75	-1.25	
30	338.75	-1.25	
30	338.75	-1.25	
31	0	0	
31	0	0	
31	0	0	
31	0	0	
31	0	0	
31	0	0	
31	0	0	
31	0	0	
31	0	0	
31	0	0	
31	0	0	
31	0	0	
31	0	0	
31	0	0	
31	0	0	
31	0	0	
31	0	0	
31	0	0	
31	0	0	
31	0	0	
31	5	0	
31	7.5	0	
31	11.25	0	
31	15	0	
31	25	-2.5	
31	38.75	-6.25	
31	46.25	-6.25	
31	62.5	-10	
31	81.25	-13.75	
31	91.25	-13.75	
31	112.5	-17.5	
31	136.25	-18.75	
31	150	-18.75	
31	162.5	-21.25	
31	190	-21.25	
31	217.5	-25	
31	231.25	-25	
31	257.5	-28.75	
31	282.5	-32.5	
31	293.75	-33.75	
31	316.25	-37.5	
31	332.5	-40	
31	338.75	-41.25	
31	342.5	-43.75	
31	342.5	-43.75	
31	342.5	-43.75	
31	342.5	-43.75	
31	342.5	-43.75	
31	342.5	-43.75	
31	342.5	-43.75	
31	342.5	-43.75	
31	342.5	-43.75	
31	342.5	-43.75	
31	342.5	-43.75	
31	342.5	-43.75	
31	342.5	-43.75	
31	342.5	-43.75	
31	342.5	-43.75	
31	342.5	-43.75	
31	342.5	-43.75	
31	342.5	-43.75	
31	342.5	-43.75	
31	342.5	-43.75	
31	342.5	-43.75	
31	342.5	-43.75	
31	342.5	-43.75	
31	342.5	-43.75	
31	342.5	-43.75	
31	342.5	-43.75	
31	342.5	-43.75	
31	342.5	-43.75	
31	342.5	-43.75	
31	342.5	-43.75	
31	342.5	-43.75	
32	0	0	
32	0	0	
32	0	0	
32	0	0	
32	0	0	
32	0	0	
32	0	0	
32	0	0	
32	0	0	
32	0	0	
32	0	0	
32	0	0	
32	0	0	
32	0	0	
32	0	0	
32	0	0	
32	0	0	
32	0	0	
32	0	0	
32	0	0	
32	0	0	
32	0	0	
32	0	0	
32	2.5	1.25	
32	6.25	1.25	
32	13.75	5	
32	22.5	5	
32	28.75	5	
32	35	5	
32	41.25	5	
32	65	0	
32	83.75	-6.25	
32	93.75	-6.25	
32	105	-10	
32	128.75	-13.75	
32	153.75	-15	
32	167.5	-17.5	
32	193.75	-17.5	
32	207.5	-17.5	
32	220	-17.5	
32	256.25	-15	
32	278.75	-13.75	
32	288.75	-13.75	
32	297.5	-13.75	
32	313.75	-13.75	
32	325	-13.75	
32	328.75	-13.75	
32	333.75	-13.75	
32	335	-13.75	
32	336.25	-13.75	
32	337.5	-13.75	
32	337.5	-13.75	
32	337.5	-13.75	
32	337.5	-13.75	
32	337.5	-13.75	
32	337.5	-13.75	
32	337.5	-13.75	
32	337.5	-13.75	
32	337.5	-13.75	
32	337.5	-13.75	
32	337.5	-13.75	
32	337.5	-13.75	
32	337.5	-13.75	
32	337.5	-13.75	
32	337.5	-13.75	
32	337.5	-13.75	
32	337.5	-13.75	
32	337.5	-13.75	
32	337.5	-13.75	
32	337.5	-13.75	
32	337.5	-13.75	
32	337.5	-13.75	
32	337.5	-13.75	
32	337.5	-13.75	
33	0	0	
33	0	0	
33	0	0	
33	0	0	
33	0	0	
33	0	0	
33	0	0	
33	0	0	
33	1.25	0	
33	2.5	0	
33	5	-1.25	
33	8.75	-3.75	
33	11.25	-5	
33	13.75	-7.5	
33	18.75	-8.75	
33	22.5	-11.25	
33	22.5	-11.25	
33	23.75	-11.25	
33	25	-11.25	
33	25	-11.25	
33	27.5	-11.25	
33	32.5	-11.25	
33	36.25	-11.25	
33	41.25	-11.25	
33	53.75	-11.25	
33	83.75	-8.75	
33	95	-8.75	
33	105	-7.5	
33	116.25	-7.5	
33	138.75	-8.75	
33	166.25	-11.25	
33	195	-11.25	
33	195	-11.25	
33	215	-11.25	
33	248.75	-12.5	
33	296.25	-16.25	
33	311.25	-18.75	
33	323.75	-20	
33	336.25	-22.5	
33	336.25	-22.5	
33	336.25	-22.5	
33	336.25	-22.5	
33	336.25	-22.5	
33	336.25	-22.5	
33	336.25	-22.5	
33	336.25	-22.5	
33	336.25	-22.5	
33	336.25	-22.5	
33	336.25	-22.5	
33	336.25	-22.5	
33	336.25	-22.5	
33	336.25	-22.5	
33	336.25	-22.5	
33	336.25	-22.5	
33	336.25	-22.5	
33	336.25	-22.5	
33	336.25	-22.5	
33	336.25	-22.5	
33	336.25	-22.5	
33	336.25	-22.5	
33	336.25	-22.5	
33	336.25	-22.5	
33	336.25	-22.5	
33	336.25	-22.5	
33	336.25	-22.5	
33	336.25	-22.5	
33	336.25	-22.5	
33	336.25	-22.5	
33	336.25	-22.5	
33	336.25	-22.5	
33	336.25	-22.5	
33	336.25	-22.5	
33	336.25	-22.5	
33	336.25	-22.5	
34	0	0	
34	0	0	
34	0	0	
34	0	0	
34	0	0	
34	0	0	
34	0	0	
34	0	0	
34	0	0	
34	0	0	
34	0	0	
34	0	0	
34	0	0	
34	0	0	
34	0	0	
34	0	0	
34	0	0	
34	0	0	
34	0	0	
34	0	0	
34	0	0	
34	0	0	
34	0	0	
34	0	0	
34	0	0	
34	3.75	0	
34	3.75	0	
34	7.5	2.5	
34	7.5	2.5	
34	8.75	2.5	
34	15	2.5	
34	17.5	2.5	
34	20	2.5	
34	26.25	2.5	
34	30	2.5	
34	41.25	0	
34	45	0	
34	55	-1.25	
34	61.25	-3.75	
34	67.5	-3.75	
34	88.75	-5	
34	97.5	-7.5	
34	106.25	-7.5	
34	125	-7.5	
34	136.25	-7.5	
34	168.75	-7.5	
34	180	-7.5	
34	203.75	-7.5	
34	216.25	-7.5	
34	228.75	-7.5	
34	263.75	-7.5	
34	275	-7.5	
34	286.25	-7.5	
34	307.5	-7.5	
34	318.75	-7.5	
34	340	-7.5	
34	342.5	-7.5	
34	347.5	-8.75	
34	348.75	-8.75	
34	348.75	-8.75	
34	348.75	-8.75	
34	348.75	-8.75	
34	348.75	-8.75	
34	348.75	-8.75	
34	348.75	-8.75	
34	348.75	-8.75	
34	348.75	-8.75	
34	348.75	-8.75	
34	348.75	-8.75	
34	348.75	-8.75	
34	348.75	-8.75	
34	348.75	-8.75	
34	348.75	-8.75	
34	348.75	-8.75	
35	0	0	
35	0	0	
35	0	0	
35	0	0	
35	0	0	
35	0	0	
35	0	0	
35	0	0	
35	0	0	
35	0	0	
35	0	0	
35	0	0	
35	0	0	
35	0	0	
35	0	0	
35	0	0	
35	0	0	
35	0	0	
35	0	0	
35	0	0	
35	1.25	0	
35	2.5	0	
35	8.75	0	
35	12.5	0	
35	17.5	0	
35	36.25	0	
35	45	0	
35	52.5	-1.25	
35	61.25	-3.75	
35	78.75	-5	
35	110	-11.25	
35	121.25	-12.5	
35	131.25	-15	
35	152.5	-18.75	
35	163.75	-20	
35	195	-26.25	
35	205	-26.25	
35	213.75	-27.5	
35	222.5	-30	
35	238.75	-30	
35	260	-31.25	
35	266.25	-31.25	
35	272.5	-33.75	
35	283.75	-33.75	
35	288.75	-33.75	
35	296.25	-33.75	
35	297.5	-33.75	
35	298.75	-33.75	
35	298.75	-33.75	
35	300	-33.75	
35	300	-33.75	
35	300	-33.75	
35	300	-33.75	
35	301.25	-33.75	
35	301.25	-33.75	
35	301.25	-33.75	
35	301.25	-33.75	
35	301.25	-33.75	
35	301.25	-33.75	
35	301.25	-33.75	
35	301.25	-33.75	
35	301.25	-33.75	
35	301.25	-33.75	
35	301.25	-33.75	
35	301.25	-33.75	
35	301.25	-33.75	
35	301.25	-33.75	
35	301.25	-33.75	
35	301.25	-33.75	
35	301.25	-33.75	
35	301.25	-33.75	
35	301.25	-33.75	
35	301.25	-33.75	
35	301.25	-33.75	
36	0	0	
36	0	0	
36	0	0	
36	0	0	
36	0	0	
36	0	0	
36	0	0	
36	0	0	
36	0	0	
36	0	0	
36	0	0	
36	0	0	
36	0	0	
36	0	0	
36	0	0	
36	0	0	
36	0	0	
36	0	0	
36	0	0	
36	0	0	
36	0	0	
36	0	0	
36	0	0	
36	0	0	
36	0	0	
36	2.5	0	
36	5	0	
36	10	0	
36	15	0	
36	18.75	0	
36	33.75	-3.75	
36	40	-3.75	
36	47.5	-3.75	
36	55	-3.75	
36	71.25	-5	
36	96.25	-7.5	
36	105	-8.75	
36	113.75	-8.75	
36	123.75	-11.25	
36	143.75	-11.25	
36	163.75	-11.25	
36	186.25	-11.25	
36	197.5	-11.25	
36	207.5	-8.75	
36	228.75	-7.5	
36	258.75	-3.75	
36	268.75	-1.25	
36	278.75	0	
36	288.75	0	
36	301.25	2.5	
36	307.5	3.75	
36	311.25	3.75	
36	312.5	3.75	
36	313.75	3.75	
36	313.75	3.75	
36	315	3.75	
36	315	2.5	
36	315	2.5	
36	315	2.5	
36	316.25	2.5	
36	316.25	2.5	
36	316.25	2.5	
36	316.25	2.5	
36	316.25	2.5	
36	316.25	2.5	
36	316.25	2.5	
36	316.25	2.5	
36	316.25	2.5	
36	316.25	2.5	
36	316.25	2.5	
36	316.25	2.5	
36	316.25	2.5	
36	316.25	2.5	
36	316.25	2.5	
37	0	0	
37	1.25	0	
37	1.25	0	
37	1.25	0	
37	1.25	0	
37	1.25	0	
37	1.25	0	
37	1.25	0	
37	1.25	0	
37	1.25	0	
37	1.25	0	
37	1.25	0	
37	1.25	0	
37	1.25	0	
37	1.25	0	
37	1.25	0	
37	1.25	0	
37	1.25	0	
37	1.25	0	
37	1.25	0	
37	1.25	0	
37	1.25	0	
37	2.5	0	
37	5	0	
37	7.5	0	
37	20	-1.25	
37	25	-1.25	
37	37.5	-3.75	
37	45	-3.75	
37	60	-7.5	
37	77.5	-11.25	
37	87.5	-12.5	
37	108.75	-15	
37	120	-16.25	
37	130	-18.75	
37	163.75	-20	
37	176.25	-22.5	
37	202.5	-22.5	
37	216.25	-22.5	
37	245	-20	
37	273.75	-20	
37	286.25	-18.75	
37	312.5	-18.75	
37	325	-18.75	
37	333.75	-18.75	
37	348.75	-18.75	
37	348.75	-18.75	
37	348.75	-18.75	
37	348.75	-18.75	
37	348.75	-18.75	
37	348.75	-18.75	
37	348.75	-18.75	
37	348.75	-18.75	
37	348.75	-18.75	
37	348.75	-18.75	
37	348.75	-18.75	
37	348.75	-18.75	
37	348.75	-18.75	
37	348.75	-18.75	
37	348.75	-18.75	
37	348.75	-18.75	
37	348.75	-18.75	
37	348.75	-18.75	
37	348.75	-18.75	
37	348.75	-18.75	
37	348.75	-18.75	
37	348.75	-18.75	
37	348.75	-18.75	
37	348.75	-18.75	
37	348.75	-18.75	
37	348.75	-18.75	
37	348.75	-18.75	
37	348.75	-18.75	
37	348.75	-18.75	
38	0	0	
38	0	0	
38	0	0	
38	0	0	
38	0	0	
38	0	0	
38	0	0	
38	0	0	
38	0	0	
38	0	0	
38	0	0	
38	0	0	
38	0	0	
38	0	0	
38	0	0	
38	0	0	
38	0	0	
38	0	0	
38	0	0	
38	0	0	
38	0	0	
38	0	0	
38	0	0	
38	0	0	
38	0	0	
38	0	0	
38	2.5	0	
38	5	0	
38	8.75	0	
38	16.25	0	
38	32.5	-1.25	
38	38.75	-3.75	
38	46.25	-3.75	
38	62.5	-5	
38	72.5	-5	
38	92.5	-7.5	
38	113.75	-7.5	
38	126.25	-7.5	
38	138.75	-7.5	
38	153.75	-7.5	
38	200	-3.75	
38	230	-1.25	
38	246.25	0	
38	260	0	
38	273.75	0	
38	310	3.75	
38	316.25	3.75	
38	321.25	3.75	
38	327.5	2.5	
38	330	2.5	
38	332.5	2.5	
38	335	2.5	
38	335	0	
38	335	0	
38	335	0	
38	336.25	0	
38	336.25	0	
38	336.25	0	
38	336.25	0	
38	336.25	0	
38	336.25	0	
38	336.25	0	
38	336.25	0	
38	336.25	0	
38	336.25	0	
38	336.25	0	
38	336.25	0	
38	337.5	0	
38	337.5	-1.25	
38	337.5	-1.25	
38	337.5	-1.25	
38	337.5	-1.25	
38	337.5	-1.25	
38	337.5	-1.25	
39	0	0	
39	0	0	
39	0	0	
39	0	0	
39	0	0	
39	0	0	
39	0	0	
39	0	0	
39	0	0	
39	0	0	
39	0	0	
39	0	0	
39	0	0	
39	0	0	
39	0	0	
39	0	0	
39	0	0	
39	0	0	
39	0	0	
39	0	0	
39	0	0	
39	0	0	
39	0	0	
39	0	0	
39	0	0	
39	0	0	
39	0	0	
39	0	0	
39	0	0	
39	0	0	
39	1.25	0	
39	2.5	0	
39	3.75	0	
39	7.5	2.5	
39	11.25	3.75	
39	20	3.75	
39	25	3.75	
39	36.25	3.75	
39	42.5	6.25	
39	48.75	6.25	
39	71.25	7.5	
39	78.75	10	
39	86.25	11.25	
39	93.75	11.25	
39	107.5	11.25	
39	128.75	11.25	
39	135	11.25	
39	147.5	11.25	
39	153.75	10	
39	160	7.5	
39	180	6.25	
39	187.5	3.75	
39	195	3.75	
39	210	0	
39	216.25	0	
39	237.5	-3.75	
39	243.75	-3.75	
39	250	-3.75	
39	262.5	-5	
39	268.75	-5	
39	286.25	-5	
39	292.5	-7.5	
39	297.5	-7.5	
39	308.75	-7.5	
39	312.5	-7.5	
39	322.5	-7.5	
39	328.75	-7.5	
39	331.25	-7.5	
39	332.5	-7.5	
39	332.5	-7.5	
39	332.5	-7.5	
39	332.5	-7.5	
39	332.5	-7.5	
39	332.5	-7.5	
40	0	0	
40	0	0	
40	0	0	
40	0	0	
40	0	0	
40	0	0	
40	0	0	
40	0	0	
40	0	0	
40	0	0	
40	0	0	
40	0	0	
40	0	0	
40	0	0	
40	0	0	
40	0	0	
40	0	0	
40	0	0	
40	0	0	
40	0	0	
40	0	0	
40	0	0	
40	0	0	
40	0	0	
40	0	0	
40	0	0	
40	0	0	
40	0	0	
40	1.25	0	
40	2.5	0	
40	12.5	1.25	
40	16.25	1.25	
40	25	5	
40	30	5	
40	35	5	
40	53.75	8.75	
40	68.75	8.75	
40	76.25	8.75	
40	83.75	8.75	
40	92.5	11.25	
40	117.5	12.5	
40	127.5	12.5	
40	146.25	12.5	
40	156.25	15	
40	166.25	15	
40	197.5	15	
40	217.5	15	
40	227.5	15	
40	237.5	12.5	
40	246.25	12.5	
40	272.5	12.5	
40	280	12.5	
40	296.25	11.25	
40	301.25	11.25	
40	305	11.25	
40	312.5	8.75	
40	313.75	8.75	
40	315	8.75	
40	315	8.75	
40	315	8.75	
40	316.25	8.75	
40	316.25	8.75	
40	316.25	8.75	
40	316.25	8.75	
40	316.25	8.75	
40	316.25	8.75	
40	316.25	8.75	
40	316.25	8.75	
40	316.25	8.75	
40	316.25	8.75	
40	316.25	8.75	
40	316.25	8.75	
40	316.25	8.75	
40	316.25	8.75	
41	0	0	
41	0	0	
41	0	0	
41	0	0	
41	0	0	
41	0	0	
41	0	0	
41	0	0	
41	0	0	
41	0	0	
41	0	0	
41	0	0	
41	0	0	
41	0	0	
41	0	0	
41	0	0	
41	0	0	
41	0	0	
41	0	0	
41	0	0	
41	0	0	
41	0	0	
41	0	0	
41	0	0	
41	0	0	
41	0	0	
41	0	0	
41	0	0	
41	0	0	
41	0	0	
41	3.75	0	
41	6.25	-1.25	
41	13.75	-3.75	
41	18.75	-3.75	
41	23.75	-7.5	
41	41.25	-11.25	
41	48.75	-12.5	
41	55	-15	
41	71.25	-18.75	
41	78.75	-18.75	
41	105	-22.5	
41	113.75	-22.5	
41	130	-22.5	
41	138.75	-22.5	
41	146.25	-22.5	
41	168.75	-20	
41	176.25	-18.75	
41	183.75	-18.75	
41	190	-18.75	
41	202.5	-16.25	
41	220	-12.5	
41	225	-11.25	
41	230	-11.25	
41	238.75	-8.75	
41	243.75	-7.5	
41	253.75	-5	
41	256.25	-5	
41	258.75	-3.75	
41	260	-3.75	
41	262.5	-3.75	
41	265	-3.75	
41	265	-3.75	
41	265	-3.75	
41	265	-3.75	
41	266.25	-3.75	
41	266.25	-3.75	
41	266.25	-3.75	
41	266.25	-3.75	
41	266.25	-3.75	
41	266.25	-3.75	
41	266.25	-3.75	
41	267.5	-3.75	
41	267.5	-3.75	
41	267.5	-3.75	
42	0	0	
42	0	0	
42	0	0	
42	0	0	
42	0	0	
42	0	0	
42	0	0	
42	0	0	
42	0	0	
42	0	0	
42	0	0	
42	0	0	
42	0	0	
42	0	0	
42	0	0	
42	0	0	
42	0	0	
42	0	0	
42	0	0	
42	0	0	
42	0	0	
42	0	0	
42	0	0	
42	0	0	
42	0	0	
42	1.25	-1.25	
42	6.25	-1.25	
42	10	-1.25	
42	13.75	-3.75	
42	26.25	-3.75	
42	40	-3.75	
42	46.25	-3.75	
42	60	-5	
42	75	-7.5	
42	83.75	-7.5	
42	103.75	-7.5	
42	123.75	-5	
42	133.75	-5	
42	143.75	-3.75	
42	153.75	-3.75	
42	185	-1.25	
42	197.5	0	
42	221.25	3.75	
42	247.5	7.5	
42	258.75	10	
42	285	15	
42	308.75	18.75	
42	320	18.75	
42	330	18.75	
42	338.75	21.25	
42	338.75	21.25	
42	338.75	21.25	
42	338.75	21.25	
42	338.75	21.25	
42	338.75	21.25	
42	338.75	21.25	
42	338.75	21.25	
42	338.75	21.25	
42	338.75	21.25	
42	338.75	21.25	
42	338.75	21.25	
42	338.75	21.25	
42	338.75	21.25	
42	338.75	21.25	
42	338.75	21.25	
42	338.75	21.25	
42	338.75	21.25	
42	338.75	21.25	
42	338.75	21.25	
42	338.75	21.25	
42	338.75	21.25	
42	338.75	21.25	
42	338.75	21.25	
42	338.75	21.25	
43	0	0	
43	0	0	
43	0	0	
43	0	0	
43	0	0	
43	0	0	
43	0	0	
43	0	0	
43	0	0	
43	0	0	
43	0	0	
43	0	0	
43	0	0	
43	0	0	
43	0	0	
43	0	0	
43	0	0	
43	0	0	
43	0	0	
43	0	0	
43	0	0	
43	0	0	
43	0	0	
43	0	0	
43	0	0	
43	0	0	
43	1.25	0	
43	3.75	2.5	
43	7.5	3.75	
43	17.5	6.25	
43	31.25	10	
43	45	11.25	
43	52.5	11.25	
43	60	11.25	
43	67.5	11.25	
43	97.5	10	
43	117.5	7.5	
43	128.75	7.5	
43	140	7.5	
43	165	7.5	
43	190	6.25	
43	217.5	6.25	
43	231.25	6.25	
43	243.75	6.25	
43	256.25	6.25	
43	291.25	3.75	
43	313.75	3.75	
43	322.5	3.75	
43	328.75	2.5	
43	336.25	2.5	
43	341.25	2.5	
43	342.5	0	
43	343.75	0	
43	345	0	
43	345	0	
43	346.25	0	
43	346.25	0	
43	346.25	0	
43	346.25	0	
43	346.25	0	
43	346.25	0	
43	346.25	0	
43	346.25	0	
43	346.25	0	
43	346.25	0	
43	346.25	0	
43	346.25	0	
43	346.25	0	
43	346.25	0	
43	346.25	0	
43	346.25	0	
43	346.25	0	
43	346.25	0	
43	346.25	0	
44	0	0	
44	0	0	
44	0	0	
44	0	0	
44	0	0	
44	0	0	
44	0	0	
44	0	0	
44	0	0	
44	0	0	
44	0	0	
44	0	0	
44	0	0	
44	0	0	
44	0	0	
44	0	0	
44	0	0	
44	0	0	
44	0	0	
44	0	0	
44	0	0	
44	0	0	
44	0	0	
44	0	0	
44	0	0	
44	0	0	
44	0	0	
44	0	0	
44	0	0	
44	0	0	
44	0	0	
44	0	0	
44	1.25	0	
44	2.5	0	
44	5	0	
44	15	0	
44	18.75	-1.25	
44	30	-3.75	
44	36.25	-3.75	
44	43.75	-5	
44	68.75	-7.5	
44	87.5	-11.25	
44	98.75	-11.25	
44	108.75	-11.25	
44	121.25	-11.25	
44	158.75	-11.25	
44	172.5	-11.25	
44	186.25	-8.75	
44	215	-7.5	
44	228.75	-5	
44	268.75	-3.75	
44	288.75	0	
44	295	0	
44	300	0	
44	302.5	0	
44	308.75	0	
44	308.75	0	
44	310	0	
44	311.25	0	
44	312.5	0	
44	312.5	0	
44	312.5	0	
44	312.5	0	
44	312.5	0	
44	312.5	0	
44	312.5	0	
44	312.5	0	
44	312.5	0	
44	312.5	0	
44	312.5	0	
44	312.5	0	
44	312.5	0	
44	312.5	0	
44	312.5	0	
45	0	0	
45	0	0	
45	0	0	
45	0	0	
45	0	0	
45	0	0	
45	0	0	
45	0	0	
45	0	0	
45	0	0	
45	0	0	
45	0	0	
45	0	0	
45	0	0	
45	0	0	
45	-2.5	0	
45	-2.5	0	
45	-5	0	
45	-6.25	0	
45	-6.25	0	
45	-7.5	0	
45	-7.5	0	
45	-7.5	0	
45	-7.5	0	
45	-7.5	0	
45	-7.5	0	
45	-7.5	0	
45	-7.5	0	
45	-7.5	0	
45	-7.5	0	
45	-6.25	0	
45	-5	0	
45	-1.25	2.5	
45	8.75	3.75	
45	15	6.25	
45	32.5	7.5	
45	38.75	7.5	
45	50	6.25	
45	57.5	3.75	
45	66.25	3.75	
45	93.75	0	
45	103.75	0	
45	115	0	
45	138.75	0	
45	152.5	0	
45	193.75	3.75	
45	207.5	6.25	
45	232.5	7.5	
45	245	10	
45	255	10	
45	285	10	
45	293.75	10	
45	301.25	10	
45	315	11.25	
45	321.25	11.25	
45	332.5	11.25	
45	335	11.25	
45	337.5	11.25	
45	338.75	11.25	
45	338.75	11.25	
45	340	11.25	
45	340	11.25	
45	340	11.25	
45	340	11.25	
45	340	11.25	
45	340	11.25	
45	340	11.25	
45	340	11.25	
45	340	11.25	
45	340	11.25	
45	340	11.25	
45	340	11.25	
45	340	11.25	
45	340	11.25	
46	0	0	
46	0	0	
46	0	0	
46	0	0	
46	0	0	
46	0	0	
46	0	0	
46	0	0	
46	0	0	
46	0	0	
46	0	0	
46	0	0	
46	0	0	
46	0	0	
46	0	0	
46	0	0	
46	0	0	
46	0	0	
46	0	0	
46	0	0	
46	0	0	
46	0	0	
46	0	0	
46	0	0	
46	0	0	
46	0	0	
46	0	0	
46	1.25	2.5	
46	3.75	2.5	
46	5	2.5	
46	17.5	3.75	
46	22.5	3.75	
46	27.5	3.75	
46	41.25	6.25	
46	48.75	6.25	
46	63.75	6.25	
46	81.25	7.5	
46	100	7.5	
46	110	10	
46	121.25	11.25	
46	153.75	17.5	
46	166.25	18.75	
46	177.5	21.25	
46	188.75	22.5	
46	211.25	26.25	
46	233.75	30	
46	252.5	30	
46	270	32.5	
46	277.5	32.5	
46	283.75	32.5	
46	301.25	32.5	
46	303.75	32.5	
46	308.75	32.5	
46	312.5	32.5	
46	317.5	32.5	
46	323.75	32.5	
46	325	32.5	
46	326.25	32.5	
46	327.5	32.5	
46	327.5	32.5	
46	330	30	
46	331.25	30	
46	331.25	30	
46	332.5	30	
46	336.25	26.25	
46	341.25	25	
46	342.5	22.5	
46	343.75	22.5	
46	347.5	21.25	
46	347.5	21.25	
46	348.75	18.75	
46	348.75	18.75	
46	348.75	18.75	
46	348.75	18.75	
47	0	0	
47	0	0	
47	0	0	
47	-6.25	3.75	
47	-21.25	11.25	
47	-45	18.75	
47	-58.75	22.5	
47	-75	26.25	
47	-92.5	28.75	
47	-133.75	32.5	
47	-206.25	30	
47	-228.75	30	
47	-251.25	28.75	
47	-270	26.25	
47	-300	26.25	
47	-321.25	26.25	
47	-336.25	25	
47	-341.25	25	
47	-345	25	
47	-347.5	25	
47	-341.25	22.5	
47	-332.5	21.25	
47	-321.25	22.5	
47	-308.75	22.5	
47	-282.5	26.25	
47	-256.25	26.25	
47	-241.25	25	
47	-211.25	21.25	
47	-195	18.75	
47	-177.5	15	
47	-101.25	7.5	
47	-80	6.25	
47	-58.75	3.75	
47	-58.75	3.75	
47	-58.75	3.75	
47	-58.75	3.75	
47	-58.75	3.75	
47	-58.75	3.75	
47	-58.75	3.75	
47	1.25	-3.75	
47	1.25	-3.75	
47	1.25	-3.75	
47	1.25	-3.75	
47	1.25	-3.75	
47	1.25	-3.75	
47	1.25	-3.75	
47	1.25	-3.75	
47	1.25	-3.75	
47	1.25	-3.75	
47	1.25	-3.75	
47	1.25	-3.75	
47	1.25	-3.75	
47	1.25	-3.75	
47	1.25	-3.75	
47	-273.75	15	
47	-252.5	17.5	
47	-237.5	18.75	
47	-217.5	21.25	
47	-196.25	22.5	
47	-155	26.25	
47	-92.5	28.75	
47	-71.25	30	
47	-52.5	30	
47	-27.5	30	
47	-20	30	
47	-10	30	
47	-5	30	
47	-3.75	30	
47	-3.75	30	
47	-3.75	30	
47	-3.75	30	
47	-3.75	30	
47	-3.75	30	
47	-3.75	30	
48	0	0	
48	0	0	
48	0	0	
48	0	0	
48	0	0	
48	0	0	
48	0	0	
48	0	0	
48	0	0	
48	0	0	
48	0	0	
48	0	0	
48	0	0	
48	0	0	
48	0	0	
48	0	0	
48	0	0	
48	0	0	
48	0	0	
48	0	0	
48	0	0	
48	0	0	
48	0	0	
48	0	0	
48	6.25	2.5	
48	15	3.75	
48	21.25	6.25	
48	37.5	7.5	
48	45	10	
48	55	11.25	
48	83.75	13.75	
48	93.75	15	
48	116.25	15	
48	128.75	15	
48	153.75	15	
48	181.25	15	
48	195	15	
48	222.5	13.75	
48	237.5	13.75	
48	251.25	13.75	
48	293.75	11.25	
48	306.25	10	
48	330	7.5	
48	341.25	6.25	
48	341.25	6.25	
48	341.25	6.25	
48	341.25	6.25	
48	341.25	6.25	
48	341.25	6.25	
48	341.25	6.25	
48	341.25	6.25	
48	341.25	6.25	
48	341.25	6.25	
48	341.25	6.25	
48	341.25	6.25	
48	341.25	6.25	
48	341.25	6.25	
48	341.25	6.25	
48	341.25	6.25	
48	341.25	6.25	
48	341.25	6.25	
48	341.25	6.25	
48	341.25	6.25	
48	341.25	6.25	
48	341.25	6.25	
48	341.25	6.25	
48	341.25	6.25	
48	341.25	6.25	
48	341.25	6.25	
48	341.25	6.25	
48	341.25	6.25	
48	341.25	6.25	
48	341.25	6.25	
48	341.25	6.25	
49	0	0	
49	0	0	
49	0	0	
49	0	0	
49	0	0	
49	0	0	
49	0	0	
49	0	0	
49	0	0	
49	0	0	
49	0	0	
49	0	0	
49	0	0	
49	0	0	
49	0	0	
49	0	0	
49	0	0	
49	0	-2.5	
49	0	-2.5	
49	0	0	
49	3.75	0	
49	5	1.25	
49	10	1.25	
49	13.75	1.25	
49	17.5	1.25	
49	32.5	1.25	
49	47.5	1.25	
49	53.75	3.75	
49	62.5	3.75	
49	80	3.75	
49	100	3.75	
49	110	3.75	
49	131.25	3.75	
49	141.25	3.75	
49	151.25	3.75	
49	185	3.75	
49	206.25	5	
49	217.5	5	
49	228.75	5	
49	250	5	
49	270	8.75	
49	280	8.75	
49	297.5	12.5	
49	303.75	12.5	
49	311.25	12.5	
49	327.5	16.25	
49	336.25	16.25	
49	338.75	16.25	
49	341.25	16.25	
49	342.5	16.25	
49	346.25	18.75	
49	346.25	18.75	
49	346.25	18.75	
49	346.25	18.75	
49	346.25	18.75	
49	347.5	18.75	
49	347.5	18.75	
49	347.5	18.75	
49	347.5	18.75	
49	347.5	18.75	
49	347.5	18.75	
49	347.5	18.75	
49	347.5	18.75	
49	347.5	18.75	
49	347.5	18.75	
49	347.5	18.75	
49	347.5	18.75	
49	347.5	18.75	
49	347.5	18.75	
49	347.5	18.75	
49	347.5	18.75	
49	347.5	18.75	
49	347.5	18.75	
49	347.5	18.75	
50	0	0	
50	0	0	
50	0	0	
50	0	0	
50	0	0	
50	0	0	
50	0	0	
50	0	0	
50	0	0	
50	0	0	
50	0	0	
50	0	0	
50	0	0	
50	0	0	
50	0	0	
50	0	0	
50	0	0	
50	0	0	
50	0	0	
50	0	0	
50	2.5	1.25	
50	6.25	1.25	
50	8.75	1.25	
50	12.5	1.25	
50	17.5	3.75	
50	30	3.75	
50	35	3.75	
50	40	3.75	
50	52.5	1.25	
50	67.5	1.25	
50	82.5	1.25	
50	90	0	
50	106.25	-2.5	
50	113.75	-2.5	
50	122.5	-2.5	
50	147.5	-3.75	
50	156.25	-3.75	
50	165	-3.75	
50	182.5	-2.5	
50	200	-2.5	
50	218.75	-2.5	
50	226.25	0	
50	245	1.25	
50	253.75	1.25	
50	262.5	1.25	
50	288.75	1.25	
50	297.5	1.25	
50	305	1.25	
50	321.25	1.25	
50	337.5	1.25	
50	345	1.25	
50	345	1.25	
50	345	1.25	
50	345	1.25	
50	345	1.25	
50	345	1.25	
50	345	1.25	
50	345	1.25	
50	345	1.25	
50	345	1.25	
50	345	1.25	
50	345	1.25	
50	345	1.25	
50	345	1.25	
50	345	1.25	
50	345	1.25	
50	345	1.25	
50	345	1.25	
50	345	1.25	
50	345	1.25	
50	345	1.25	
50	345	1.25	
50	345	1.25	
50	345	1.25	
51	0	0	
51	0	0	
51	0	0	
51	0	0	
51	0	0	
51	0	0	
51	0	0	
51	0	0	
51	0	0	
51	0	0	
51	0	0	
51	0	0	
51	0	0	
51	0	0	
51	0	0	
51	0	0	
51	0	0	
51	0	0	
51	0	0	
51	0	0	
51	0	0	
51	0	0	
51	0	0	
51	0	0	
51	0	0	
51	0	0	
51	0	0	
51	0	0	
51	0	0	
51	0	0	
51	0	0	
51	0	0	
51	0	0	
51	0	0	
51	0	0	
51	0	0	
51	0	0	
51	0	0	
51	1.25	0	
51	2.5	0	
51	7.5	2.5	
51	10	2.5	
51	17.5	3.75	
51	21.25	3.75	
51	25	3.75	
51	42.5	3.75	
51	48.75	3.75	
51	63.75	3.75	
51	72.5	3.75	
51	81.25	3.75	
51	111.25	3.75	
51	122.5	3.75	
51	145	2.5	
51	157.5	0	
51	170	0	
51	208.75	-1.25	
51	223.75	-1.25	
51	237.5	-5	
51	265	-5	
51	280	-6.25	
51	315	-8.75	
51	321.25	-8.75	
51	331.25	-8.75	
51	333.75	-8.75	
51	336.25	-8.75	
51	338.75	-10	
51	340	-12.5	
51	340	-12.5	
51	340	-12.5	
51	341.25	-12.5	
51	342.5	-12.5	
51	342.5	-12.5	
51	342.5	-12.5	
51	342.5	-12.5	
52	0	0	
52	0	0	
52	0	0	
52	0	0	
52	0	0	
52	0	0	
52	0	0	
52	0	0	
52	0	0	
52	0	0	
52	0	0	
52	0	0	
52	0	0	
52	0	0	
52	0	0	
52	0	0	
52	0	0	
52	0	0	
52	0	0	
52	0	0	
52	0	0	
52	0	0	
52	0	0	
52	0	0	
52	2.5	0	
52	6.25	2.5	
52	12.5	3.75	
52	20	3.75	
52	25	7.5	
52	28.75	7.5	
52	43.75	7.5	
52	50	8.75	
52	56.25	8.75	
52	67.5	8.75	
52	73.75	8.75	
52	90	8.75	
52	96.25	8.75	
52	108.75	8.75	
52	115	8.75	
52	121.25	8.75	
52	140	8.75	
52	147.5	11.25	
52	155	11.25	
52	168.75	12.5	
52	176.25	12.5	
52	198.75	16.25	
52	206.25	16.25	
52	222.5	16.25	
52	230	18.75	
52	238.75	18.75	
52	266.25	20	
52	277.5	20	
52	286.25	18.75	
52	297.5	18.75	
52	318.75	18.75	
52	347.5	18.75	
52	347.5	18.75	
52	347.5	18.75	
52	347.5	18.75	
52	347.5	18.75	
52	347.5	18.75	
52	347.5	18.75	
52	347.5	18.75	
52	347.5	18.75	
52	347.5	18.75	
52	347.5	18.75	
52	347.5	18.75	
52	347.5	18.75	
52	347.5	18.75	
52	347.5	18.75	
52	347.5	18.75	
52	347.5	18.75	
52	347.5	18.75	
52	347.5	18.75	
53	0	0	
53	0	0	
53	0	0	
53	0	0	
53	0	0	
53	0	0	
53	0	0	
53	0	0	
53	0	0	
53	0	0	
53	0	0	
53	0	0	
53	0	0	
53	0	0	
53	0	0	
53	0	0	
53	0	0	
53	0	0	
53	0	0	
53	-1.25	0	
53	0	0	
53	1.25	0	
53	3.75	2.5	
53	10	3.75	
53	15	3.75	
53	28.75	6.25	
53	33.75	6.25	
53	40	6.25	
53	46.25	3.75	
53	60	3.75	
53	85	2.5	
53	95	0	
53	105	0	
53	126.25	0	
53	137.5	0	
53	161.25	0	
53	185	0	
53	196.25	0	
53	207.5	0	
53	231.25	0	
53	263.75	2.5	
53	273.75	2.5	
53	282.5	3.75	
53	300	3.75	
53	307.5	3.75	
53	321.25	3.75	
53	330	3.75	
53	333.75	3.75	
53	335	3.75	
53	338.75	3.75	
53	340	3.75	
53	340	3.75	
53	340	3.75	
53	340	3.75	
53	341.25	3.75	
53	341.25	3.75	
53	341.25	3.75	
53	341.25	3.75	
53	341.25	3.75	
53	341.25	3.75	
53	341.25	3.75	
53	341.25	3.75	
53	341.25	3.75	
53	341.25	3.75	
53	341.25	3.75	
53	341.25	3.75	
53	341.25	3.75	
53	341.25	3.75	
53	341.25	3.75	
53	341.25	3.75	
53	341.25	3.75	
53	341.25	3.75	
53	341.25	3.75	
53	341.25	3.75	
54	0	0	
54	0	0	
54	0	0	
54	0	0	
54	0	0	
54	0	0	
54	0	0	
54	0	0	
54	0	0	
54	0	0	
54	0	0	
54	0	0	
54	0	0	
54	0	0	
54	0	0	
54	0	0	
54	0	0	
54	0	0	
54	0	0	
54	0	0	
54	0	0	
54	0	0	
54	0	0	
54	0	0	
54	0	0	
54	0	0	
54	0	0	
54	0	0	
54	0	0	
54	0	0	
54	7.5	0	
54	11.25	0	
54	22.5	0	
54	27.5	0	
54	37.5	-1.25	
54	47.5	-3.75	
54	53.75	-3.75	
54	65	-5	
54	72.5	-7.5	
54	78.75	-7.5	
54	98.75	-8.75	
54	106.25	-12.5	
54	120	-12.5	
54	127.5	-13.75	
54	141.25	-16.25	
54	155	-16.25	
54	161.25	-16.25	
54	168.75	-17.5	
54	183.75	-20	
54	191.25	-20	
54	205	-20	
54	218.75	-23.75	
54	231.25	-23.75	
54	238.75	-25	
54	245	-25	
54	263.75	-27.5	
54	268.75	-27.5	
54	273.75	-28.75	
54	281.25	-31.25	
54	283.75	-31.25	
54	286.25	-31.25	
54	287.5	-31.25	
54	287.5	-31.25	
54	287.5	-31.25	
54	288.75	-31.25	
54	290	-32.5	
54	290	-32.5	
54	290	-32.5	
54	290	-32.5	
54	290	-32.5	
54	290	-32.5	
54	290	-32.5	
54	290	-32.5	
54	290	-32.5	
55	0	0	
55	0	0	
55	0	0	
55	0	0	
55	0	0	
55	0	0	
55	0	0	
55	0	0	
55	0	0	
55	0	0	
55	0	0	
55	0	0	
55	0	0	
55	0	0	
55	0	0	
55	0	0	
55	0	0	
55	0	0	
55	0	0	
55	0	0	
55	0	0	
55	0	0	
55	0	0	
55	0	0	
55	0	0	
55	0	0	
55	0	0	
55	0	0	
55	0	0	
55	0	0	
55	-1.25	0	
55	-1.25	0	
55	-1.25	0	
55	-1.25	0	
55	-1.25	0	
55	1.25	0	
55	5	0	
55	7.5	0	
55	11.25	0	
55	21.25	0	
55	30	0	
55	36.25	0	
55	50	2.5	
55	57.5	2.5	
55	66.25	2.5	
55	95	3.75	
55	116.25	7.5	
55	126.25	7.5	
55	136.25	7.5	
55	155	7.5	
55	173.75	7.5	
55	182.5	6.25	
55	201.25	3.75	
55	208.75	2.5	
55	217.5	0	
55	247.5	-3.75	
55	253.75	-5	
55	260	-7.5	
55	263.75	-7.5	
55	268.75	-7.5	
55	270	-8.75	
55	271.25	-8.75	
55	272.5	-8.75	
55	272.5	-11.25	
55	272.5	-11.25	
55	272.5	-11.25	
55	272.5	-11.25	
55	272.5	-11.25	
55	273.75	-11.25	
55	273.75	-11.25	
55	275	-11.25	
55	275	-11.25	
55	275	-11.25	
55	275	-11.25	
56	0	0	
56	0	0	
56	0	0	
56	0	0	
56	0	0	
56	0	0	
56	0	0	
56	0	0	
56	0	0	
56	0	0	
56	0	0	
56	0	0	
56	0	0	
56	0	0	
56	0	0	
56	0	0	
56	0	0	
56	0	0	
56	0	0	
56	0	0	
56	0	0	
56	0	0	
56	0	0	
56	0	0	
56	0	0	
56	0	0	
56	0	0	
56	0	0	
56	2.5	0	
56	7.5	-1.25	
56	12.5	-3.75	
56	15	-3.75	
56	17.5	-3.75	
56	21.25	-5	
56	31.25	-7.5	
56	42.5	-8.75	
56	55	-8.75	
56	61.25	-11.25	
56	76.25	-11.25	
56	83.75	-11.25	
56	108.75	-11.25	
56	118.75	-11.25	
56	127.5	-11.25	
56	136.25	-11.25	
56	153.75	-11.25	
56	173.75	-12.5	
56	192.5	-15	
56	201.25	-15	
56	218.75	-16.25	
56	226.25	-16.25	
56	250	-21.25	
56	256.25	-21.25	
56	262.5	-23.75	
56	267.5	-23.75	
56	273.75	-23.75	
56	276.25	-23.75	
56	277.5	-23.75	
56	278.75	-23.75	
56	278.75	-23.75	
56	280	-23.75	
56	280	-23.75	
56	280	-23.75	
56	280	-23.75	
56	280	-23.75	
56	280	-23.75	
56	280	-23.75	
56	280	-23.75	
56	280	-23.75	
56	280	-23.75	
56	280	-23.75	
56	280	-23.75	
56	280	-23.75	
56	280	-23.75	
56	280	-23.75	
57	0	0	
57	0	0	
57	0	0	
57	0	0	
57	0	0	
57	0	0	
57	0	0	
57	-1.25	0	
57	-1.25	2.5	
57	-1.25	2.5	
57	-1.25	0	
57	-1.25	0	
57	-1.25	0	
57	-1.25	0	
57	-1.25	0	
57	-1.25	0	
57	-1.25	0	
57	-1.25	0	
57	-1.25	0	
57	-1.25	0	
57	-1.25	0	
57	-1.25	0	
57	-1.25	0	
57	-1.25	0	
57	-1.25	0	
57	-1.25	0	
57	-1.25	0	
57	-1.25	0	
57	-1.25	0	
57	-1.25	0	
57	-1.25	0	
57	-1.25	0	
57	1.25	0	
57	2.5	0	
57	3.75	2.5	
57	12.5	2.5	
57	15	2.5	
57	18.75	2.5	
57	26.25	0	
57	31.25	0	
57	47.5	-1.25	
57	53.75	-1.25	
57	66.25	-3.75	
57	73.75	-3.75	
57	80	-3.75	
57	102.5	-5	
57	108.75	-5	
57	116.25	-5	
57	132.5	-5	
57	140	-5	
57	155	-5	
57	172.5	-3.75	
57	188.75	-3.75	
57	197.5	-3.75	
57	205	-3.75	
57	231.25	-3.75	
57	240	-3.75	
57	250	-3.75	
57	267.5	-3.75	
57	276.25	-1.25	
57	293.75	0	
57	305	0	
57	311.25	0	
57	312.5	0	
57	315	0	
57	317.5	0	
57	317.5	0	
57	317.5	0	
57	317.5	0	
57	317.5	0	
57	317.5	0	
57	317.5	0	
57	318.75	0	
57	318.75	-1.25	
58	0	0	
58	0	0	
58	0	0	
58	0	0	
58	0	0	
58	0	0	
58	0	0	
58	-2.5	1.25	
58	-5	1.25	
58	-6.25	0	
58	-13.75	-2.5	
58	-17.5	-2.5	
58	-20	-2.5	
58	-23.75	-2.5	
58	-32.5	-2.5	
58	-51.25	-2.5	
58	-61.25	-2.5	
58	-83.75	-2.5	
58	-97.5	-2.5	
58	-112.5	-2.5	
58	-166.25	-7.5	
58	-186.25	-11.25	
58	-203.75	-15	
58	-221.25	-16.25	
58	-253.75	-22.5	
58	-293.75	-27.5	
58	-302.5	-30	
58	-310	-30	
58	-318.75	-31.25	
58	-322.5	-31.25	
58	-323.75	-30	
58	-320	-30	
58	-312.5	-27.5	
58	-303.75	-26.25	
58	-276.25	-18.75	
58	-221.25	-6.25	
58	-202.5	-3.75	
58	-181.25	-2.5	
58	-137.5	0	
58	-115	1.25	
58	-52.5	1.25	
58	-38.75	1.25	
58	-28.75	1.25	
58	-21.25	0	
58	-12.5	-6.25	
58	-7.5	-11.25	
58	-7.5	-11.25	
58	-7.5	-11.25	
58	-7.5	-11.25	
58	-7.5	-11.25	
58	-7.5	-11.25	
58	-7.5	-11.25	
58	-7.5	-11.25	
58	-7.5	-11.25	
58	-7.5	-11.25	
58	-7.5	-11.25	
58	-7.5	-11.25	
58	-7.5	-11.25	
58	-7.5	-11.25	
58	-7.5	-11.25	
58	-7.5	-11.25	
58	-7.5	-11.25	
58	-7.5	-11.25	
58	-300	7.5	
58	-291.25	8.75	
58	-253.75	18.75	
58	-232.5	22.5	
58	-212.5	27.5	
58	-192.5	31.25	
58	-171.25	37.5	
58	-110	48.75	
58	-91.25	50	
58	-61.25	53.75	
58	-48.75	56.25	
59	0	0	
59	0	0	
59	0	0	
59	0	0	
59	0	0	
59	0	0	
59	0	0	
59	0	0	
59	0	0	
59	0	0	
59	0	0	
59	0	0	
59	0	0	
59	0	0	
59	0	0	
59	0	0	
59	0	0	
59	0	0	
59	0	0	
59	0	0	
59	0	0	
59	0	0	
59	0	0	
59	1.25	0	
59	1.25	1.25	
59	8.75	5	
59	11.25	5	
59	15	7.5	
59	23.75	8.75	
59	27.5	11.25	
59	42.5	15	
59	48.75	15	
59	55	16.25	
59	68.75	16.25	
59	76.25	16.25	
59	101.25	18.75	
59	108.75	20	
59	117.5	20	
59	136.25	20	
59	146.25	22.5	
59	176.25	26.25	
59	186.25	27.5	
59	196.25	31.25	
59	215	32.5	
59	225	35	
59	252.5	38.75	
59	261.25	38.75	
59	270	38.75	
59	283.75	38.75	
59	291.25	36.25	
59	310	35	
59	315	35	
59	320	32.5	
59	328.75	32.5	
59	333.75	32.5	
59	342.5	31.25	
59	342.5	31.25	
59	342.5	31.25	
59	342.5	31.25	
59	342.5	31.25	
59	342.5	31.25	
59	342.5	31.25	
59	342.5	31.25	
59	342.5	31.25	
59	342.5	31.25	
59	342.5	31.25	
59	342.5	31.25	
59	342.5	31.25	
59	342.5	31.25	
59	342.5	31.25	
59	342.5	31.25	
59	342.5	31.25	
59	342.5	31.25	
59	342.5	31.25	
60	0	0	
60	0	0	
60	0	0	
60	0	0	
60	0	0	
60	0	0	
60	0	0	
60	0	0	
60	0	0	
60	0	0	
60	0	0	
60	0	0	
60	0	0	
60	0	0	
60	0	0	
60	0	0	
60	0	0	
60	0	0	
60	0	0	
60	0	0	
60	0	0	
60	0	0	
60	0	0	
60	0	0	
60	0	0	
60	1.25	0	
60	2.5	0	
60	5	0	
60	11.25	2.5	
60	13.75	2.5	
60	22.5	3.75	
60	35	3.75	
60	51.25	0	
60	60	0	
60	68.75	0	
60	98.75	-3.75	
60	110	-3.75	
60	123.75	-5	
60	151.25	-5	
60	167.5	-5	
60	197.5	-3.75	
60	228.75	0	
60	243.75	2.5	
60	273.75	6.25	
60	288.75	7.5	
60	316.25	7.5	
60	335	10	
60	341.25	10	
60	345	10	
60	348.75	10	
60	348.75	10	
60	348.75	10	
60	348.75	10	
60	348.75	10	
60	348.75	10	
60	348.75	10	
60	348.75	10	
60	348.75	10	
60	348.75	10	
60	348.75	10	
60	348.75	10	
60	348.75	10	
60	348.75	10	
60	348.75	10	
60	348.75	10	
60	348.75	10	
60	348.75	10	
60	348.75	10	
60	348.75	10	
60	348.75	10	
60	348.75	10	
60	348.75	10	
60	348.75	10	
60	348.75	10	
61	0	0	
61	0	0	
61	0	0	
61	0	0	
61	0	0	
61	0	0	
61	0	0	
61	0	0	
61	0	0	
61	0	0	
61	1.25	0	
61	1.25	0	
61	1.25	0	
61	1.25	0	
61	1.25	0	
61	1.25	0	
61	1.25	0	
61	1.25	0	
61	1.25	0	
61	1.25	0	
61	1.25	0	
61	1.25	0	
61	1.25	0	
61	2.5	0	
61	6.25	0	
61	17.5	3.75	
61	21.25	3.75	
61	27.5	3.75	
61	38.75	3.75	
61	45	3.75	
61	60	3.75	
61	76.25	3.75	
61	85	3.75	
61	93.75	3.75	
61	111.25	3.75	
61	140	3.75	
61	150	3.75	
61	160	3.75	
61	178.75	7.5	
61	190	7.5	
61	211.25	11.25	
61	231.25	15	
61	241.25	18.75	
61	251.25	18.75	
61	267.5	22.5	
61	287.5	25	
61	292.5	26.25	
61	297.5	26.25	
61	306.25	26.25	
61	308.75	26.25	
61	313.75	26.25	
61	317.5	26.25	
61	320	26.25	
61	321.25	26.25	
61	323.75	26.25	
61	327.5	22.5	
61	330	22.5	
61	331.25	21.25	
61	336.25	18.75	
61	337.5	17.5	
61	342.5	15	
61	345	15	
61	346.25	15	
61	347.5	13.75	
61	347.5	13.75	
61	347.5	13.75	
61	347.5	13.75	
61	347.5	13.75	
61	347.5	13.75	
61	347.5	13.75	
61	347.5	13.75	
61	347.5	13.75	
61	347.5	13.75	
61	347.5	13.75	
62	0	0	
62	0	0	
62	0	0	
62	0	0	
62	0	0	
62	0	0	
62	0	0	
62	0	0	
62	0	0	
62	0	0	
62	0	0	
62	0	0	
62	0	0	
62	0	0	
62	0	0	
62	0	0	
62	0	0	
62	0	0	
62	0	0	
62	0	0	
62	0	1.25	
62	1.25	1.25	
62	1.25	1.25	
62	1.25	1.25	
62	2.5	1.25	
62	3.75	5	
62	5	5	
62	8.75	5	
62	11.25	5	
62	17.5	7.5	
62	26.25	8.75	
62	38.75	8.75	
62	47.5	8.75	
62	55	8.75	
62	72.5	7.5	
62	91.25	3.75	
62	100	1.25	
62	117.5	0	
62	136.25	0	
62	145	1.25	
62	165	5	
62	187.5	8.75	
62	198.75	12.5	
62	211.25	16.25	
62	232.5	20	
62	252.5	26.25	
62	262.5	27.5	
62	280	30	
62	296.25	27.5	
62	302.5	27.5	
62	316.25	23.75	
62	327.5	22.5	
62	331.25	20	
62	336.25	20	
62	345	16.25	
62	348.75	16.25	
62	348.75	16.25	
62	348.75	16.25	
62	348.75	16.25	
62	348.75	16.25	
62	348.75	16.25	
62	348.75	16.25	
62	348.75	16.25	
62	348.75	16.25	
62	348.75	16.25	
62	348.75	16.25	
62	348.75	16.25	
62	348.75	16.25	
62	348.75	16.25	
62	348.75	16.25	
62	348.75	16.25	
62	348.75	16.25	
62	348.75	16.25	
62	348.75	16.25	
63	0	0	
63	0	0	
63	0	0	
63	0	0	
63	0	0	
63	0	0	
63	0	0	
63	0	0	
63	0	0	
63	0	0	
63	0	0	
63	0	0	
63	0	0	
63	0	0	
63	0	0	
63	0	0	
63	0	0	
63	0	0	
63	0	0	
63	2.5	0	
63	3.75	2.5	
63	8.75	3.75	
63	11.25	6.25	
63	15	7.5	
63	30	11.25	
63	35	11.25	
63	42.5	11.25	
63	57.5	11.25	
63	65	11.25	
63	75	11.25	
63	108.75	7.5	
63	136.25	7.5	
63	150	6.25	
63	162.5	6.25	
63	188.75	7.5	
63	212.5	7.5	
63	223.75	10	
63	246.25	11.25	
63	256.25	13.75	
63	266.25	13.75	
63	290	11.25	
63	301.25	11.25	
63	305	11.25	
63	306.25	11.25	
63	308.75	11.25	
63	311.25	11.25	
63	311.25	11.25	
63	311.25	11.25	
63	311.25	11.25	
63	311.25	11.25	
63	312.5	10	
63	313.75	10	
63	313.75	10	
63	313.75	10	
63	313.75	10	
63	313.75	10	
63	313.75	10	
63	313.75	10	
63	313.75	10	
63	313.75	10	
63	313.75	10	
63	313.75	10	
63	313.75	10	
63	313.75	10	
63	313.75	10	
63	313.75	10	
63	313.75	10	
63	313.75	10	
63	313.75	10	
63	313.75	10	
63	313.75	10	
63	313.75	10	
63	313.75	10	
63	313.75	10	
64	0	0	
64	0	-2.5	
64	0	-2.5	
64	0	-2.5	
64	0	-2.5	
64	-1.25	-2.5	
64	-1.25	-2.5	
64	-1.25	-2.5	
64	-1.25	-2.5	
64	-1.25	-2.5	
64	-1.25	-2.5	
64	-1.25	-2.5	
64	-1.25	-2.5	
64	-1.25	-2.5	
64	-1.25	-2.5	
64	-1.25	-2.5	
64	-1.25	-2.5	
64	-1.25	-2.5	
64	-1.25	-2.5	
64	-1.25	-2.5	
64	-1.25	-2.5	
64	2.5	-2.5	
64	5	-2.5	
64	10	0	
64	15	0	
64	51.25	5	
64	62.5	7.5	
64	76.25	7.5	
64	90	8.75	
64	122.5	8.75	
64	158.75	8.75	
64	178.75	12.5	
64	220	16.25	
64	241.25	18.75	
64	263.75	20	
64	320	22.5	
64	326.25	22.5	
64	331.25	22.5	
64	335	22.5	
64	337.5	20	
64	340	20	
64	341.25	20	
64	342.5	18.75	
64	343.75	16.25	
64	345	15	
64	346.25	12.5	
64	346.25	11.25	
64	346.25	11.25	
64	346.25	8.75	
64	346.25	8.75	
64	347.5	8.75	
64	347.5	8.75	
64	347.5	8.75	
64	347.5	8.75	
64	347.5	8.75	
64	347.5	8.75	
64	347.5	8.75	
64	347.5	8.75	
64	347.5	8.75	
64	347.5	8.75	
64	347.5	8.75	
64	347.5	8.75	
64	347.5	8.75	
64	347.5	8.75	
64	347.5	8.75	
64	347.5	8.75	
64	347.5	8.75	
64	347.5	8.75	
64	347.5	8.75	
64	347.5	8.75	
64	347.5	8.75	
64	347.5	8.75	
64	347.5	8.75	
64	347.5	8.75	
65	0	0	
65	0	0	
65	0	0	
65	0	0	
65	0	0	
65	1.25	0	
65	1.25	0	
65	1.25	0	
65	1.25	0	
65	1.25	0	
65	1.25	0	
65	1.25	0	
65	1.25	0	
65	1.25	0	
65	1.25	0	
65	1.25	0	
65	1.25	0	
65	1.25	0	
65	2.5	0	
65	6.25	0	
65	11.25	0	
65	17.5	0	
65	21.25	0	
65	25	0	
65	30	0	
65	50	-1.25	
65	57.5	-3.75	
65	65	-3.75	
65	81.25	-3.75	
65	100	-3.75	
65	118.75	-1.25	
65	128.75	-1.25	
65	147.5	0	
65	157.5	0	
65	168.75	0	
65	197.5	6.25	
65	208.75	7.5	
65	231.25	11.25	
65	241.25	15	
65	263.75	18.75	
65	283.75	22.5	
65	295	25	
65	316.25	26.25	
65	326.25	28.75	
65	337.5	30	
65	337.5	30	
65	337.5	30	
65	337.5	30	
65	337.5	30	
65	337.5	30	
65	337.5	30	
65	337.5	30	
65	337.5	30	
65	337.5	30	
65	337.5	30	
65	337.5	30	
65	337.5	30	
65	337.5	30	
65	337.5	30	
65	337.5	30	
65	337.5	30	
65	337.5	30	
65	337.5	30	
65	337.5	30	
65	337.5	30	
65	337.5	30	
65	337.5	30	
65	337.5	30	
65	337.5	30	
65	337.5	30	
65	337.5	30	
65	337.5	30	
65	337.5	30	
65	337.5	30	
66	0	0	
66	0	0	
66	0	0	
66	0	0	
66	0	0	
66	0	0	
66	0	0	
66	0	0	
66	0	0	
66	0	0	
66	0	0	
66	0	0	
66	0	0	
66	0	0	
66	0	0	
66	0	0	
66	0	0	
66	0	0	
66	0	0	
66	0	0	
66	1.25	0	
66	2.5	1.25	
66	3.75	1.25	
66	6.25	1.25	
66	8.75	3.75	
66	13.75	1.25	
66	17.5	1.25	
66	25	1.25	
66	30	1.25	
66	35	1.25	
66	51.25	3.75	
66	65	5	
66	72.5	7.5	
66	80	8.75	
66	87.5	8.75	
66	113.75	16.25	
66	121.25	16.25	
66	140	22.5	
66	148.75	23.75	
66	157.5	23.75	
66	185	27.5	
66	202.5	31.25	
66	211.25	31.25	
66	220	31.25	
66	228.75	33.75	
66	256.25	35	
66	265	35	
66	285	38.75	
66	293.75	38.75	
66	298.75	41.25	
66	310	41.25	
66	312.5	41.25	
66	313.75	41.25	
66	315	41.25	
66	315	41.25	
66	316.25	41.25	
66	316.25	41.25	
66	316.25	41.25	
66	316.25	41.25	
66	316.25	41.25	
66	316.25	41.25	
66	316.25	41.25	
66	316.25	41.25	
66	316.25	41.25	
66	316.25	41.25	
66	316.25	41.25	
66	316.25	41.25	
66	316.25	41.25	
66	316.25	41.25	
66	316.25	41.25	
66	316.25	41.25	
66	316.25	41.25	
66	316.25	41.25	
66	316.25	41.25	
67	0	0	
67	0	0	
67	0	0	
67	0	0	
67	0	0	
67	0	0	
67	0	0	
67	0	0	
67	0	0	
67	0	0	
67	0	0	
67	0	0	
67	0	0	
67	0	0	
67	0	0	
67	0	0	
67	0	0	
67	0	0	
67	0	0	
67	0	0	
67	0	0	
67	2.5	0	
67	3.75	0	
67	7.5	-1.25	
67	10	-1.25	
67	17.5	-1.25	
67	20	-1.25	
67	27.5	-1.25	
67	31.25	-1.25	
67	36.25	-1.25	
67	52.5	0	
67	57.5	0	
67	63.75	0	
67	76.25	3.75	
67	83.75	3.75	
67	107.5	7.5	
67	116.25	7.5	
67	133.75	11.25	
67	142.5	11.25	
67	151.25	13.75	
67	178.75	15	
67	187.5	15	
67	196.25	15	
67	213.75	15	
67	222.5	15	
67	246.25	15	
67	255	13.75	
67	267.5	15	
67	273.75	13.75	
67	277.5	13.75	
67	282.5	13.75	
67	283.75	11.25	
67	285	11.25	
67	285	11.25	
67	286.25	11.25	
67	286.25	11.25	
67	286.25	11.25	
67	286.25	11.25	
67	286.25	11.25	
67	286.25	11.25	
67	286.25	11.25	
67	286.25	11.25	
67	286.25	11.25	
67	286.25	11.25	
67	286.25	11.25	
67	287.5	11.25	
67	287.5	11.25	
67	287.5	11.25	
67	287.5	11.25	
67	287.5	11.25	
67	287.5	11.25	
67	287.5	11.25	
67	287.5	11.25	
67	287.5	11.25	
68	0	0	
68	0	0	
68	0	0	
68	0	0	
68	0	0	
68	0	0	
68	1.25	1.25	
68	1.25	1.25	
68	1.25	1.25	
68	1.25	1.25	
68	1.25	1.25	
68	2.5	1.25	
68	2.5	1.25	
68	2.5	1.25	
68	2.5	1.25	
68	2.5	1.25	
68	2.5	1.25	
68	2.5	1.25	
68	3.75	1.25	
68	3.75	1.25	
68	7.5	1.25	
68	10	1.25	
68	12.5	1.25	
68	16.25	1.25	
68	25	1.25	
68	38.75	3.75	
68	38.75	3.75	
68	55	5	
68	72.5	5	
68	81.25	5	
68	108.75	7.5	
68	120	8.75	
68	130	8.75	
68	140	8.75	
68	162.5	8.75	
68	182.5	7.5	
68	193.75	7.5	
68	215	7.5	
68	236.25	7.5	
68	246.25	7.5	
68	265	8.75	
68	283.75	11.25	
68	292.5	11.25	
68	300	12.5	
68	316.25	12.5	
68	328.75	12.5	
68	335	12.5	
68	342.5	12.5	
68	346.25	12.5	
68	347.5	12.5	
68	348.75	12.5	
68	348.75	12.5	
68	348.75	12.5	
68	348.75	12.5	
68	348.75	12.5	
68	348.75	12.5	
68	348.75	12.5	
68	348.75	12.5	
68	348.75	12.5	
68	348.75	12.5	
68	348.75	12.5	
68	348.75	12.5	
68	348.75	12.5	
68	348.75	12.5	
68	348.75	12.5	
68	348.75	12.5	
68	348.75	12.5	
68	348.75	12.5	
68	348.75	12.5	
68	348.75	12.5	
68	348.75	12.5	
68	348.75	12.5	
68	348.75	12.5	
68	348.75	12.5	
69	0	0	
69	0	1.25	
69	0	0	
69	0	0	
69	0	0	
69	0	0	
69	0	0	
69	0	0	
69	0	0	
69	0	-2.5	
69	0	-2.5	
69	0	-2.5	
69	0	-2.5	
69	0	-2.5	
69	0	-2.5	
69	0	-2.5	
69	0	-2.5	
69	0	-2.5	
69	0	-2.5	
69	0	-2.5	
69	0	-2.5	
69	0	-2.5	
69	0	-2.5	
69	0	-2.5	
69	0	-2.5	
69	0	0	
69	0	0	
69	0	0	
69	0	0	
69	0	0	
69	0	0	
69	0	1.25	
69	3.75	1.25	
69	5	1.25	
69	6.25	3.75	
69	13.75	5	
69	16.25	5	
69	20	3.75	
69	28.75	3.75	
69	32.5	1.25	
69	48.75	0	
69	53.75	-2.5	
69	66.25	-2.5	
69	72.5	-2.5	
69	78.75	-2.5	
69	98.75	-2.5	
69	105	-2.5	
69	111.25	-2.5	
69	117.5	-2.5	
69	128.75	0	
69	147.5	1.25	
69	153.75	1.25	
69	166.25	1.25	
69	172.5	1.25	
69	177.5	1.25	
69	193.75	1.25	
69	200	0	
69	205	0	
69	210	-2.5	
69	221.25	-6.25	
69	236.25	-7.5	
69	242.5	-10	
69	247.5	-10	
69	260	-11.25	
69	266.25	-11.25	
69	281.25	-13.75	
69	283.75	-13.75	
69	286.25	-13.75	
69	287.5	-13.75	
69	290	-13.75	
69	291.25	-13.75	
69	291.25	-13.75	
69	291.25	-13.75	
69	291.25	-13.75	
70	0	0	
70	-1.25	2.5	
70	-1.25	2.5	
70	-2.5	2.5	
70	-2.5	2.5	
70	-2.5	2.5	
70	-2.5	2.5	
70	-2.5	2.5	
70	-2.5	2.5	
70	-2.5	2.5	
70	-2.5	2.5	
70	-2.5	2.5	
70	-2.5	2.5	
70	-2.5	2.5	
70	-2.5	2.5	
70	-2.5	2.5	
70	-2.5	2.5	
70	-2.5	2.5	
70	-2.5	2.5	
70	-3.75	2.5	
70	-3.75	2.5	
70	-3.75	2.5	
70	-3.75	2.5	
70	-3.75	2.5	
70	-3.75	2.5	
70	-1.25	3.75	
70	0	3.75	
70	2.5	3.75	
70	8.75	3.75	
70	11.25	3.75	
70	23.75	3.75	
70	28.75	3.75	
70	35	3.75	
70	41.25	3.75	
70	55	3.75	
70	81.25	3.75	
70	90	3.75	
70	101.25	7.5	
70	111.25	7.5	
70	133.75	11.25	
70	156.25	17.5	
70	167.5	18.75	
70	191.25	25	
70	191.25	25	
70	217.5	30	
70	256.25	33.75	
70	268.75	36.25	
70	292.5	37.5	
70	303.75	37.5	
70	316.25	37.5	
70	327.5	40	
70	327.5	40	
70	327.5	40	
70	327.5	40	
70	327.5	40	
70	327.5	40	
70	327.5	40	
70	327.5	40	
70	327.5	40	
70	327.5	40	
70	327.5	40	
70	327.5	40	
70	327.5	40	
70	327.5	40	
70	327.5	40	
70	327.5	40	
70	327.5	40	
70	327.5	40	
70	327.5	40	
70	327.5	40	
70	327.5	40	
70	327.5	40	
70	327.5	40	
70	327.5	40	
71	0	0	
71	0	0	
71	0	0	
71	0	0	
71	0	0	
71	0	0	
71	0	0	
71	0	0	
71	0	0	
71	0	0	
71	0	0	
71	0	0	
71	0	0	
71	0	0	
71	0	0	
71	0	0	
71	0	0	
71	0	0	
71	0	0	
71	0	0	
71	0	0	
71	0	0	
71	0	0	
71	0	0	
71	-2.5	7.5	
71	1.25	6.25	
71	2.5	6.25	
71	5	6.25	
71	6.25	6.25	
71	7.5	6.25	
71	13.75	6.25	
71	16.25	6.25	
71	18.75	6.25	
71	25	3.75	
71	28.75	3.75	
71	41.25	3.75	
71	46.25	3.75	
71	58.75	6.25	
71	66.25	6.25	
71	72.5	7.5	
71	93.75	10	
71	101.25	11.25	
71	108.75	11.25	
71	125	13.75	
71	133.75	15	
71	163.75	18.75	
71	173.75	18.75	
71	196.25	22.5	
71	206.25	22.5	
71	216.25	22.5	
71	230	25	
71	257.5	26.25	
71	270	26.25	
71	282.5	28.75	
71	293.75	28.75	
71	322.5	28.75	
71	338.75	28.75	
71	345	28.75	
71	348.75	28.75	
71	348.75	28.75	
71	348.75	28.75	
71	348.75	28.75	
71	348.75	28.75	
71	348.75	28.75	
71	348.75	28.75	
71	348.75	28.75	
71	348.75	28.75	
71	348.75	28.75	
71	348.75	28.75	
71	348.75	28.75	
71	348.75	28.75	
71	348.75	28.75	
71	348.75	28.75	
71	348.75	28.75	
72	0	0	
72	0	0	
72	0	0	
72	0	0	
72	0	0	
72	0	0	
72	0	0	
72	0	0	
72	0	0	
72	0	0	
72	0	0	
72	0	0	
72	-1.25	1.25	
72	-1.25	1.25	
72	-2.5	1.25	
72	-2.5	1.25	
72	-2.5	1.25	
72	-2.5	1.25	
72	-2.5	3.75	
72	-2.5	3.75	
72	-2.5	5	
72	-2.5	5	
72	-2.5	5	
72	-2.5	5	
72	-2.5	5	
72	-2.5	3.75	
72	-2.5	3.75	
72	-1.25	5	
72	0	5	
72	1.25	5	
72	6.25	5	
72	11.25	5	
72	13.75	5	
72	17.5	7.5	
72	25	7.5	
72	33.75	7.5	
72	38.75	7.5	
72	50	8.75	
72	53.75	7.5	
72	60	7.5	
72	78.75	8.75	
72	91.25	8.75	
72	98.75	8.75	
72	106.25	8.75	
72	112.5	8.75	
72	136.25	12.5	
72	143.75	12.5	
72	160	16.25	
72	168.75	18.75	
72	176.25	20	
72	203.75	26.25	
72	221.25	27.5	
72	230	30	
72	238.75	31.25	
72	248.75	31.25	
72	276.25	35	
72	286.25	35	
72	303.75	38.75	
72	312.5	38.75	
72	321.25	38.75	
72	343.75	41.25	
72	343.75	41.25	
72	343.75	41.25	
72	343.75	41.25	
72	343.75	41.25	
72	343.75	41.25	
72	343.75	41.25	
72	343.75	41.25	
72	343.75	41.25	
72	343.75	41.25	
72	343.75	41.25	
72	343.75	41.25	
72	343.75	41.25	
72	343.75	41.25	
73	0	0	
73	0	0	
73	0	0	
73	0	0	
73	0	0	
73	0	0	
73	0	0	
73	0	0	
73	0	0	
73	0	0	
73	0	0	
73	0	0	
73	0	0	
73	0	0	
73	0	0	
73	0	0	
73	0	0	
73	0	0	
73	0	0	
73	0	0	
73	0	0	
73	1.25	0	
73	1.25	0	
73	5	-2.5	
73	6.25	-2.5	
73	13.75	-2.5	
73	16.25	-3.75	
73	22.5	-6.25	
73	26.25	-6.25	
73	30	-7.5	
73	46.25	-10	
73	52.5	-11.25	
73	60	-13.75	
73	66.25	-13.75	
73	80	-13.75	
73	103.75	-13.75	
73	112.5	-13.75	
73	121.25	-11.25	
73	138.75	-10	
73	146.25	-10	
73	172.5	-6.25	
73	181.25	-3.75	
73	190	-2.5	
73	198.75	-2.5	
73	218.75	1.25	
73	236.25	5	
73	245	5	
73	260	8.75	
73	267.5	8.75	
73	273.75	8.75	
73	292.5	7.5	
73	298.75	7.5	
73	303.75	7.5	
73	315	5	
73	326.25	3.75	
73	337.5	1.25	
73	343.75	1.25	
73	343.75	1.25	
73	343.75	1.25	
73	343.75	1.25	
73	343.75	1.25	
73	343.75	1.25	
73	343.75	1.25	
73	343.75	1.25	
73	343.75	1.25	
73	343.75	1.25	
73	343.75	1.25	
73	343.75	1.25	
73	343.75	1.25	
73	343.75	1.25	
73	343.75	1.25	
73	343.75	1.25	
73	343.75	1.25	
73	343.75	1.25	
74	0	0	
74	0	0	
74	0	0	
74	0	0	
74	0	0	
74	0	0	
74	0	0	
74	0	0	
74	0	0	
74	0	0	
74	0	0	
74	-1.25	0	
74	-3.75	0	
74	-5	1.25	
74	-7.5	1.25	
74	-10	1.25	
74	-11.25	1.25	
74	-11.25	3.75	
74	-11.25	1.25	
74	-11.25	1.25	
74	-12.5	1.25	
74	-12.5	1.25	
74	-13.75	1.25	
74	-13.75	1.25	
74	-13.75	1.25	
74	-13.75	1.25	
74	-13.75	1.25	
74	-13.75	1.25	
74	-12.5	1.25	
74	-11.25	1.25	
74	-1.25	1.25	
74	2.5	0	
74	12.5	-2.5	
74	17.5	-2.5	
74	23.75	-2.5	
74	48.75	-6.25	
74	58.75	-6.25	
74	80	-7.5	
74	90	-7.5	
74	100	-7.5	
74	132.5	-10	
74	145	-7.5	
74	157.5	-7.5	
74	181.25	-6.25	
74	193.75	-6.25	
74	232.5	-2.5	
74	243.75	-2.5	
74	267.5	0	
74	278.75	0	
74	288.75	-2.5	
74	317.5	-2.5	
74	326.25	-2.5	
74	332.5	-2.5	
74	340	-2.5	
74	343.75	-2.5	
74	347.5	-2.5	
74	348.75	-2.5	
74	348.75	-2.5	
74	348.75	-2.5	
74	348.75	-2.5	
74	348.75	-2.5	
74	348.75	-2.5	
74	348.75	-2.5	
74	348.75	-2.5	
74	348.75	-2.5	
74	348.75	-2.5	
74	348.75	-2.5	
74	348.75	-2.5	
74	348.75	-2.5	
74	348.75	-2.5	
74	348.75	-2.5	
74	348.75	-2.5	
74	348.75	-2.5	
74	348.75	-2.5	
75	0	0	
75	0	0	
75	0	0	
75	0	0	
75	0	0	
75	0	0	
75	0	0	
75	0	0	
75	0	0	
75	0	0	
75	0	0	
75	0	0	
75	0	0	
75	0	0	
75	0	0	
75	0	0	
75	0	0	
75	0	0	
75	0	3.75	
75	0	3.75	
75	2.5	0	
75	5	0	
75	6.25	0	
75	6.25	0	
75	7.5	0	
75	11.25	-1.25	
75	12.5	-1.25	
75	13.75	-3.75	
75	17.5	-3.75	
75	20	-5	
75	28.75	-7.5	
75	32.5	-8.75	
75	41.25	-11.25	
75	46.25	-15	
75	50	-15	
75	66.25	-18.75	
75	70	-18.75	
75	76.25	-18.75	
75	87.5	-22.5	
75	93.75	-22.5	
75	115	-26.25	
75	122.5	-27.5	
75	138.75	-27.5	
75	146.25	-27.5	
75	156.25	-27.5	
75	185	-22.5	
75	196.25	-22.5	
75	206.25	-18.75	
75	226.25	-15	
75	237.5	-11.25	
75	268.75	-5	
75	277.5	-3.75	
75	297.5	-1.25	
75	308.75	0	
75	318.75	0	
75	342.5	2.5	
75	348.75	2.5	
75	348.75	2.5	
75	348.75	2.5	
75	348.75	2.5	
75	348.75	2.5	
75	348.75	2.5	
75	348.75	2.5	
75	348.75	2.5	
75	348.75	2.5	
75	348.75	2.5	
75	348.75	2.5	
75	348.75	2.5	
75	348.75	2.5	
75	348.75	2.5	
75	348.75	2.5	
75	348.75	2.5	
75	348.75	2.5	
75	348.75	2.5	
76	0	0	
76	0	0	
76	0	0	
76	0	0	
76	0	0	
76	0	0	
76	0	0	
76	0	0	
76	-1.25	0	
76	-1.25	0	
76	-1.25	2.5	
76	-2.5	2.5	
76	-2.5	2.5	
76	-2.5	2.5	
76	-2.5	2.5	
76	-3.75	3.75	
76	-3.75	3.75	
76	-3.75	3.75	
76	-3.75	3.75	
76	-5	3.75	
76	-5	3.75	
76	-5	3.75	
76	-5	3.75	
76	-5	6.25	
76	-5	6.25	
76	-3.75	6.25	
76	-1.25	6.25	
76	1.25	7.5	
76	5	7.5	
76	12.5	7.5	
76	22.5	7.5	
76	33.75	7.5	
76	40	10	
76	48.75	10	
76	65	11.25	
76	91.25	11.25	
76	101.25	11.25	
76	111.25	10	
76	122.5	10	
76	145	7.5	
76	172.5	7.5	
76	200	7.5	
76	213.75	7.5	
76	241.25	7.5	
76	256.25	7.5	
76	295	10	
76	305	10	
76	312.5	10	
76	316.25	10	
76	323.75	10	
76	327.5	10	
76	328.75	10	
76	330	7.5	
76	331.25	7.5	
76	331.25	7.5	
76	331.25	7.5	
76	332.5	7.5	
76	332.5	7.5	
76	332.5	7.5	
76	332.5	7.5	
76	332.5	7.5	
76	332.5	7.5	
76	332.5	7.5	
76	332.5	6.25	
76	332.5	6.25	
76	332.5	6.25	
76	332.5	6.25	
76	332.5	6.25	
76	332.5	6.25	
76	332.5	3.75	
76	332.5	3.75	
76	333.75	3.75	
76	333.75	3.75	
76	333.75	3.75	
77	0	0	
77	0	-1.25	
77	0	-1.25	
77	0	-1.25	
77	0	-1.25	
77	0	-1.25	
77	0	-1.25	
77	0	-1.25	
77	0	-1.25	
77	0	-1.25	
77	0	-1.25	
77	0	-1.25	
77	0	-1.25	
77	0	-1.25	
77	0	-1.25	
77	0	-1.25	
77	0	-1.25	
77	0	-1.25	
77	0	0	
77	2.5	-1.25	
77	3.75	-1.25	
77	5	-3.75	
77	11.25	-5	
77	13.75	-7.5	
77	17.5	-8.75	
77	32.5	-15	
77	38.75	-16.25	
77	53.75	-20	
77	61.25	-22.5	
77	81.25	-22.5	
77	103.75	-26.25	
77	115	-26.25	
77	140	-26.25	
77	151.25	-26.25	
77	163.75	-23.75	
77	200	-22.5	
77	212.5	-20	
77	235	-18.75	
77	246.25	-16.25	
77	268.75	-12.5	
77	287.5	-11.25	
77	297.5	-11.25	
77	312.5	-7.5	
77	317.5	-7.5	
77	321.25	-7.5	
77	328.75	-7.5	
77	330	-5	
77	330	-5	
77	330	-5	
77	331.25	-5	
77	331.25	-5	
77	331.25	-5	
77	331.25	-5	
77	331.25	-5	
77	331.25	-5	
77	331.25	-5	
77	331.25	-5	
77	331.25	-5	
77	331.25	-5	
77	331.25	-5	
77	331.25	-5	
77	331.25	-5	
77	331.25	-5	
77	332.5	-7.5	
77	332.5	-7.5	
77	332.5	-7.5	
77	332.5	-7.5	
77	332.5	-7.5	
77	332.5	-7.5	
77	332.5	-7.5	
77	332.5	-7.5	
77	332.5	-7.5	
77	332.5	-7.5	
77	332.5	-7.5	
78	0	0	
78	0	0	
78	0	0	
78	0	0	
78	0	0	
78	0	0	
78	1.25	0	
78	1.25	0	
78	1.25	0	
78	1.25	0	
78	1.25	0	
78	1.25	0	
78	1.25	0	
78	1.25	0	
78	1.25	0	
78	1.25	0	
78	2.5	0	
78	2.5	0	
78	5	0	
78	7.5	-1.25	
78	26.25	-5	
78	35	-5	
78	42.5	-5	
78	52.5	-3.75	
78	76.25	-3.75	
78	103.75	-3.75	
78	117.5	-3.75	
78	136.25	-3.75	
78	155	-3.75	
78	172.5	-3.75	
78	222.5	-3.75	
78	240	-3.75	
78	240	-3.75	
78	256.25	-3.75	
78	277.5	-3.75	
78	288.75	-3.75	
78	291.25	-3.75	
78	296.25	-3.75	
78	297.5	-3.75	
78	298.75	-3.75	
78	301.25	-5	
78	302.5	-7.5	
78	302.5	-7.5	
78	302.5	-7.5	
78	302.5	-7.5	
78	302.5	-7.5	
78	303.75	-7.5	
78	303.75	-7.5	
78	303.75	-7.5	
78	303.75	-7.5	
78	303.75	-7.5	
78	303.75	-7.5	
78	303.75	-7.5	
78	303.75	-7.5	
78	303.75	-7.5	
78	303.75	-7.5	
78	303.75	-7.5	
78	303.75	-7.5	
78	303.75	-7.5	
78	303.75	-7.5	
78	303.75	-7.5	
78	303.75	-7.5	
78	303.75	-8.75	
78	303.75	-8.75	
78	303.75	-8.75	
78	303.75	-8.75	
78	303.75	-8.75	
78	303.75	-8.75	
78	303.75	-8.75	
78	303.75	-8.75	
78	303.75	-8.75	
78	303.75	-8.75	
78	303.75	-8.75	
78	303.75	-8.75	
79	0	0	
79	0	0	
79	0	2.5	
79	0	2.5	
79	0	2.5	
79	0	2.5	
79	0	2.5	
79	0	0	
79	0	0	
79	0	0	
79	0	0	
79	0	0	
79	0	0	
79	0	0	
79	0	0	
79	0	0	
79	0	0	
79	0	0	
79	0	0	
79	0	0	
79	0	0	
79	0	0	
79	0	0	
79	0	0	
79	0	0	
79	0	0	
79	0	0	
79	0	0	
79	0	0	
79	1.25	2.5	
79	10	2.5	
79	13.75	2.5	
79	18.75	2.5	
79	28.75	3.75	
79	42.5	0	
79	57.5	0	
79	67.5	0	
79	86.25	-3.75	
79	96.25	-3.75	
79	106.25	-5	
79	130	-11.25	
79	142.5	-11.25	
79	168.75	-12.5	
79	181.25	-15	
79	207.5	-15	
79	233.75	-15	
79	258.75	-15	
79	270	-15	
79	282.5	-15	
79	293.75	-15	
79	330	-15	
79	342.5	-15	
79	342.5	-15	
79	342.5	-15	
79	342.5	-15	
79	342.5	-15	
79	342.5	-15	
79	342.5	-15	
79	342.5	-15	
79	342.5	-15	
79	342.5	-15	
79	342.5	-15	
79	342.5	-15	
79	342.5	-15	
79	342.5	-15	
79	342.5	-15	
79	342.5	-15	
79	342.5	-15	
79	342.5	-15	
79	342.5	-15	
79	342.5	-15	
79	342.5	-15	
79	342.5	-15	
79	342.5	-15	
80	0	0	
80	0	0	
80	0	0	
80	0	0	
80	0	0	
80	0	0	
80	0	0	
80	0	0	
80	0	0	
80	0	0	
80	0	0	
80	0	0	
80	0	0	
80	0	0	
80	0	0	
80	0	0	
80	0	0	
80	0	0	
80	-348.75	-22.5	
80	-343.75	-23.75	
80	-318.75	-26.25	
80	-307.5	-26.25	
80	-295	-26.25	
80	-281.25	-26.25	
80	-261.25	-26.25	
80	-216.25	-26.25	
80	-171.25	-23.75	
80	-128.75	-22.5	
80	-107.5	-23.75	
80	-87.5	-23.75	
80	-31.25	-26.25	
80	-18.75	-26.25	
80	-8.75	-26.25	
80	-1.25	-26.25	
80	8.75	-27.5	
80	13.75	-30	
80	16.25	-31.25	
80	17.5	-31.25	
80	18.75	-33.75	
80	20	-33.75	
80	20	-33.75	
80	20	-33.75	
80	20	-33.75	
80	20	-33.75	
80	20	-33.75	
80	20	-33.75	
80	20	-33.75	
80	20	-33.75	
80	20	-33.75	
80	20	-33.75	
80	20	-33.75	
80	20	-33.75	
80	20	-33.75	
80	20	-33.75	
80	20	-33.75	
80	20	-33.75	
80	20	-33.75	
80	20	-33.75	
80	20	-33.75	
80	20	-33.75	
80	21.25	-33.75	
80	21.25	-33.75	
80	21.25	-33.75	
80	21.25	-33.75	
80	21.25	-33.75	
80	21.25	-33.75	
80	20	-31.25	
80	20	-31.25	
80	20	-31.25	
80	20	-31.25	
80	20	-31.25	
80	20	-31.25	
80	20	-31.25	
80	20	-31.25	
81	0	0	
81	0	0	
81	0	0	
81	0	0	
81	0	0	
81	0	0	
81	0	0	
81	0	0	
81	0	0	
81	0	0	
81	-160	16.25	
81	-160	16.25	
81	-160	16.25	
81	-160	16.25	
81	-160	16.25	
81	-160	16.25	
81	-160	16.25	
81	-160	16.25	
81	-160	16.25	
81	-160	16.25	
81	-160	16.25	
81	-160	16.25	
81	-160	16.25	
81	-160	16.25	
81	-160	16.25	
81	-160	16.25	
81	-160	16.25	
81	-160	16.25	
81	-160	16.25	
81	-160	16.25	
81	-160	16.25	
81	-160	16.25	
81	-160	16.25	
81	-151.25	18.75	
81	-148.75	16.25	
81	-132.5	12.5	
81	-126.25	11.25	
81	-118.75	8.75	
81	-111.25	8.75	
81	-95	7.5	
81	-62.5	5	
81	-50	5	
81	-37.5	5	
81	-11.25	7.5	
81	1.25	8.75	
81	40	12.5	
81	52.5	12.5	
81	63.75	15	
81	76.25	16.25	
81	98.75	16.25	
81	130	16.25	
81	137.5	16.25	
81	145	16.25	
81	152.5	15	
81	155	15	
81	160	15	
81	160	12.5	
81	160	12.5	
81	161.25	12.5	
81	162.5	12.5	
81	162.5	12.5	
81	162.5	12.5	
81	162.5	12.5	
81	162.5	12.5	
81	162.5	12.5	
81	162.5	12.5	
81	162.5	12.5	
81	163.75	12.5	
81	163.75	12.5	
81	163.75	12.5	
81	163.75	12.5	
81	163.75	12.5	
81	163.75	12.5	
81	163.75	12.5	
82	0	0	
82	0	0	
82	0	0	
82	-1.25	0	
82	-1.25	2.5	
82	-1.25	2.5	
82	-1.25	2.5	
82	-1.25	2.5	
82	-1.25	2.5	
82	-1.25	2.5	
82	-1.25	2.5	
82	-1.25	2.5	
82	-1.25	2.5	
82	-1.25	2.5	
82	-1.25	2.5	
82	-1.25	2.5	
82	-1.25	2.5	
82	-1.25	2.5	
82	-1.25	2.5	
82	-1.25	3.75	
82	-1.25	3.75	
82	-1.25	3.75	
82	-1.25	3.75	
82	-1.25	3.75	
82	-1.25	3.75	
82	1.25	2.5	
82	3.75	2.5	
82	6.25	2.5	
82	8.75	0	
82	15	0	
82	26.25	0	
82	40	0	
82	46.25	0	
82	61.25	-1.25	
82	67.5	0	
82	91.25	-3.75	
82	100	-1.25	
82	108.75	-3.75	
82	118.75	-1.25	
82	128.75	-1.25	
82	148.75	-3.75	
82	160	-3.75	
82	178.75	-5	
82	197.5	-7.5	
82	205	-7.5	
82	222.5	-7.5	
82	237.5	-11.25	
82	245	-11.25	
82	253.75	-11.25	
82	260	-12.5	
82	282.5	-15	
82	290	-15	
82	302.5	-18.75	
82	310	-18.75	
82	321.25	-20	
82	328.75	-22.5	
82	333.75	-22.5	
82	335	-22.5	
82	336.25	-22.5	
82	337.5	-22.5	
82	338.75	-22.5	
82	338.75	-22.5	
82	338.75	-22.5	
82	338.75	-23.75	
82	338.75	-23.75	
82	338.75	-23.75	
82	338.75	-23.75	
82	338.75	-23.75	
82	338.75	-23.75	
82	338.75	-23.75	
82	338.75	-23.75	
82	338.75	-23.75	
82	338.75	-23.75	
82	338.75	-23.75	
83	0	0	
83	0	0	
83	0	0	
83	0	0	
83	0	0	
83	-1.25	0	
83	-1.25	0	
83	-1.25	0	
83	-1.25	0	
83	-1.25	0	
83	-1.25	0	
83	-1.25	0	
83	-1.25	0	
83	-1.25	0	
83	-1.25	0	
83	-1.25	0	
83	-1.25	0	
83	-1.25	0	
83	-1.25	0	
83	-1.25	0	
83	-1.25	0	
83	-1.25	0	
83	0	0	
83	1.25	0	
83	5	-2.5	
83	11.25	-2.5	
83	17.5	-2.5	
83	22.5	-3.75	
83	33.75	-3.75	
83	40	-6.25	
83	53.75	-6.25	
83	68.75	-7.5	
83	76.25	-10	
83	85	-10	
83	103.75	-13.75	
83	121.25	-13.75	
83	140	-13.75	
83	147.5	-15	
83	165	-13.75	
83	175	-13.75	
83	192.5	-15	
83	210	-15	
83	218.75	-15	
83	227.5	-17.5	
83	236.25	-17.5	
83	258.75	-17.5	
83	272.5	-21.25	
83	280	-21.25	
83	291.25	-21.25	
83	295	-21.25	
83	300	-22.5	
83	303.75	-22.5	
83	303.75	-25	
83	305	-22.5	
83	305	-25	
83	305	-25	
83	306.25	-25	
83	306.25	-25	
83	306.25	-25	
83	306.25	-25	
83	306.25	-25	
83	306.25	-25	
83	306.25	-25	
83	306.25	-25	
83	306.25	-25	
83	306.25	-25	
83	306.25	-25	
83	306.25	-25	
83	306.25	-25	
83	306.25	-25	
83	306.25	-25	
83	306.25	-25	
83	306.25	-25	
83	306.25	-25	
84	0	0	
84	0	0	
84	0	0	
84	0	0	
84	0	0	
84	0	0	
84	0	0	
84	0	0	
84	0	0	
84	0	0	
84	0	0	
84	0	0	
84	0	0	
84	0	0	
84	0	0	
84	0	0	
84	0	0	
84	0	0	
84	0	0	
84	0	0	
84	0	0	
84	0	0	
84	2.5	1.25	
84	6.25	1.25	
84	8.75	1.25	
84	16.25	0	
84	23.75	1.25	
84	28.75	0	
84	33.75	0	
84	45	0	
84	66.25	0	
84	72.5	0	
84	80	0	
84	93.75	0	
84	100	0	
84	115	0	
84	128.75	-2.5	
84	136.25	-2.5	
84	142.5	-3.75	
84	157.5	-6.25	
84	178.75	-10	
84	185	-11.25	
84	192.5	-13.75	
84	206.25	-15	
84	212.5	-17.5	
84	227.5	-17.5	
84	242.5	-18.75	
84	250	-18.75	
84	256.25	-21.25	
84	262.5	-21.25	
84	287.5	-25	
84	293.75	-25	
84	298.75	-25	
84	308.75	-25	
84	312.5	-25	
84	320	-26.25	
84	327.5	-26.25	
84	330	-26.25	
84	331.25	-26.25	
84	335	-25	
84	340	-25	
84	341.25	-25	
84	342.5	-25	
84	343.75	-25	
84	345	-25	
84	346.25	-25	
84	346.25	-25	
84	346.25	-25	
84	346.25	-25	
84	346.25	-25	
84	346.25	-25	
84	346.25	-25	
84	346.25	-25	
84	346.25	-25	
85	0	0	
85	0	0	
85	1.25	0	
85	1.25	0	
85	1.25	0	
85	1.25	0	
85	2.5	0	
85	2.5	0	
85	3.75	0	
85	3.75	0	
85	3.75	0	
85	5	0	
85	5	0	
85	6.25	0	
85	6.25	0	
85	6.25	0	
85	7.5	0	
85	7.5	0	
85	8.75	0	
85	10	0	
85	13.75	-1.25	
85	17.5	-3.75	
85	21.25	-3.75	
85	28.75	-3.75	
85	33.75	-5	
85	51.25	-10	
85	58.75	-12.5	
85	67.5	-12.5	
85	87.5	-16.25	
85	97.5	-17.5	
85	120	-21.25	
85	141.25	-25	
85	152.5	-27.5	
85	175	-31.25	
85	187.5	-31.25	
85	221.25	-35	
85	232.5	-36.25	
85	243.75	-38.75	
85	263.75	-38.75	
85	273.75	-40	
85	291.25	-42.5	
85	306.25	-46.25	
85	312.5	-46.25	
85	320	-47.5	
85	321.25	-47.5	
85	325	-50	
85	326.25	-50	
85	326.25	-50	
85	327.5	-50	
85	327.5	-50	
85	327.5	-50	
85	327.5	-50	
85	327.5	-50	
85	327.5	-50	
85	327.5	-50	
85	327.5	-50	
85	327.5	-50	
85	327.5	-50	
85	327.5	-50	
85	327.5	-50	
85	327.5	-50	
85	327.5	-50	
85	327.5	-50	
85	327.5	-50	
85	327.5	-50	
85	327.5	-50	
85	327.5	-50	
85	327.5	-50	
85	327.5	-50	
85	327.5	-50	
85	327.5	-50	
85	327.5	-50	
85	327.5	-50	
85	327.5	-50	
86	0	0	
86	0	0	
86	0	0	
86	0	0	
86	0	0	
86	0	0	
86	0	0	
86	0	0	
86	0	0	
86	0	0	
86	0	0	
86	0	0	
86	0	0	
86	0	0	
86	0	0	
86	0	0	
86	0	0	
86	0	0	
86	0	0	
86	0	0	
86	0	0	
86	0	-2.5	
86	0	-2.5	
86	0	-2.5	
86	0	-2.5	
86	0	0	
86	0	0	
86	1.25	0	
86	3.75	-2.5	
86	5	-2.5	
86	7.5	-2.5	
86	11.25	-2.5	
86	15	-2.5	
86	17.5	-2.5	
86	27.5	-3.75	
86	37.5	-6.25	
86	46.25	-6.25	
86	51.25	-6.25	
86	62.5	-7.5	
86	68.75	-10	
86	81.25	-10	
86	93.75	-10	
86	101.25	-11.25	
86	110	-11.25	
86	127.5	-11.25	
86	143.75	-11.25	
86	160	-13.75	
86	167.5	-13.75	
86	183.75	-17.5	
86	192.5	-17.5	
86	210	-21.25	
86	225	-25	
86	233.75	-25	
86	241.25	-28.75	
86	257.5	-30	
86	285	-33.75	
86	292.5	-33.75	
86	300	-36.25	
86	308.75	-36.25	
86	311.25	-36.25	
86	315	-36.25	
86	317.5	-37.5	
86	317.5	-37.5	
86	317.5	-37.5	
86	317.5	-37.5	
86	318.75	-40	
86	318.75	-40	
86	318.75	-40	
86	318.75	-40	
86	318.75	-40	
86	320	-40	
86	320	-40	
86	320	-40	
86	320	-40	
87	0	0	
87	0	0	
87	0	0	
87	0	0	
87	0	0	
87	0	0	
87	0	0	
87	0	0	
87	0	0	
87	0	0	
87	0	0	
87	0	0	
87	0	0	
87	0	0	
87	0	0	
87	0	0	
87	0	0	
87	0	0	
87	0	0	
87	0	0	
87	0	0	
87	0	0	
87	0	0	
87	0	0	
87	0	0	
87	0	0	
87	0	0	
87	0	0	
87	0	0	
87	0	0	
87	0	0	
87	0	0	
87	0	0	
87	0	0	
87	0	0	
87	0	0	
87	0	0	
87	0	0	
87	0	0	
87	0	0	
87	3.75	-1.25	
87	5	-1.25	
87	10	-3.75	
87	13.75	-3.75	
87	16.25	-3.75	
87	26.25	-7.5	
87	33.75	-7.5	
87	40	-7.5	
87	57.5	-8.75	
87	75	-11.25	
87	92.5	-12.5	
87	101.25	-15	
87	122.5	-16.25	
87	133.75	-18.75	
87	145	-18.75	
87	176.25	-22.5	
87	186.25	-23.75	
87	196.25	-26.25	
87	218.75	-30	
87	240	-30	
87	258.75	-31.25	
87	268.75	-33.75	
87	288.75	-35	
87	297.5	-37.5	
87	306.25	-37.5	
87	326.25	-37.5	
87	330	-38.75	
87	333.75	-38.75	
87	336.25	-38.75	
87	338.75	-38.75	
87	340	-38.75	
87	340	-41.25	
87	340	-41.25	
87	341.25	-41.25	
88	0	0	
88	0	0	
88	0	0	
88	0	-2.5	
88	0	-2.5	
88	1.25	-2.5	
88	1.25	-2.5	
88	1.25	-2.5	
88	1.25	-2.5	
88	1.25	-2.5	
88	1.25	-2.5	
88	1.25	-2.5	
88	1.25	-2.5	
88	1.25	-2.5	
88	1.25	-2.5	
88	1.25	-2.5	
88	1.25	-2.5	
88	1.25	-2.5	
88	1.25	-2.5	
88	1.25	-2.5	
88	1.25	-2.5	
88	1.25	-2.5	
88	1.25	-2.5	
88	1.25	-2.5	
88	1.25	-2.5	
88	1.25	-2.5	
88	1.25	-2.5	
88	0	-2.5	
88	0	-2.5	
88	0	-2.5	
88	-3.75	1.25	
88	-6.25	1.25	
88	-13.75	5	
88	-17.5	5	
88	-23.75	5	
88	-47.5	8.75	
88	-57.5	11.25	
88	-81.25	12.5	
88	-93.75	15	
88	-106.25	16.25	
88	-147.5	18.75	
88	-161.25	18.75	
88	-188.75	20	
88	-201.25	20	
88	-213.75	20	
88	-246.25	20	
88	-257.5	18.75	
88	-275	16.25	
88	-281.25	16.25	
88	-286.25	16.25	
88	-297.5	15	
88	-298.75	15	
88	-301.25	12.5	
88	-302.5	15	
88	-302.5	15	
88	-300	15	
88	-298.75	16.25	
88	-295	18.75	
88	-293.75	16.25	
88	-291.25	16.25	
88	-288.75	18.75	
88	-287.5	18.75	
88	-287.5	18.75	
88	-287.5	18.75	
88	-287.5	18.75	
88	-287.5	18.75	
88	-287.5	18.75	
88	-286.25	20	
88	-286.25	20	
88	-286.25	20	
88	-286.25	20	
88	-283.75	20	
88	-278.75	18.75	
88	-273.75	18.75	
89	0	0	
89	0	0	
89	0	0	
89	0	0	
89	0	0	
89	0	0	
89	0	0	
89	0	0	
89	0	0	
89	0	0	
89	0	0	
89	0	0	
89	0	0	
89	0	0	
89	0	0	
89	0	0	
89	0	0	
89	0	0	
89	0	0	
89	0	0	
89	0	2.5	
89	0	2.5	
89	0	2.5	
89	0	2.5	
89	0	3.75	
89	0	3.75	
89	0	3.75	
89	0	3.75	
89	0	3.75	
89	0	3.75	
89	0	3.75	
89	0	3.75	
89	1.25	2.5	
89	1.25	3.75	
89	5	3.75	
89	6.25	3.75	
89	10	3.75	
89	13.75	3.75	
89	20	3.75	
89	23.75	3.75	
89	27.5	3.75	
89	43.75	0	
89	50	-1.25	
89	55	-3.75	
89	68.75	-7.5	
89	76.25	-8.75	
89	97.5	-16.25	
89	108.75	-16.25	
89	128.75	-20	
89	138.75	-21.25	
89	150	-23.75	
89	183.75	-27.5	
89	195	-27.5	
89	206.25	-27.5	
89	228.75	-31.25	
89	238.75	-31.25	
89	268.75	-35	
89	285	-36.25	
89	290	-38.75	
89	292.5	-38.75	
89	296.25	-38.75	
89	300	-38.75	
89	301.25	-38.75	
89	302.5	-38.75	
89	302.5	-38.75	
89	302.5	-38.75	
89	303.75	-38.75	
89	303.75	-38.75	
89	303.75	-40	
89	303.75	-40	
89	303.75	-40	
89	305	-40	
89	305	-38.75	
89	305	-38.75	
90	0	0	
90	0	0	
90	0	0	
90	0	0	
90	0	0	
90	0	0	
90	0	0	
90	0	0	
90	0	0	
90	0	0	
90	0	0	
90	1.25	0	
90	1.25	0	
90	1.25	0	
90	1.25	0	
90	1.25	0	
90	1.25	0	
90	1.25	0	
90	1.25	0	
90	1.25	0	
90	1.25	0	
90	1.25	0	
90	1.25	0	
90	1.25	0	
90	1.25	0	
90	2.5	0	
90	7.5	3.75	
90	11.25	3.75	
90	15	5	
90	20	5	
90	48.75	8.75	
90	58.75	11.25	
90	70	12.5	
90	82.5	12.5	
90	108.75	16.25	
90	127.5	16.25	
90	146.25	18.75	
90	182.5	18.75	
90	198.75	18.75	
90	216.25	18.75	
90	275	18.75	
90	295	16.25	
90	312.5	15	
90	328.75	12.5	
90	328.75	12.5	
90	328.75	12.5	
90	328.75	12.5	
90	328.75	12.5	
90	328.75	12.5	
90	328.75	12.5	
90	328.75	12.5	
90	328.75	12.5	
90	328.75	12.5	
90	328.75	12.5	
90	328.75	12.5	
90	328.75	12.5	
90	328.75	12.5	
90	328.75	12.5	
90	328.75	12.5	
90	328.75	12.5	
90	328.75	12.5	
90	328.75	12.5	
90	328.75	12.5	
90	328.75	12.5	
90	328.75	12.5	
90	328.75	12.5	
90	328.75	12.5	
90	328.75	12.5	
90	328.75	12.5	
90	328.75	12.5	
90	328.75	12.5	
90	328.75	12.5	
90	328.75	12.5	
90	328.75	12.5	
91	0	0	
91	0	0	
91	0	0	
91	0	0	
91	0	0	
91	0	0	
91	0	0	
91	0	0	
91	0	0	
91	0	0	
91	0	0	
91	0	0	
91	0	0	
91	0	0	
91	0	0	
91	0	0	
91	0	0	
91	0	0	
91	0	0	
91	0	0	
91	0	0	
91	0	0	
91	0	0	
91	0	0	
91	0	0	
91	0	0	
91	0	0	
91	1.25	0	
91	6.25	0	
91	10	0	
91	17.5	2.5	
91	28.75	0	
91	36.25	0	
91	43.75	0	
91	61.25	0	
91	91.25	2.5	
91	102.5	3.75	
91	113.75	6.25	
91	138.75	7.5	
91	151.25	11.25	
91	176.25	15	
91	203.75	18.75	
91	217.5	22.5	
91	230	22.5	
91	257.5	26.25	
91	296.25	31.25	
91	308.75	31.25	
91	321.25	31.25	
91	345	31.25	
91	345	31.25	
91	345	31.25	
91	345	31.25	
91	345	31.25	
91	345	31.25	
91	345	31.25	
91	345	31.25	
91	345	31.25	
91	345	31.25	
91	345	31.25	
91	345	31.25	
91	345	31.25	
91	345	31.25	
91	345	31.25	
91	345	31.25	
91	345	31.25	
91	345	31.25	
91	345	31.25	
91	345	31.25	
91	345	31.25	
91	345	31.25	
91	345	31.25	
91	345	31.25	
91	345	31.25	
91	345	31.25	
92	0	0	
92	0	0	
92	0	0	
92	0	0	
92	0	0	
92	0	0	
92	0	0	
92	0	0	
92	0	0	
92	0	0	
92	0	0	
92	0	0	
92	0	0	
92	0	0	
92	0	0	
92	0	0	
92	0	0	
92	0	0	
92	0	0	
92	0	0	
92	0	0	
92	0	0	
92	0	0	
92	0	0	
92	0	0	
92	0	0	
92	0	0	
92	1.25	0	
92	3.75	1.25	
92	6.25	1.25	
92	15	-2.5	
92	20	-2.5	
92	25	-2.5	
92	30	-3.75	
92	42.5	-6.25	
92	58.75	-10	
92	67.5	-10	
92	87.5	-10	
92	112.5	-11.25	
92	125	-11.25	
92	166.25	-10	
92	166.25	-10	
92	186.25	-10	
92	205	-10	
92	241.25	-7.5	
92	275	-10	
92	290	-10	
92	320	-10	
92	346.25	-11.25	
92	346.25	-11.25	
92	346.25	-11.25	
92	346.25	-11.25	
92	346.25	-11.25	
92	346.25	-11.25	
92	346.25	-11.25	
92	346.25	-11.25	
92	346.25	-11.25	
92	346.25	-11.25	
92	346.25	-11.25	
92	346.25	-11.25	
92	346.25	-11.25	
92	346.25	-11.25	
92	346.25	-11.25	
92	346.25	-11.25	
92	346.25	-11.25	
92	346.25	-11.25	
92	346.25	-11.25	
92	346.25	-11.25	
92	346.25	-11.25	
92	346.25	-11.25	
92	346.25	-11.25	
92	346.25	-11.25	
92	346.25	-11.25	
92	346.25	-11.25	
93	0	0	
93	0	0	
93	0	0	
93	0	0	
93	0	0	
93	0	1.25	
93	0	1.25	
93	-1.25	1.25	
93	-1.25	1.25	
93	-1.25	1.25	
93	-1.25	1.25	
93	-1.25	1.25	
93	-1.25	1.25	
93	-1.25	1.25	
93	-1.25	1.25	
93	-1.25	1.25	
93	-1.25	1.25	
93	-1.25	1.25	
93	-1.25	1.25	
93	-1.25	1.25	
93	-1.25	1.25	
93	-1.25	1.25	
93	-1.25	1.25	
93	-1.25	1.25	
93	-1.25	1.25	
93	-1.25	0	
93	-1.25	0	
93	0	0	
93	1.25	0	
93	3.75	-2.5	
93	17.5	-3.75	
93	22.5	-6.25	
93	27.5	-7.5	
93	35	-10	
93	47.5	-15	
93	65	-18.75	
93	83.75	-20	
93	93.75	-22.5	
93	105	-22.5	
93	117.5	-23.75	
93	167.5	-22.5	
93	182.5	-22.5	
93	196.25	-20	
93	210	-18.75	
93	240	-15	
93	268.75	-11.25	
93	296.25	-10	
93	310	-6.25	
93	321.25	-6.25	
93	333.75	-3.75	
93	333.75	-3.75	
93	333.75	-3.75	
93	333.75	-3.75	
93	333.75	-3.75	
93	333.75	-3.75	
93	333.75	-3.75	
93	333.75	-3.75	
93	333.75	-3.75	
93	333.75	-3.75	
93	333.75	-3.75	
93	333.75	-3.75	
93	333.75	-3.75	
93	333.75	-3.75	
93	333.75	-3.75	
93	333.75	-3.75	
93	333.75	-3.75	
93	333.75	-3.75	
93	333.75	-3.75	
93	333.75	-3.75	
93	333.75	-3.75	
93	333.75	-3.75	
93	333.75	-3.75	
93	333.75	-3.75	
93	333.75	-3.75	
94	0	0	
94	-6.25	0	
94	-10	0	
94	-11.25	0	
94	-12.5	0	
94	-13.75	0	
94	-13.75	0	
94	-13.75	0	
94	-13.75	0	
94	-13.75	0	
94	-15	0	
94	-15	0	
94	-15	0	
94	-15	0	
94	-15	0	
94	-15	-1.25	
94	-15	-1.25	
94	-15	-1.25	
94	-15	-1.25	
94	-15	0	
94	-15	0	
94	-15	0	
94	-15	0	
94	-15	0	
94	-15	0	
94	-15	0	
94	-15	0	
94	-15	0	
94	-15	0	
94	-12.5	-1.25	
94	-6.25	-3.75	
94	-2.5	-3.75	
94	7.5	-3.75	
94	13.75	-5	
94	28.75	-8.75	
94	47.5	-12.5	
94	57.5	-12.5	
94	71.25	-12.5	
94	86.25	-12.5	
94	115	-13.75	
94	146.25	-13.75	
94	180	-13.75	
94	197.5	-13.75	
94	213.75	-16.25	
94	247.5	-13.75	
94	297.5	-12.5	
94	313.75	-12.5	
94	327.5	-12.5	
94	337.5	-12.5	
94	337.5	-12.5	
94	337.5	-12.5	
94	337.5	-12.5	
94	337.5	-12.5	
94	337.5	-12.5	
94	337.5	-12.5	
94	337.5	-12.5	
94	337.5	-12.5	
94	337.5	-12.5	
94	337.5	-12.5	
94	337.5	-12.5	
94	337.5	-12.5	
94	337.5	-12.5	
94	337.5	-12.5	
94	337.5	-12.5	
94	337.5	-12.5	
94	337.5	-12.5	
94	337.5	-12.5	
94	337.5	-12.5	
94	337.5	-12.5	
94	337.5	-12.5	
94	337.5	-12.5	
94	337.5	-12.5	
94	337.5	-12.5	
94	337.5	-12.5	
95	0	0	
95	0	0	
95	0	0	
95	0	0	
95	0	0	
95	0	0	
95	0	0	
95	0	0	
95	0	0	
95	0	0	
95	0	-1.25	
95	0	-1.25	
95	0	-1.25	
95	0	-1.25	
95	0	-1.25	
95	0	-1.25	
95	0	0	
95	0	0	
95	0	0	
95	0	0	
95	1.25	0	
95	3.75	0	
95	7.5	0	
95	11.25	0	
95	16.25	0	
95	27.5	-3.75	
95	32.5	-3.75	
95	45	-3.75	
95	52.5	-7.5	
95	60	-7.5	
95	87.5	-8.75	
95	96.25	-11.25	
95	107.5	-11.25	
95	118.75	-15	
95	141.25	-16.25	
95	163.75	-18.75	
95	176.25	-18.75	
95	200	-22.5	
95	221.25	-22.5	
95	231.25	-22.5	
95	251.25	-23.75	
95	268.75	-27.5	
95	276.25	-27.5	
95	282.5	-27.5	
95	295	-27.5	
95	305	-23.75	
95	310	-23.75	
95	316.25	-22.5	
95	321.25	-22.5	
95	323.75	-22.5	
95	327.5	-22.5	
95	330	-22.5	
95	330	-22.5	
95	331.25	-22.5	
95	331.25	-20	
95	332.5	-20	
95	332.5	-20	
95	332.5	-20	
95	335	-20	
95	336.25	-20	
95	337.5	-20	
95	341.25	-20	
95	342.5	-20	
95	345	-18.75	
95	347.5	-18.75	
95	347.5	-18.75	
95	347.5	-18.75	
95	347.5	-18.75	
95	347.5	-18.75	
95	347.5	-18.75	
95	347.5	-18.75	
95	347.5	-18.75	
95	347.5	-18.75	
95	347.5	-18.75	
96	0	0	
96	0	0	
96	0	0	
96	0	0	
96	0	0	
96	0	0	
96	0	0	
96	0	0	
96	0	0	
96	0	0	
96	0	0	
96	0	0	
96	0	0	
96	0	0	
96	0	0	
96	0	0	
96	0	0	
96	0	0	
96	0	0	
96	0	0	
96	0	0	
96	0	0	
96	0	0	
96	0	0	
96	0	0	
96	0	0	
96	0	0	
96	1.25	-2.5	
96	2.5	-2.5	
96	8.75	-2.5	
96	25	0	
96	32.5	-2.5	
96	42.5	-2.5	
96	61.25	-2.5	
96	72.5	-2.5	
96	95	-2.5	
96	123.75	-3.75	
96	123.75	-3.75	
96	142.5	-3.75	
96	180	-2.5	
96	235	-2.5	
96	253.75	-2.5	
96	271.25	-2.5	
96	306.25	0	
96	323.75	1.25	
96	340	1.25	
96	340	1.25	
96	340	1.25	
96	340	1.25	
96	340	1.25	
96	340	1.25	
96	340	1.25	
96	340	1.25	
96	340	1.25	
96	340	1.25	
96	340	1.25	
96	340	1.25	
96	340	1.25	
96	340	1.25	
96	340	1.25	
96	340	1.25	
96	340	1.25	
96	340	1.25	
96	340	1.25	
96	340	1.25	
96	340	1.25	
96	340	1.25	
96	340	1.25	
96	340	1.25	
96	340	1.25	
96	340	1.25	
96	340	1.25	
96	340	1.25	
96	340	1.25	
