173
228
45
163
179
78
21
139
148
156
81
250
2
90
112
129
166
26
141
159
24
28
87
142
134
155
126
256
239
206
8
131
168
10
203
118
238
157
61
91
254
264
108
3
255
178
146
56
84
104
115
77
167
51
92
248
175
229
245
53
41
208
18
138
97
52
40
211
31
128
207
233
68
93
133
187
4
149
13
103
209
107
23
63
222
205
260
98
210
246
71
225
164
50
226
244
48
198
177
86
89
193
190
22
236
16
119
249
47
137
242
170
162
247
224
240
181
106
223
39
195
25
122
202
65
49
253
214
42
221
58
234
79
38
60
117
130
189
219
165
150
19
188
55
113
64
263
59
43
261
27
7
82
192
201
258
9
144
213
230
20
186
172
216
11
154
46
1
217
140
54
153
132
120
227
67
185
102
183
101
136
17
143
111
145
105
199
121
62
12
66
100
180
32
174
14
197
36
85
44
191
35
123
237
262
99
125
252
70
204
243
124
220
95
57
161
169
114
75
76
33
116
73
110
152
232
69
200
182
83
96
184
88
171
160
74
15
147
218
158
80
151
109
212
135
257
251
231
72
127
176
194
5
37
34
196
30
259
29
215
241
235
6
94
