Trial	X	Y
1	0	0	
1	0	0	
1	0	0	
1	0	0	
1	0	0	
1	0	0	
1	0	0	
1	0	0	
1	0	0	
1	0	0	
1	0	0	
1	0	0	
1	0	0	
1	0	0	
1	0	0	
1	0	0	
1	0	0	
1	0	0	
1	0	0	
1	0	0	
1	0	0	
1	0	0	
1	0	0	
1	10	11.25	
1	12.5	11.25	
1	17.5	15	
1	28.75	18.75	
1	42.5	25	
1	50	26.25	
1	67.5	33.75	
1	75	37.5	
1	93.75	41.25	
1	111.25	45	
1	126.25	48.75	
1	133.75	51.25	
1	140	51.25	
1	146.25	52.5	
1	161.25	51.25	
1	165	51.25	
1	173.75	48.75	
1	176.25	47.5	
1	180	47.5	
1	192.5	45	
1	200	45	
1	205	45	
1	210	45	
1	215	45	
1	232.5	45	
1	238.75	45	
1	250	45	
1	255	45	
1	260	45	
1	273.75	43.75	
1	286.25	41.25	
1	291.25	41.25	
1	296.25	40	
1	298.75	37.5	
1	308.75	32.5	
1	310	30	
1	312.5	26.25	
1	315	22.5	
1	316.25	22.5	
1	320	17.5	
1	326.25	15	
1	330	15	
1	332.5	13.75	
1	336.25	13.75	
1	347.5	15	
1	347.5	15	
1	347.5	15	
1	347.5	15	
1	347.5	15	
1	347.5	15	
1	347.5	15	
2	0	0	
2	0	0	
2	0	0	
2	0	0	
2	0	0	
2	0	0	
2	0	0	
2	0	0	
2	0	0	
2	0	0	
2	0	0	
2	0	0	
2	0	0	
2	0	0	
2	0	0	
2	0	0	
2	0	0	
2	0	0	
2	0	0	
2	0	0	
2	0	0	
2	0	0	
2	0	0	
2	0	0	
2	0	0	
2	2.5	0	
2	5	-2.5	
2	7.5	-2.5	
2	22.5	0	
2	38.75	1.25	
2	50	3.75	
2	62.5	5	
2	91.25	7.5	
2	123.75	8.75	
2	140	8.75	
2	175	8.75	
2	191.25	8.75	
2	207.5	8.75	
2	241.25	8.75	
2	267.5	11.25	
2	276.25	11.25	
2	285	12.5	
2	290	12.5	
2	301.25	12.5	
2	303.75	12.5	
2	307.5	12.5	
2	310	15	
2	313.75	16.25	
2	326.25	16.25	
2	340	16.25	
2	347.5	16.25	
2	347.5	16.25	
2	347.5	16.25	
2	347.5	16.25	
2	347.5	16.25	
2	347.5	16.25	
2	347.5	16.25	
2	347.5	16.25	
2	347.5	16.25	
2	347.5	16.25	
2	347.5	16.25	
2	347.5	16.25	
2	347.5	16.25	
2	347.5	16.25	
2	347.5	16.25	
2	347.5	16.25	
2	347.5	16.25	
2	347.5	16.25	
2	347.5	16.25	
2	347.5	16.25	
2	347.5	16.25	
2	347.5	16.25	
2	347.5	16.25	
2	347.5	16.25	
3	0	0	
3	0	0	
3	0	0	
3	0	0	
3	0	0	
3	0	0	
3	0	0	
3	0	0	
3	0	0	
3	0	0	
3	0	0	
3	0	0	
3	0	0	
3	0	0	
3	0	0	
3	0	0	
3	0	0	
3	0	0	
3	0	0	
3	0	0	
3	0	0	
3	1.25	1.25	
3	3.75	1.25	
3	30	7.5	
3	42.5	8.75	
3	57.5	12.5	
3	93.75	16.25	
3	115	20	
3	186.25	27.5	
3	210	30	
3	231.25	31.25	
3	268.75	33.75	
3	268.75	33.75	
3	298.75	35	
3	316.25	35	
3	321.25	35	
3	328.75	35	
3	331.25	35	
3	333.75	35	
3	333.75	35	
3	333.75	35	
3	333.75	35	
3	333.75	35	
3	335	35	
3	337.5	31.25	
3	338.75	27.5	
3	340	26.25	
3	342.5	22.5	
3	343.75	20	
3	343.75	20	
3	343.75	20	
3	343.75	20	
3	343.75	20	
3	343.75	20	
3	343.75	20	
3	343.75	20	
3	343.75	20	
3	343.75	20	
3	343.75	20	
3	343.75	20	
3	343.75	20	
3	343.75	20	
3	343.75	20	
3	343.75	20	
3	343.75	20	
3	343.75	20	
3	343.75	20	
3	343.75	20	
3	343.75	20	
3	343.75	20	
3	343.75	20	
3	343.75	20	
3	343.75	20	
3	343.75	20	
4	0	0	
4	0	0	
4	0	0	
4	0	0	
4	0	0	
4	0	0	
4	0	0	
4	0	0	
4	0	0	
4	0	0	
4	0	0	
4	0	0	
4	0	0	
4	0	0	
4	0	0	
4	0	0	
4	0	0	
4	0	0	
4	0	0	
4	0	0	
4	0	0	
4	0	0	
4	0	0	
4	2.5	0	
4	5	0	
4	7.5	0	
4	11.25	-1.25	
4	20	-3.75	
4	32.5	-3.75	
4	41.25	-3.75	
4	61.25	-3.75	
4	73.75	-3.75	
4	87.5	-5	
4	132.5	-7.5	
4	162.5	-7.5	
4	178.75	-7.5	
4	195	-7.5	
4	212.5	-7.5	
4	247.5	-7.5	
4	247.5	-7.5	
4	280	-5	
4	295	-3.75	
4	306.25	-3.75	
4	323.75	0	
4	333.75	0	
4	338.75	0	
4	341.25	0	
4	342.5	0	
4	345	2.5	
4	345	2.5	
4	345	2.5	
4	345	2.5	
4	345	2.5	
4	345	2.5	
4	345	2.5	
4	345	2.5	
4	345	2.5	
4	346.25	2.5	
4	347.5	3.75	
4	348.75	3.75	
4	348.75	3.75	
4	348.75	3.75	
4	348.75	3.75	
4	348.75	3.75	
4	348.75	3.75	
4	348.75	3.75	
4	348.75	3.75	
4	348.75	3.75	
4	348.75	3.75	
4	348.75	3.75	
4	348.75	3.75	
4	348.75	3.75	
4	348.75	3.75	
4	348.75	3.75	
5	0	0	
5	0	0	
5	0	0	
5	0	0	
5	0	0	
5	0	0	
5	0	0	
5	0	0	
5	0	0	
5	0	0	
5	0	0	
5	0	0	
5	0	0	
5	0	0	
5	0	0	
5	0	0	
5	0	0	
5	0	0	
5	0	0	
5	0	0	
5	0	0	
5	0	0	
5	0	0	
5	0	0	
5	0	0	
5	0	0	
5	0	0	
5	1.25	0	
5	15	0	
5	23.75	0	
5	33.75	0	
5	60	0	
5	81.25	0	
5	121.25	2.5	
5	141.25	3.75	
5	177.5	6.25	
5	195	6.25	
5	195	6.25	
5	242.5	7.5	
5	253.75	7.5	
5	263.75	7.5	
5	280	11.25	
5	292.5	11.25	
5	301.25	13.75	
5	303.75	15	
5	310	15	
5	311.25	15	
5	313.75	15	
5	321.25	13.75	
5	323.75	11.25	
5	327.5	11.25	
5	332.5	10	
5	337.5	10	
5	340	10	
5	342.5	10	
5	343.75	11.25	
5	343.75	11.25	
5	343.75	11.25	
5	343.75	11.25	
5	343.75	11.25	
5	343.75	11.25	
5	343.75	11.25	
5	343.75	11.25	
5	343.75	11.25	
5	343.75	11.25	
5	343.75	11.25	
5	343.75	11.25	
5	343.75	11.25	
5	343.75	11.25	
5	343.75	11.25	
5	343.75	11.25	
5	343.75	11.25	
5	343.75	11.25	
5	343.75	11.25	
6	0	0	
6	0	0	
6	0	0	
6	0	0	
6	0	0	
6	0	0	
6	0	0	
6	0	0	
6	0	0	
6	0	0	
6	0	0	
6	0	0	
6	0	0	
6	0	0	
6	0	0	
6	0	0	
6	0	0	
6	0	0	
6	0	0	
6	0	0	
6	0	0	
6	0	0	
6	0	0	
6	0	0	
6	0	0	
6	0	0	
6	0	0	
6	0	0	
6	0	0	
6	0	0	
6	0	0	
6	0	0	
6	0	0	
6	2.5	0	
6	5	0	
6	7.5	2.5	
6	11.25	2.5	
6	22.5	3.75	
6	51.25	7.5	
6	65	11.25	
6	77.5	11.25	
6	107.5	15	
6	107.5	15	
6	162.5	18.75	
6	178.75	18.75	
6	193.75	21.25	
6	218.75	22.5	
6	228.75	22.5	
6	246.25	22.5	
6	257.5	22.5	
6	263.75	22.5	
6	266.25	22.5	
6	268.75	22.5	
6	277.5	21.25	
6	277.5	21.25	
6	285	21.25	
6	288.75	21.25	
6	292.5	18.75	
6	302.5	18.75	
6	307.5	17.5	
6	308.75	17.5	
6	311.25	17.5	
6	312.5	17.5	
6	317.5	15	
6	318.75	15	
6	320	15	
6	322.5	15	
6	322.5	15	
6	325	15	
6	326.25	15	
6	328.75	15	
6	328.75	15	
6	330	15	
6	330	15	
7	0	0	
7	0	0	
7	0	0	
7	0	0	
7	0	0	
7	0	0	
7	0	0	
7	0	0	
7	0	0	
7	0	0	
7	0	0	
7	0	0	
7	0	0	
7	0	0	
7	0	0	
7	0	0	
7	0	0	
7	0	0	
7	0	0	
7	0	0	
7	0	0	
7	0	0	
7	0	0	
7	0	0	
7	0	0	
7	0	0	
7	6.25	0	
7	11.25	0	
7	38.75	0	
7	51.25	0	
7	65	0	
7	80	0	
7	113.75	0	
7	151.25	0	
7	170	0	
7	207.5	0	
7	243.75	0	
7	260	0	
7	297.5	0	
7	306.25	0	
7	313.75	0	
7	320	0	
7	327.5	0	
7	332.5	0	
7	333.75	0	
7	335	0	
7	335	2.5	
7	335	2.5	
7	335	3.75	
7	335	3.75	
7	335	3.75	
7	335	3.75	
7	336.25	3.75	
7	336.25	3.75	
7	336.25	3.75	
7	336.25	3.75	
7	336.25	3.75	
7	336.25	3.75	
7	336.25	3.75	
7	336.25	3.75	
7	336.25	3.75	
7	336.25	3.75	
7	336.25	3.75	
7	336.25	3.75	
7	336.25	3.75	
7	336.25	3.75	
7	336.25	3.75	
7	337.5	3.75	
7	337.5	3.75	
7	337.5	3.75	
7	337.5	3.75	
7	337.5	3.75	
7	337.5	3.75	
7	337.5	3.75	
8	0	0	
8	0	0	
8	0	0	
8	0	0	
8	0	0	
8	0	0	
8	0	0	
8	0	0	
8	0	0	
8	0	0	
8	0	0	
8	0	0	
8	0	0	
8	0	0	
8	0	0	
8	0	0	
8	0	0	
8	0	0	
8	0	0	
8	0	0	
8	0	0	
8	0	0	
8	0	0	
8	0	0	
8	0	0	
8	0	0	
8	0	0	
8	1.25	0	
8	8.75	0	
8	12.5	0	
8	28.75	2.5	
8	38.75	2.5	
8	50	3.75	
8	95	7.5	
8	130	11.25	
8	148.75	11.25	
8	167.5	13.75	
8	185	13.75	
8	236.25	15	
8	251.25	15	
8	265	17.5	
8	290	18.75	
8	301.25	18.75	
8	326.25	25	
8	338.75	26.25	
8	342.5	26.25	
8	346.25	28.75	
8	346.25	28.75	
8	346.25	28.75	
8	346.25	28.75	
8	346.25	28.75	
8	346.25	28.75	
8	346.25	28.75	
8	346.25	28.75	
8	346.25	28.75	
8	346.25	28.75	
8	346.25	28.75	
8	346.25	28.75	
8	346.25	28.75	
8	346.25	28.75	
8	346.25	28.75	
8	346.25	28.75	
8	346.25	28.75	
8	346.25	28.75	
8	346.25	28.75	
8	346.25	28.75	
8	346.25	28.75	
8	346.25	28.75	
8	346.25	28.75	
8	346.25	28.75	
8	346.25	28.75	
8	346.25	28.75	
8	346.25	28.75	
8	346.25	28.75	
9	0	0	
9	2.5	2.5	
9	3.75	3.75	
9	10	6.25	
9	11.25	7.5	
9	13.75	7.5	
9	15	7.5	
9	15	7.5	
9	17.5	10	
9	17.5	10	
9	17.5	10	
9	17.5	10	
9	17.5	10	
9	17.5	10	
9	17.5	10	
9	17.5	10	
9	17.5	10	
9	17.5	10	
9	17.5	10	
9	17.5	10	
9	17.5	10	
9	17.5	10	
9	17.5	10	
9	17.5	10	
9	18.75	10	
9	18.75	7.5	
9	22.5	7.5	
9	25	7.5	
9	41.25	7.5	
9	47.5	6.25	
9	56.25	6.25	
9	76.25	3.75	
9	88.75	3.75	
9	130	2.5	
9	130	2.5	
9	148.75	3.75	
9	185	3.75	
9	202.5	3.75	
9	232.5	6.25	
9	261.25	7.5	
9	275	7.5	
9	297.5	7.5	
9	306.25	7.5	
9	328.75	7.5	
9	333.75	6.25	
9	338.75	6.25	
9	345	3.75	
9	348.75	3.75	
9	348.75	3.75	
9	348.75	3.75	
9	348.75	3.75	
9	348.75	3.75	
9	348.75	3.75	
9	348.75	3.75	
9	348.75	3.75	
9	348.75	3.75	
9	348.75	3.75	
9	348.75	3.75	
9	348.75	3.75	
9	348.75	3.75	
9	348.75	3.75	
9	348.75	3.75	
9	348.75	3.75	
9	348.75	3.75	
9	348.75	3.75	
9	348.75	3.75	
9	348.75	3.75	
9	348.75	3.75	
9	348.75	3.75	
9	348.75	3.75	
9	348.75	3.75	
9	348.75	3.75	
9	348.75	3.75	
9	348.75	3.75	
10	0	0	
10	0	0	
10	0	0	
10	0	0	
10	0	0	
10	0	0	
10	0	0	
10	0	0	
10	0	0	
10	0	0	
10	0	0	
10	0	0	
10	0	0	
10	0	0	
10	0	0	
10	0	0	
10	0	0	
10	0	0	
10	0	0	
10	0	0	
10	0	0	
10	0	0	
10	0	0	
10	0	0	
10	0	0	
10	0	0	
10	0	0	
10	0	0	
10	0	0	
10	0	0	
10	1.25	-2.5	
10	3.75	-3.75	
10	6.25	-6.25	
10	11.25	-6.25	
10	27.5	-7.5	
10	37.5	-10	
10	48.75	-11.25	
10	75	-15	
10	123.75	-21.25	
10	142.5	-21.25	
10	160	-21.25	
10	196.25	-22.5	
10	213.75	-22.5	
10	246.25	-21.25	
10	273.75	-21.25	
10	286.25	-18.75	
10	296.25	-18.75	
10	311.25	-17.5	
10	325	-17.5	
10	327.5	-17.5	
10	328.75	-17.5	
10	331.25	-15	
10	331.25	-15	
10	332.5	-15	
10	332.5	-13.75	
10	332.5	-13.75	
10	332.5	-13.75	
10	332.5	-13.75	
10	333.75	-11.25	
10	333.75	-11.25	
10	333.75	-11.25	
10	333.75	-11.25	
10	333.75	-10	
10	336.25	-7.5	
10	336.25	-6.25	
10	337.5	-3.75	
10	337.5	-2.5	
10	337.5	-2.5	
10	340	1.25	
10	340	1.25	
10	340	1.25	
10	340	1.25	
10	340	1.25	
10	340	1.25	
11	0	0	
11	0	0	
11	0	0	
11	0	0	
11	0	0	
11	0	0	
11	0	0	
11	0	0	
11	-2.5	-1.25	
11	-3.75	-1.25	
11	-3.75	-1.25	
11	-3.75	-1.25	
11	-3.75	-1.25	
11	-3.75	-1.25	
11	-3.75	-1.25	
11	-3.75	-1.25	
11	-3.75	-1.25	
11	-3.75	-1.25	
11	-3.75	-1.25	
11	-3.75	-1.25	
11	-3.75	-1.25	
11	-3.75	-1.25	
11	-3.75	-1.25	
11	0	-3.75	
11	1.25	-3.75	
11	7.5	-3.75	
11	12.5	-3.75	
11	26.25	-5	
11	46.25	-5	
11	57.5	-5	
11	85	-5	
11	101.25	-3.75	
11	117.5	-3.75	
11	171.25	-3.75	
11	188.75	-3.75	
11	207.5	-1.25	
11	241.25	0	
11	271.25	0	
11	295	2.5	
11	305	2.5	
11	312.5	3.75	
11	322.5	3.75	
11	326.25	3.75	
11	332.5	3.75	
11	333.75	3.75	
11	333.75	3.75	
11	335	3.75	
11	335	3.75	
11	335	3.75	
11	335	3.75	
11	335	3.75	
11	335	3.75	
11	335	3.75	
11	335	3.75	
11	335	3.75	
11	335	3.75	
11	335	3.75	
11	335	3.75	
11	335	3.75	
11	335	3.75	
11	335	3.75	
11	335	3.75	
11	335	3.75	
11	335	3.75	
11	335	3.75	
11	335	3.75	
11	335	3.75	
11	335	3.75	
11	335	3.75	
11	335	3.75	
11	335	3.75	
11	335	3.75	
11	335	3.75	
11	335	3.75	
12	0	0	
12	0	0	
12	0	0	
12	0	0	
12	0	0	
12	0	0	
12	0	0	
12	0	0	
12	0	0	
12	0	0	
12	0	0	
12	0	0	
12	0	0	
12	0	0	
12	0	0	
12	0	0	
12	0	0	
12	0	0	
12	0	0	
12	0	0	
12	0	0	
12	0	0	
12	0	0	
12	0	0	
12	0	0	
12	0	0	
12	0	0	
12	0	0	
12	0	0	
12	0	0	
12	0	0	
12	0	0	
12	0	0	
12	7.5	-2.5	
12	21.25	-3.75	
12	30	-3.75	
12	42.5	-6.25	
12	56.25	-6.25	
12	100	-3.75	
12	122.5	-3.75	
12	166.25	-2.5	
12	187.5	0	
12	208.75	0	
12	262.5	1.25	
12	290	1.25	
12	301.25	1.25	
12	310	1.25	
12	316.25	1.25	
12	328.75	1.25	
12	331.25	1.25	
12	333.75	1.25	
12	335	1.25	
12	336.25	1.25	
12	336.25	1.25	
12	336.25	1.25	
12	336.25	1.25	
12	336.25	1.25	
12	336.25	1.25	
12	336.25	1.25	
12	336.25	1.25	
12	336.25	1.25	
12	336.25	1.25	
12	336.25	1.25	
12	336.25	1.25	
12	336.25	1.25	
12	336.25	1.25	
12	336.25	1.25	
12	336.25	1.25	
12	337.5	1.25	
12	337.5	1.25	
12	337.5	1.25	
12	337.5	1.25	
12	337.5	1.25	
12	337.5	1.25	
13	0	0	
13	0	0	
13	0	0	
13	0	0	
13	0	0	
13	0	0	
13	0	0	
13	0	0	
13	0	0	
13	0	0	
13	0	0	
13	0	0	
13	0	0	
13	0	0	
13	0	0	
13	0	0	
13	0	0	
13	0	0	
13	0	0	
13	0	0	
13	1.25	0	
13	2.5	0	
13	5	0	
13	16.25	-1.25	
13	23.75	-1.25	
13	32.5	0	
13	41.25	0	
13	65	0	
13	93.75	0	
13	125	0	
13	142.5	0	
13	177.5	0	
13	193.75	2.5	
13	241.25	3.75	
13	253.75	3.75	
13	266.25	6.25	
13	277.5	7.5	
13	295	7.5	
13	307.5	7.5	
13	315	10	
13	318.75	10	
13	321.25	10	
13	323.75	10	
13	325	10	
13	325	10	
13	325	10	
13	325	10	
13	325	10	
13	325	10	
13	326.25	10	
13	326.25	10	
13	327.5	10	
13	328.75	10	
13	332.5	10	
13	332.5	10	
13	333.75	10	
13	335	10	
13	335	7.5	
13	335	7.5	
13	335	7.5	
13	335	7.5	
13	335	7.5	
13	335	7.5	
13	335	7.5	
13	335	7.5	
13	335	7.5	
13	335	7.5	
13	335	7.5	
13	335	7.5	
13	335	7.5	
13	335	7.5	
13	335	7.5	
13	335	7.5	
13	335	7.5	
14	0	0	
14	0	0	
14	0	0	
14	0	0	
14	0	0	
14	0	0	
14	0	0	
14	0	0	
14	0	0	
14	0	0	
14	0	0	
14	0	0	
14	0	0	
14	0	0	
14	0	0	
14	0	0	
14	0	0	
14	0	0	
14	0	0	
14	0	0	
14	0	0	
14	0	0	
14	0	0	
14	1.25	-1.25	
14	2.5	-1.25	
14	5	-1.25	
14	8.75	-1.25	
14	21.25	0	
14	56.25	3.75	
14	73.75	3.75	
14	91.25	6.25	
14	132.5	7.5	
14	155	10	
14	201.25	11.25	
14	246.25	13.75	
14	267.5	13.75	
14	287.5	13.75	
14	321.25	13.75	
14	335	11.25	
14	335	11.25	
14	335	11.25	
14	335	11.25	
14	335	11.25	
14	335	11.25	
14	335	11.25	
14	335	11.25	
14	335	11.25	
14	335	11.25	
14	335	11.25	
14	335	11.25	
14	335	11.25	
14	335	11.25	
14	335	11.25	
14	335	11.25	
14	335	11.25	
14	335	11.25	
14	335	11.25	
14	335	11.25	
14	335	11.25	
14	335	11.25	
14	335	11.25	
14	335	11.25	
14	335	11.25	
14	335	11.25	
14	335	11.25	
14	335	11.25	
14	335	11.25	
14	335	11.25	
14	335	11.25	
14	335	11.25	
14	335	11.25	
14	335	11.25	
14	335	11.25	
14	335	11.25	
15	0	0	
15	0	0	
15	0	0	
15	0	0	
15	0	0	
15	0	0	
15	0	0	
15	0	0	
15	0	0	
15	0	0	
15	0	0	
15	0	0	
15	0	0	
15	0	0	
15	0	0	
15	0	0	
15	0	0	
15	0	0	
15	-5	1.25	
15	-8.75	1.25	
15	-15	1.25	
15	-35	1.25	
15	-47.5	1.25	
15	-97.5	-2.5	
15	-117.5	-2.5	
15	-158.75	-6.25	
15	-180	-10	
15	-198.75	-11.25	
15	-252.5	-17.5	
15	-266.25	-17.5	
15	-278.75	-17.5	
15	-297.5	-17.5	
15	-302.5	-17.5	
15	-311.25	-17.5	
15	-315	-17.5	
15	-317.5	-17.5	
15	-317.5	-17.5	
15	-317.5	-17.5	
15	-318.75	-17.5	
15	-318.75	-17.5	
15	-318.75	-17.5	
15	-318.75	-17.5	
15	-318.75	-17.5	
15	-318.75	-17.5	
15	-315	-17.5	
15	-311.25	-17.5	
15	-300	-13.75	
15	-292.5	-13.75	
15	-257.5	-7.5	
15	-241.25	-6.25	
15	-223.75	-6.25	
15	-183.75	-2.5	
15	-162.5	-2.5	
15	-116.25	-2.5	
15	-71.25	-3.75	
15	-50	-6.25	
15	-11.25	-7.5	
15	5	-7.5	
15	42.5	-10	
15	51.25	-10	
15	57.5	-11.25	
15	67.5	-11.25	
15	72.5	-11.25	
15	82.5	-10	
15	93.75	-10	
15	98.75	-10	
15	111.25	-10	
15	117.5	-11.25	
15	127.5	-13.75	
15	128.75	-13.75	
15	130	-13.75	
15	131.25	-13.75	
15	131.25	-15	
15	131.25	-15	
16	0	0	
16	0	0	
16	0	0	
16	0	0	
16	0	0	
16	0	0	
16	0	0	
16	0	0	
16	0	0	
16	0	0	
16	0	0	
16	0	0	
16	0	0	
16	0	0	
16	0	0	
16	0	0	
16	0	0	
16	0	0	
16	0	0	
16	0	0	
16	0	0	
16	0	0	
16	0	0	
16	0	0	
16	0	0	
16	0	0	
16	0	0	
16	0	0	
16	0	0	
16	0	0	
16	0	0	
16	0	0	
16	0	0	
16	0	0	
16	0	0	
16	0	0	
16	0	0	
16	0	0	
16	0	0	
16	0	0	
16	0	0	
16	0	0	
16	0	0	
16	0	0	
16	0	0	
16	0	0	
16	0	0	
16	0	0	
16	0	0	
16	0	0	
16	0	0	
16	0	0	
16	0	0	
16	0	0	
16	0	0	
16	0	0	
16	0	0	
16	-342.5	-52.5	
16	-292.5	-45	
16	-271.25	-41.25	
16	-223.75	-37.5	
16	-200	-35	
16	-176.25	-33.75	
16	-112.5	-33.75	
16	-81.25	-35	
16	-68.75	-37.5	
16	-58.75	-37.5	
16	-50	-38.75	
16	-30	-41.25	
16	-25	-41.25	
16	-15	-37.5	
16	-8.75	-37.5	
16	-2.5	-33.75	
16	21.25	-30	
17	0	0	
17	0	0	
17	0	0	
17	0	0	
17	0	0	
17	0	0	
17	0	0	
17	0	0	
17	0	0	
17	0	0	
17	0	0	
17	0	0	
17	0	0	
17	0	0	
17	0	0	
17	0	0	
17	0	0	
17	0	0	
17	0	0	
17	0	0	
17	0	0	
17	0	0	
17	0	0	
17	1.25	2.5	
17	5	3.75	
17	8.75	3.75	
17	15	6.25	
17	33.75	10	
17	62.5	15	
17	80	15	
17	118.75	18.75	
17	163.75	22.5	
17	186.25	22.5	
17	231.25	22.5	
17	270	22.5	
17	286.25	22.5	
17	300	21.25	
17	322.5	18.75	
17	337.5	15	
17	342.5	15	
17	342.5	15	
17	342.5	15	
17	342.5	15	
17	342.5	15	
17	342.5	15	
17	342.5	15	
17	342.5	15	
17	342.5	15	
17	342.5	15	
17	342.5	15	
17	342.5	15	
17	342.5	15	
17	342.5	15	
17	342.5	15	
17	342.5	15	
17	342.5	15	
17	342.5	15	
17	342.5	15	
17	342.5	15	
17	342.5	15	
17	342.5	15	
17	342.5	15	
17	342.5	15	
17	342.5	15	
17	342.5	15	
17	342.5	15	
17	342.5	15	
17	342.5	15	
17	342.5	15	
17	342.5	15	
17	342.5	15	
17	342.5	15	
17	342.5	15	
17	342.5	15	
18	0	0	
18	0	0	
18	0	0	
18	0	0	
18	0	0	
18	0	0	
18	0	0	
18	0	0	
18	0	0	
18	0	0	
18	0	0	
18	0	0	
18	0	0	
18	0	0	
18	0	0	
18	0	0	
18	0	0	
18	0	0	
18	1.25	0	
18	1.25	0	
18	7.5	-2.5	
18	11.25	-2.5	
18	16.25	-2.5	
18	45	-2.5	
18	57.5	-2.5	
18	57.5	-2.5	
18	100	-3.75	
18	122.5	-3.75	
18	186.25	-6.25	
18	207.5	-6.25	
18	246.25	-6.25	
18	263.75	-6.25	
18	263.75	-6.25	
18	298.75	-6.25	
18	312.5	-3.75	
18	323.75	-3.75	
18	331.25	-2.5	
18	343.75	-2.5	
18	343.75	-2.5	
18	343.75	-2.5	
18	343.75	-2.5	
18	343.75	-2.5	
18	343.75	-2.5	
18	343.75	-2.5	
18	343.75	-2.5	
18	343.75	-2.5	
18	343.75	-2.5	
18	343.75	-2.5	
18	343.75	-2.5	
18	343.75	-2.5	
18	343.75	-2.5	
18	343.75	-2.5	
18	343.75	-2.5	
18	343.75	-2.5	
18	343.75	-2.5	
18	343.75	-2.5	
18	343.75	-2.5	
18	343.75	-2.5	
18	343.75	-2.5	
18	343.75	-2.5	
18	343.75	-2.5	
18	343.75	-2.5	
18	343.75	-2.5	
18	343.75	-2.5	
18	343.75	-2.5	
18	343.75	-2.5	
18	343.75	-2.5	
18	343.75	-2.5	
18	343.75	-2.5	
18	343.75	-2.5	
18	343.75	-2.5	
18	343.75	-2.5	
18	343.75	-2.5	
18	343.75	-2.5	
19	0	0	
19	0	0	
19	0	0	
19	0	0	
19	0	0	
19	0	0	
19	0	0	
19	0	0	
19	0	0	
19	0	0	
19	0	0	
19	0	0	
19	0	0	
19	0	0	
19	0	0	
19	0	0	
19	0	0	
19	0	0	
19	0	0	
19	0	0	
19	0	0	
19	0	0	
19	0	0	
19	0	0	
19	0	0	
19	8.75	0	
19	15	2.5	
19	35	2.5	
19	65	2.5	
19	102.5	3.75	
19	125	3.75	
19	150	6.25	
19	173.75	7.5	
19	248.75	11.25	
19	271.25	13.75	
19	311.25	15	
19	328.75	17.5	
19	328.75	17.5	
19	328.75	17.5	
19	328.75	17.5	
19	328.75	17.5	
19	328.75	17.5	
19	328.75	17.5	
19	328.75	17.5	
19	328.75	17.5	
19	328.75	17.5	
19	328.75	17.5	
19	328.75	17.5	
19	328.75	17.5	
19	328.75	17.5	
19	328.75	17.5	
19	328.75	17.5	
19	328.75	17.5	
19	328.75	17.5	
19	328.75	17.5	
19	328.75	17.5	
19	328.75	17.5	
19	328.75	17.5	
19	328.75	17.5	
19	328.75	17.5	
19	328.75	17.5	
19	328.75	17.5	
19	328.75	17.5	
19	328.75	17.5	
19	328.75	17.5	
19	328.75	17.5	
19	328.75	17.5	
19	328.75	17.5	
19	328.75	17.5	
19	328.75	17.5	
19	328.75	17.5	
19	328.75	17.5	
19	328.75	17.5	
19	328.75	17.5	
20	0	0	
20	0	0	
20	0	0	
20	0	0	
20	0	0	
20	0	0	
20	0	0	
20	0	0	
20	0	0	
20	0	0	
20	0	0	
20	0	0	
20	0	0	
20	0	0	
20	0	0	
20	0	0	
20	0	0	
20	0	0	
20	0	0	
20	0	0	
20	0	0	
20	0	0	
20	0	0	
20	0	0	
20	0	0	
20	0	0	
20	0	0	
20	0	0	
20	0	0	
20	0	0	
20	0	0	
20	0	0	
20	0	0	
20	0	0	
20	1.25	0	
20	2.5	-1.25	
20	10	-3.75	
20	16.25	-3.75	
20	33.75	-5	
20	60	-5	
20	76.25	-5	
20	93.75	-3.75	
20	132.5	-1.25	
20	195	3.75	
20	215	3.75	
20	233.75	6.25	
20	265	7.5	
20	278.75	7.5	
20	300	10	
20	313.75	10	
20	318.75	10	
20	322.5	10	
20	325	11.25	
20	330	11.25	
20	330	11.25	
20	330	11.25	
20	330	11.25	
20	331.25	11.25	
20	331.25	11.25	
20	331.25	11.25	
20	331.25	11.25	
20	331.25	11.25	
20	332.5	11.25	
20	332.5	11.25	
20	332.5	11.25	
20	332.5	11.25	
20	332.5	11.25	
20	332.5	11.25	
20	332.5	11.25	
20	332.5	11.25	
20	332.5	11.25	
20	332.5	11.25	
20	332.5	11.25	
20	332.5	11.25	
21	0	0	
21	0	0	
21	0	0	
21	0	0	
21	0	0	
21	0	0	
21	0	0	
21	0	0	
21	0	0	
21	0	0	
21	0	0	
21	0	0	
21	0	0	
21	0	0	
21	0	0	
21	0	0	
21	0	0	
21	0	0	
21	0	0	
21	0	0	
21	0	0	
21	0	0	
21	0	0	
21	0	0	
21	1.25	0	
21	2.5	-1.25	
21	8.75	0	
21	13.75	0	
21	37.5	-1.25	
21	48.75	-1.25	
21	61.25	-1.25	
21	82.5	0	
21	105	0	
21	173.75	3.75	
21	197.5	3.75	
21	221.25	6.25	
21	266.25	7.5	
21	287.5	7.5	
21	323.75	7.5	
21	323.75	7.5	
21	323.75	7.5	
21	323.75	7.5	
21	323.75	7.5	
21	323.75	7.5	
21	323.75	7.5	
21	323.75	7.5	
21	323.75	7.5	
21	323.75	7.5	
21	323.75	7.5	
21	323.75	7.5	
21	323.75	7.5	
21	323.75	7.5	
21	323.75	7.5	
21	323.75	7.5	
21	323.75	7.5	
21	323.75	7.5	
21	323.75	7.5	
21	323.75	7.5	
21	323.75	7.5	
21	323.75	7.5	
21	323.75	7.5	
21	323.75	7.5	
21	323.75	7.5	
21	323.75	7.5	
21	323.75	7.5	
21	323.75	7.5	
21	323.75	7.5	
21	323.75	7.5	
21	323.75	7.5	
21	323.75	7.5	
21	323.75	7.5	
21	323.75	7.5	
21	323.75	7.5	
21	323.75	7.5	
22	0	0	
22	0	0	
22	0	0	
22	0	0	
22	0	0	
22	0	0	
22	0	0	
22	0	0	
22	0	0	
22	0	0	
22	0	0	
22	0	0	
22	0	0	
22	0	0	
22	0	0	
22	0	0	
22	0	0	
22	0	0	
22	0	0	
22	0	0	
22	0	0	
22	2.5	0	
22	10	-2.5	
22	23.75	0	
22	43.75	0	
22	55	0	
22	70	0	
22	90	0	
22	153.75	1.25	
22	176.25	5	
22	197.5	6.25	
22	217.5	6.25	
22	257.5	8.75	
22	290	10	
22	303.75	12.5	
22	327.5	13.75	
22	336.25	13.75	
22	343.75	13.75	
22	343.75	13.75	
22	343.75	13.75	
22	343.75	13.75	
22	343.75	13.75	
22	343.75	13.75	
22	343.75	13.75	
22	343.75	13.75	
22	343.75	13.75	
22	343.75	13.75	
22	343.75	13.75	
22	343.75	13.75	
22	343.75	13.75	
22	343.75	13.75	
22	343.75	13.75	
22	343.75	13.75	
22	343.75	13.75	
22	343.75	13.75	
22	343.75	13.75	
22	343.75	13.75	
22	343.75	13.75	
22	343.75	13.75	
22	343.75	13.75	
22	343.75	13.75	
22	343.75	13.75	
22	343.75	13.75	
22	343.75	13.75	
22	343.75	13.75	
22	343.75	13.75	
22	343.75	13.75	
22	343.75	13.75	
22	343.75	13.75	
22	343.75	13.75	
22	343.75	13.75	
22	343.75	13.75	
22	343.75	13.75	
22	343.75	13.75	
23	0	0	
23	0	0	
23	0	0	
23	0	0	
23	0	0	
23	0	0	
23	0	0	
23	0	0	
23	0	0	
23	0	0	
23	0	0	
23	0	0	
23	0	0	
23	0	0	
23	0	0	
23	0	0	
23	0	0	
23	0	0	
23	0	0	
23	0	0	
23	0	0	
23	0	0	
23	0	0	
23	0	0	
23	0	0	
23	0	0	
23	1.25	0	
23	3.75	0	
23	21.25	0	
23	30	0	
23	40	2.5	
23	66.25	3.75	
23	82.5	3.75	
23	113.75	7.5	
23	150	7.5	
23	183.75	10	
23	201.25	11.25	
23	217.5	11.25	
23	245	13.75	
23	270	15	
23	280	15	
23	290	15	
23	296.25	17.5	
23	312.5	17.5	
23	316.25	17.5	
23	323.75	17.5	
23	327.5	15	
23	332.5	15	
23	338.75	15	
23	343.75	13.75	
23	346.25	13.75	
23	348.75	13.75	
23	348.75	13.75	
23	348.75	13.75	
23	348.75	13.75	
23	348.75	13.75	
23	348.75	13.75	
23	348.75	13.75	
23	348.75	13.75	
23	348.75	13.75	
23	348.75	13.75	
23	348.75	13.75	
23	348.75	13.75	
23	348.75	13.75	
23	348.75	13.75	
23	348.75	13.75	
23	348.75	13.75	
23	348.75	13.75	
23	348.75	13.75	
23	348.75	13.75	
23	348.75	13.75	
23	348.75	13.75	
23	348.75	13.75	
23	348.75	13.75	
24	0	0	
24	0	0	
24	0	0	
24	0	0	
24	0	0	
24	0	0	
24	0	0	
24	0	0	
24	0	0	
24	0	0	
24	0	0	
24	0	0	
24	0	0	
24	0	0	
24	0	0	
24	0	0	
24	0	0	
24	0	0	
24	0	0	
24	0	0	
24	0	0	
24	0	0	
24	0	0	
24	0	0	
24	1.25	-2.5	
24	2.5	-2.5	
24	5	-2.5	
24	7.5	-2.5	
24	22.5	-3.75	
24	31.25	-3.75	
24	55	-2.5	
24	70	0	
24	103.75	1.25	
24	140	3.75	
24	177.5	5	
24	195	5	
24	211.25	5	
24	228.75	5	
24	246.25	5	
24	262.5	5	
24	285	3.75	
24	293.75	3.75	
24	300	3.75	
24	310	1.25	
24	313.75	1.25	
24	315	1.25	
24	316.25	1.25	
24	316.25	1.25	
24	317.5	1.25	
24	317.5	1.25	
24	318.75	1.25	
24	322.5	1.25	
24	325	3.75	
24	330	5	
24	333.75	5	
24	335	5	
24	335	5	
24	336.25	7.5	
24	336.25	7.5	
24	336.25	7.5	
24	336.25	7.5	
24	336.25	7.5	
24	336.25	7.5	
24	336.25	7.5	
24	336.25	7.5	
24	337.5	7.5	
24	337.5	7.5	
24	337.5	7.5	
24	337.5	7.5	
24	337.5	7.5	
24	337.5	7.5	
24	337.5	7.5	
24	337.5	7.5	
24	337.5	7.5	
25	0	0	
25	0	0	
25	0	0	
25	0	0	
25	0	0	
25	0	0	
25	0	0	
25	0	0	
25	0	0	
25	0	0	
25	0	0	
25	0	0	
25	0	0	
25	0	0	
25	0	0	
25	0	0	
25	0	0	
25	0	0	
25	0	0	
25	0	0	
25	0	0	
25	1.25	-1.25	
25	2.5	-1.25	
25	8.75	-3.75	
25	18.75	-3.75	
25	26.25	-3.75	
25	33.75	-3.75	
25	42.5	-3.75	
25	76.25	-3.75	
25	102.5	-3.75	
25	117.5	-3.75	
25	132.5	-5	
25	163.75	-7.5	
25	178.75	-7.5	
25	215	-7.5	
25	231.25	-7.5	
25	246.25	-7.5	
25	260	-7.5	
25	292.5	-5	
25	307.5	-5	
25	312.5	-5	
25	317.5	-5	
25	323.75	-5	
25	328.75	-5	
25	330	-5	
25	331.25	-5	
25	331.25	-5	
25	331.25	-5	
25	332.5	-5	
25	332.5	-5	
25	332.5	-5	
25	332.5	-5	
25	332.5	-5	
25	332.5	-5	
25	332.5	-5	
25	332.5	-5	
25	332.5	-5	
25	332.5	-5	
25	332.5	-5	
25	332.5	-5	
25	332.5	-5	
25	332.5	-5	
25	332.5	-5	
25	332.5	-5	
25	332.5	-5	
25	332.5	-5	
25	332.5	-5	
25	332.5	-5	
25	332.5	-5	
25	332.5	-5	
25	332.5	-5	
25	332.5	-5	
25	332.5	-5	
25	332.5	-5	
26	0	0	
26	0	0	
26	0	0	
26	0	0	
26	0	0	
26	0	0	
26	0	0	
26	0	0	
26	0	0	
26	0	0	
26	0	0	
26	0	0	
26	0	0	
26	0	0	
26	0	0	
26	0	0	
26	0	0	
26	0	0	
26	0	0	
26	0	0	
26	0	0	
26	0	0	
26	0	0	
26	0	0	
26	0	0	
26	0	0	
26	0	0	
26	3.75	0	
26	12.5	0	
26	27.5	0	
26	37.5	0	
26	48.75	2.5	
26	76.25	3.75	
26	110	3.75	
26	128.75	3.75	
26	166.25	3.75	
26	186.25	3.75	
26	223.75	3.75	
26	258.75	3.75	
26	276.25	3.75	
26	291.25	3.75	
26	303.75	6.25	
26	322.5	6.25	
26	335	7.5	
26	338.75	7.5	
26	345	7.5	
26	346.25	7.5	
26	347.5	7.5	
26	348.75	7.5	
26	348.75	7.5	
26	348.75	7.5	
26	348.75	7.5	
26	348.75	7.5	
26	348.75	7.5	
26	348.75	7.5	
26	348.75	7.5	
26	348.75	7.5	
26	348.75	7.5	
26	348.75	7.5	
26	348.75	7.5	
26	348.75	7.5	
26	348.75	7.5	
26	348.75	7.5	
26	348.75	7.5	
26	348.75	7.5	
26	348.75	7.5	
26	348.75	7.5	
26	348.75	7.5	
26	348.75	7.5	
26	348.75	7.5	
26	348.75	7.5	
26	348.75	7.5	
26	348.75	7.5	
26	348.75	7.5	
27	0	0	
27	0	0	
27	0	0	
27	0	0	
27	0	0	
27	0	0	
27	0	0	
27	0	0	
27	0	0	
27	0	0	
27	0	0	
27	0	0	
27	0	0	
27	0	0	
27	0	0	
27	0	0	
27	0	0	
27	0	0	
27	0	0	
27	0	0	
27	0	0	
27	1.25	0	
27	3.75	-2.5	
27	17.5	-2.5	
27	25	-2.5	
27	45	0	
27	57.5	0	
27	71.25	0	
27	111.25	1.25	
27	132.5	3.75	
27	153.75	5	
27	175	5	
27	215	8.75	
27	251.25	11.25	
27	282.5	12.5	
27	296.25	15	
27	318.75	16.25	
27	326.25	16.25	
27	341.25	16.25	
27	343.75	16.25	
27	346.25	16.25	
27	347.5	16.25	
27	348.75	16.25	
27	348.75	16.25	
27	348.75	16.25	
27	348.75	16.25	
27	348.75	16.25	
27	348.75	16.25	
27	348.75	16.25	
27	348.75	16.25	
27	348.75	16.25	
27	348.75	16.25	
27	348.75	16.25	
27	348.75	16.25	
27	348.75	16.25	
27	348.75	16.25	
27	348.75	16.25	
27	348.75	16.25	
27	348.75	16.25	
27	348.75	16.25	
27	348.75	16.25	
27	348.75	16.25	
27	348.75	16.25	
27	348.75	16.25	
27	348.75	16.25	
27	348.75	16.25	
27	348.75	16.25	
27	348.75	16.25	
27	348.75	16.25	
27	348.75	16.25	
27	348.75	16.25	
27	348.75	16.25	
27	348.75	16.25	
27	348.75	16.25	
28	0	0	
28	0	0	
28	0	0	
28	0	0	
28	0	0	
28	0	0	
28	0	0	
28	0	0	
28	0	0	
28	0	0	
28	0	0	
28	0	0	
28	0	0	
28	0	0	
28	0	0	
28	0	0	
28	0	0	
28	0	0	
28	0	0	
28	0	0	
28	0	0	
28	1.25	-1.25	
28	6.25	-3.75	
28	16.25	-3.75	
28	22.5	-3.75	
28	33.75	-3.75	
28	46.25	-5	
28	58.75	-7.5	
28	101.25	-11.25	
28	117.5	-11.25	
28	148.75	-12.5	
28	163.75	-12.5	
28	182.5	-12.5	
28	213.75	-11.25	
28	240	-11.25	
28	251.25	-8.75	
28	260	-7.5	
28	268.75	-7.5	
28	288.75	-3.75	
28	293.75	-3.75	
28	297.5	-3.75	
28	303.75	-1.25	
28	307.5	0	
28	308.75	0	
28	310	0	
28	310	0	
28	310	0	
28	310	0	
28	311.25	0	
28	312.5	0	
28	313.75	0	
28	315	2.5	
28	317.5	2.5	
28	322.5	3.75	
28	325	3.75	
28	328.75	3.75	
28	331.25	3.75	
28	332.5	3.75	
28	336.25	6.25	
28	337.5	6.25	
28	338.75	6.25	
28	338.75	6.25	
28	338.75	6.25	
28	338.75	6.25	
28	338.75	6.25	
28	338.75	6.25	
28	338.75	6.25	
28	338.75	6.25	
28	338.75	6.25	
28	338.75	6.25	
28	338.75	6.25	
28	338.75	6.25	
28	338.75	6.25	
28	338.75	6.25	
29	0	0	
29	0	0	
29	0	0	
29	0	0	
29	0	0	
29	0	0	
29	0	0	
29	0	0	
29	0	0	
29	0	0	
29	0	0	
29	0	0	
29	0	0	
29	0	0	
29	0	0	
29	0	0	
29	0	0	
29	0	0	
29	0	0	
29	0	0	
29	0	0	
29	0	0	
29	1.25	0	
29	12.5	0	
29	18.75	-1.25	
29	26.25	-3.75	
29	36.25	-3.75	
29	60	-3.75	
29	80	-3.75	
29	123.75	0	
29	146.25	2.5	
29	192.5	7.5	
29	215	10	
29	275	15	
29	291.25	17.5	
29	305	18.75	
29	317.5	18.75	
29	336.25	22.5	
29	346.25	22.5	
29	346.25	22.5	
29	346.25	22.5	
29	346.25	22.5	
29	346.25	22.5	
29	346.25	22.5	
29	346.25	22.5	
29	346.25	22.5	
29	346.25	22.5	
29	346.25	22.5	
29	346.25	22.5	
29	346.25	22.5	
29	346.25	22.5	
29	346.25	22.5	
29	346.25	22.5	
29	346.25	22.5	
29	346.25	22.5	
29	346.25	22.5	
29	346.25	22.5	
29	346.25	22.5	
29	346.25	22.5	
29	346.25	22.5	
29	346.25	22.5	
29	346.25	22.5	
29	346.25	22.5	
29	346.25	22.5	
29	346.25	22.5	
29	346.25	22.5	
29	346.25	22.5	
29	346.25	22.5	
29	346.25	22.5	
29	346.25	22.5	
29	346.25	22.5	
29	346.25	22.5	
29	346.25	22.5	
29	346.25	22.5	
30	0	0	
30	0	0	
30	0	0	
30	0	0	
30	0	0	
30	0	0	
30	0	0	
30	0	0	
30	0	0	
30	0	0	
30	0	0	
30	0	0	
30	0	0	
30	0	0	
30	0	0	
30	0	0	
30	0	0	
30	1.25	-1.25	
30	6.25	-3.75	
30	10	-3.75	
30	15	-3.75	
30	22.5	-3.75	
30	40	-3.75	
30	61.25	-3.75	
30	87.5	-3.75	
30	101.25	-3.75	
30	101.25	-3.75	
30	138.75	-1.25	
30	191.25	0	
30	207.5	0	
30	223.75	2.5	
30	237.5	3.75	
30	265	3.75	
30	287.5	6.25	
30	297.5	6.25	
30	312.5	6.25	
30	318.75	6.25	
30	327.5	3.75	
30	333.75	3.75	
30	335	3.75	
30	336.25	3.75	
30	336.25	3.75	
30	336.25	3.75	
30	337.5	3.75	
30	337.5	3.75	
30	337.5	3.75	
30	337.5	3.75	
30	337.5	3.75	
30	337.5	3.75	
30	337.5	3.75	
30	337.5	3.75	
30	337.5	3.75	
30	337.5	3.75	
30	337.5	3.75	
30	337.5	3.75	
30	337.5	3.75	
30	337.5	3.75	
30	337.5	3.75	
30	337.5	3.75	
30	337.5	3.75	
30	337.5	3.75	
30	337.5	3.75	
30	337.5	3.75	
30	337.5	3.75	
30	337.5	3.75	
30	337.5	3.75	
30	337.5	3.75	
30	337.5	3.75	
30	337.5	3.75	
30	337.5	3.75	
30	337.5	3.75	
30	337.5	3.75	
30	337.5	3.75	
30	337.5	3.75	
31	0	0	
31	0	0	
31	0	0	
31	0	0	
31	0	0	
31	0	0	
31	0	0	
31	0	0	
31	0	0	
31	0	0	
31	0	0	
31	0	0	
31	0	0	
31	0	0	
31	0	0	
31	0	0	
31	0	0	
31	0	0	
31	0	0	
31	0	0	
31	0	0	
31	0	0	
31	3.75	0	
31	11.25	2.5	
31	17.5	2.5	
31	32.5	3.75	
31	41.25	7.5	
31	51.25	7.5	
31	88.75	15	
31	102.5	15	
31	117.5	17.5	
31	132.5	18.75	
31	163.75	18.75	
31	195	21.25	
31	226.25	21.25	
31	241.25	21.25	
31	268.75	21.25	
31	280	21.25	
31	311.25	21.25	
31	318.75	21.25	
31	325	21.25	
31	331.25	21.25	
31	337.5	21.25	
31	342.5	18.75	
31	343.75	18.75	
31	345	18.75	
31	346.25	18.75	
31	346.25	18.75	
31	346.25	18.75	
31	346.25	18.75	
31	346.25	18.75	
31	346.25	18.75	
31	346.25	18.75	
31	346.25	18.75	
31	346.25	18.75	
31	346.25	18.75	
31	346.25	18.75	
31	346.25	18.75	
31	346.25	18.75	
31	346.25	18.75	
31	346.25	18.75	
31	346.25	18.75	
31	346.25	18.75	
31	346.25	18.75	
31	346.25	18.75	
31	346.25	18.75	
31	346.25	18.75	
31	346.25	18.75	
31	346.25	18.75	
31	346.25	18.75	
31	346.25	18.75	
31	346.25	18.75	
31	346.25	18.75	
31	346.25	18.75	
32	0	0	
32	0	0	
32	0	0	
32	0	0	
32	0	0	
32	0	0	
32	0	0	
32	0	0	
32	0	0	
32	0	0	
32	0	0	
32	0	0	
32	0	0	
32	0	0	
32	0	0	
32	0	0	
32	0	0	
32	0	0	
32	0	0	
32	0	0	
32	0	0	
32	0	0	
32	0	0	
32	0	0	
32	0	0	
32	1.25	0	
32	3.75	0	
32	6.25	0	
32	13.75	0	
32	26.25	3.75	
32	33.75	3.75	
32	42.5	6.25	
32	63.75	7.5	
32	101.25	11.25	
32	115	13.75	
32	131.25	15	
32	161.25	18.75	
32	177.5	18.75	
32	211.25	22.5	
32	226.25	22.5	
32	241.25	25	
32	255	26.25	
32	277.5	26.25	
32	305	26.25	
32	311.25	26.25	
32	316.25	26.25	
32	323.75	22.5	
32	327.5	22.5	
32	332.5	22.5	
32	333.75	21.25	
32	335	21.25	
32	336.25	21.25	
32	336.25	21.25	
32	338.75	18.75	
32	338.75	17.5	
32	340	17.5	
32	340	15	
32	340	15	
32	340	15	
32	340	15	
32	340	15	
32	340	15	
32	340	15	
32	340	15	
32	340	15	
32	340	15	
32	341.25	15	
32	341.25	15	
32	341.25	15	
32	341.25	15	
32	341.25	15	
32	341.25	15	
32	341.25	15	
32	341.25	15	
33	0	0	
33	0	0	
33	0	0	
33	0	0	
33	0	0	
33	0	0	
33	0	0	
33	0	0	
33	0	0	
33	0	0	
33	0	0	
33	0	0	
33	0	0	
33	0	0	
33	0	0	
33	0	0	
33	0	0	
33	0	0	
33	0	0	
33	0	0	
33	0	0	
33	2.5	-1.25	
33	8.75	0	
33	17.5	0	
33	23.75	0	
33	37.5	3.75	
33	46.25	3.75	
33	55	3.75	
33	93.75	7.5	
33	110	7.5	
33	126.25	10	
33	141.25	11.25	
33	172.5	13.75	
33	203.75	15	
33	231.25	15	
33	245	17.5	
33	256.25	17.5	
33	266.25	17.5	
33	291.25	18.75	
33	301.25	18.75	
33	305	18.75	
33	307.5	18.75	
33	311.25	18.75	
33	312.5	18.75	
33	313.75	18.75	
33	313.75	18.75	
33	313.75	18.75	
33	313.75	18.75	
33	313.75	18.75	
33	313.75	18.75	
33	313.75	18.75	
33	313.75	18.75	
33	313.75	18.75	
33	313.75	18.75	
33	313.75	18.75	
33	313.75	18.75	
33	313.75	18.75	
33	313.75	18.75	
33	313.75	18.75	
33	313.75	18.75	
33	313.75	18.75	
33	313.75	18.75	
33	313.75	18.75	
33	313.75	18.75	
33	313.75	18.75	
33	315	18.75	
33	316.25	18.75	
33	317.5	17.5	
33	322.5	11.25	
33	322.5	7.5	
33	325	3.75	
33	326.25	3.75	
33	330	0	
33	333.75	-5	
34	0	0	
34	0	0	
34	0	0	
34	0	0	
34	0	0	
34	0	0	
34	0	0	
34	0	0	
34	0	0	
34	0	0	
34	0	0	
34	0	0	
34	0	0	
34	0	0	
34	0	0	
34	0	0	
34	0	0	
34	0	0	
34	0	0	
34	0	0	
34	0	0	
34	0	0	
34	0	0	
34	0	0	
34	0	0	
34	0	0	
34	0	0	
34	0	0	
34	0	0	
34	0	0	
34	0	0	
34	0	0	
34	0	0	
34	0	0	
34	1.25	0	
34	2.5	0	
34	5	0	
34	8.75	0	
34	13.75	0	
34	21.25	0	
34	25	0	
34	28.75	0	
34	33.75	0	
34	51.25	0	
34	57.5	0	
34	72.5	0	
34	80	2.5	
34	96.25	2.5	
34	113.75	3.75	
34	131.25	3.75	
34	140	3.75	
34	148.75	3.75	
34	158.75	6.25	
34	185	7.5	
34	193.75	7.5	
34	203.75	7.5	
34	221.25	10	
34	238.75	11.25	
34	256.25	11.25	
34	272.5	11.25	
34	280	11.25	
34	287.5	13.75	
34	295	13.75	
34	315	15	
34	321.25	15	
34	326.25	15	
34	336.25	15	
34	345	15	
34	348.75	15	
34	348.75	15	
34	348.75	15	
34	348.75	15	
34	348.75	15	
34	348.75	15	
35	0	0	
35	0	0	
35	0	0	
35	0	0	
35	0	0	
35	0	0	
35	0	0	
35	0	0	
35	0	0	
35	0	0	
35	0	0	
35	0	0	
35	0	0	
35	0	0	
35	0	0	
35	0	0	
35	0	0	
35	0	0	
35	0	0	
35	0	0	
35	0	0	
35	0	0	
35	0	0	
35	-5	-1.25	
35	-2.5	-1.25	
35	5	-1.25	
35	10	-1.25	
35	15	-1.25	
35	36.25	0	
35	43.75	0	
35	53.75	0	
35	73.75	-1.25	
35	83.75	-1.25	
35	120	-3.75	
35	132.5	-3.75	
35	160	-3.75	
35	175	-3.75	
35	188.75	-3.75	
35	232.5	-5	
35	246.25	-5	
35	260	-7.5	
35	283.75	-7.5	
35	296.25	-7.5	
35	316.25	-7.5	
35	332.5	-8.75	
35	345	-8.75	
35	345	-8.75	
35	345	-8.75	
35	345	-8.75	
35	345	-8.75	
35	345	-8.75	
35	345	-8.75	
35	345	-8.75	
35	345	-8.75	
35	345	-8.75	
35	345	-8.75	
35	345	-8.75	
35	345	-8.75	
35	345	-8.75	
35	345	-8.75	
35	345	-8.75	
35	345	-8.75	
35	345	-8.75	
35	345	-8.75	
35	345	-8.75	
35	345	-8.75	
35	345	-8.75	
35	345	-8.75	
35	345	-8.75	
35	345	-8.75	
35	345	-8.75	
35	345	-8.75	
35	345	-8.75	
35	345	-8.75	
36	0	0	
36	0	0	
36	0	0	
36	0	0	
36	0	0	
36	0	0	
36	0	0	
36	0	0	
36	0	0	
36	0	0	
36	0	0	
36	0	0	
36	0	0	
36	0	0	
36	0	0	
36	0	0	
36	0	0	
36	0	0	
36	0	0	
36	0	0	
36	0	0	
36	0	0	
36	1.25	0	
36	3.75	-1.25	
36	11.25	-5	
36	15	-6.25	
36	21.25	-8.75	
36	28.75	-10	
36	61.25	-12.5	
36	75	-12.5	
36	107.5	-12.5	
36	145	-13.75	
36	163.75	-13.75	
36	203.75	-13.75	
36	247.5	-13.75	
36	268.75	-13.75	
36	288.75	-13.75	
36	308.75	-12.5	
36	343.75	-13.75	
36	343.75	-13.75	
36	343.75	-13.75	
36	343.75	-13.75	
36	343.75	-13.75	
36	343.75	-13.75	
36	343.75	-13.75	
36	343.75	-13.75	
36	343.75	-13.75	
36	343.75	-13.75	
36	343.75	-13.75	
36	343.75	-13.75	
36	343.75	-13.75	
36	343.75	-13.75	
36	343.75	-13.75	
36	343.75	-13.75	
36	343.75	-13.75	
36	343.75	-13.75	
36	343.75	-13.75	
36	343.75	-13.75	
36	343.75	-13.75	
36	343.75	-13.75	
36	343.75	-13.75	
36	343.75	-13.75	
36	343.75	-13.75	
36	343.75	-13.75	
36	343.75	-13.75	
36	343.75	-13.75	
36	343.75	-13.75	
36	343.75	-13.75	
36	343.75	-13.75	
36	343.75	-13.75	
36	343.75	-13.75	
36	343.75	-13.75	
36	343.75	-13.75	
36	346.25	-1.25	
37	0	0	
37	0	0	
37	0	0	
37	0	0	
37	0	0	
37	0	0	
37	0	0	
37	0	0	
37	0	0	
37	0	0	
37	0	0	
37	0	0	
37	0	0	
37	0	0	
37	0	0	
37	0	0	
37	0	0	
37	0	0	
37	0	0	
37	0	0	
37	0	0	
37	2.5	0	
37	6.25	-1.25	
37	12.5	-1.25	
37	21.25	-5	
37	26.25	-5	
37	32.5	-1.25	
37	41.25	-1.25	
37	87.5	3.75	
37	101.25	7.5	
37	117.5	7.5	
37	132.5	11.25	
37	163.75	11.25	
37	195	15	
37	195	15	
37	231.25	15	
37	231.25	15	
37	248.75	15	
37	291.25	15	
37	311.25	15	
37	320	15	
37	327.5	15	
37	340	15	
37	348.75	15	
37	348.75	15	
37	348.75	15	
37	348.75	15	
37	348.75	15	
37	348.75	15	
37	348.75	15	
37	348.75	15	
37	348.75	15	
37	348.75	15	
37	348.75	15	
37	348.75	15	
37	348.75	15	
37	348.75	15	
37	348.75	15	
37	348.75	15	
37	348.75	15	
37	348.75	15	
37	348.75	15	
37	348.75	15	
37	348.75	15	
37	348.75	15	
37	348.75	15	
37	348.75	15	
37	348.75	15	
37	348.75	15	
37	348.75	15	
37	348.75	15	
37	348.75	15	
37	348.75	15	
37	348.75	15	
38	0	0	
38	0	0	
38	0	0	
38	0	0	
38	0	0	
38	0	0	
38	0	0	
38	0	0	
38	0	0	
38	0	0	
38	0	0	
38	0	0	
38	0	0	
38	0	0	
38	0	0	
38	0	0	
38	0	0	
38	0	0	
38	0	0	
38	0	0	
38	0	0	
38	0	0	
38	0	0	
38	0	0	
38	0	0	
38	0	0	
38	0	0	
38	0	0	
38	0	0	
38	0	0	
38	0	0	
38	0	0	
38	0	0	
38	2.5	-3.75	
38	6.25	-3.75	
38	10	-3.75	
38	18.75	-3.75	
38	25	-3.75	
38	48.75	-3.75	
38	58.75	-3.75	
38	68.75	-3.75	
38	90	-1.25	
38	102.5	-1.25	
38	125	-1.25	
38	150	-3.75	
38	161.25	-3.75	
38	173.75	-3.75	
38	186.25	-3.75	
38	223.75	-7.5	
38	235	-7.5	
38	246.25	-7.5	
38	266.25	-8.75	
38	276.25	-11.25	
38	303.75	-11.25	
38	312.5	-12.5	
38	321.25	-12.5	
38	328.75	-12.5	
38	343.75	-15	
38	343.75	-15	
38	343.75	-15	
38	343.75	-15	
38	343.75	-15	
38	343.75	-15	
38	343.75	-15	
38	343.75	-15	
38	343.75	-15	
38	343.75	-15	
38	343.75	-15	
38	343.75	-15	
38	343.75	-15	
38	343.75	-15	
38	343.75	-15	
38	343.75	-15	
38	343.75	-15	
39	0	0	
39	0	0	
39	0	0	
39	0	0	
39	0	0	
39	0	0	
39	0	0	
39	0	0	
39	0	0	
39	0	0	
39	0	0	
39	0	0	
39	0	0	
39	0	0	
39	0	0	
39	0	0	
39	0	0	
39	0	0	
39	0	0	
39	0	0	
39	0	0	
39	0	0	
39	0	0	
39	0	0	
39	0	0	
39	0	0	
39	0	0	
39	0	0	
39	0	0	
39	0	0	
39	0	0	
39	0	0	
39	0	0	
39	0	0	
39	0	0	
39	0	0	
39	0	0	
39	1.25	0	
39	3.75	0	
39	5	0	
39	8.75	0	
39	10	-1.25	
39	12.5	-1.25	
39	23.75	-3.75	
39	32.5	-3.75	
39	37.5	-3.75	
39	42.5	-3.75	
39	53.75	-3.75	
39	66.25	-3.75	
39	72.5	-3.75	
39	86.25	-3.75	
39	93.75	-3.75	
39	100	-3.75	
39	122.5	-1.25	
39	138.75	-1.25	
39	146.25	-1.25	
39	153.75	0	
39	170	0	
39	186.25	2.5	
39	196.25	3.75	
39	213.75	3.75	
39	222.5	6.25	
39	232.5	6.25	
39	261.25	7.5	
39	280	12.5	
39	288.75	12.5	
39	297.5	12.5	
39	306.25	12.5	
39	330	15	
39	337.5	15	
39	337.5	15	
39	337.5	15	
39	337.5	15	
39	337.5	15	
40	0	0	
40	0	0	
40	0	0	
40	0	0	
40	0	0	
40	0	0	
40	0	0	
40	0	0	
40	0	0	
40	0	0	
40	0	0	
40	0	0	
40	0	0	
40	0	0	
40	0	0	
40	0	0	
40	0	0	
40	0	0	
40	0	0	
40	0	0	
40	0	0	
40	0	0	
40	0	0	
40	2.5	0	
40	3.75	0	
40	5	0	
40	8.75	0	
40	11.25	0	
40	15	0	
40	22.5	0	
40	26.25	2.5	
40	33.75	2.5	
40	38.75	3.75	
40	55	3.75	
40	60	3.75	
40	66.25	3.75	
40	81.25	3.75	
40	88.75	3.75	
40	106.25	6.25	
40	127.5	7.5	
40	138.75	7.5	
40	163.75	11.25	
40	177.5	11.25	
40	218.75	17.5	
40	232.5	18.75	
40	246.25	18.75	
40	273.75	18.75	
40	286.25	21.25	
40	311.25	21.25	
40	332.5	21.25	
40	341.25	21.25	
40	341.25	21.25	
40	341.25	21.25	
40	341.25	21.25	
40	341.25	21.25	
40	341.25	21.25	
40	341.25	21.25	
40	341.25	21.25	
40	341.25	21.25	
40	341.25	21.25	
40	341.25	21.25	
40	341.25	21.25	
40	341.25	21.25	
40	341.25	21.25	
40	341.25	21.25	
40	341.25	21.25	
40	341.25	21.25	
40	341.25	21.25	
40	341.25	21.25	
40	341.25	21.25	
40	341.25	21.25	
40	341.25	21.25	
40	341.25	21.25	
40	341.25	21.25	
41	0	0	
41	0	0	
41	0	0	
41	0	0	
41	0	0	
41	0	0	
41	0	0	
41	0	0	
41	0	0	
41	0	0	
41	0	0	
41	0	0	
41	0	0	
41	0	0	
41	0	0	
41	0	0	
41	0	0	
41	0	0	
41	0	0	
41	0	0	
41	0	0	
41	0	0	
41	0	0	
41	0	0	
41	0	0	
41	2.5	0	
41	3.75	-1.25	
41	5	-1.25	
41	11.25	-3.75	
41	17.5	-3.75	
41	21.25	-3.75	
41	25	-3.75	
41	30	-1.25	
41	43.75	-1.25	
41	48.75	0	
41	58.75	0	
41	65	0	
41	70	0	
41	88.75	0	
41	101.25	2.5	
41	108.75	2.5	
41	115	2.5	
41	121.25	2.5	
41	142.5	3.75	
41	148.75	3.75	
41	161.25	3.75	
41	167.5	3.75	
41	173.75	3.75	
41	191.25	3.75	
41	203.75	3.75	
41	208.75	3.75	
41	215	2.5	
41	220	2.5	
41	236.25	0	
41	242.5	0	
41	248.75	0	
41	260	-1.25	
41	266.25	-1.25	
41	283.75	-3.75	
41	295	-3.75	
41	301.25	-5	
41	305	-5	
41	310	-5	
41	321.25	-5	
41	323.75	-5	
41	327.5	-3.75	
41	330	-3.75	
41	332.5	-3.75	
41	336.25	-3.75	
41	338.75	-3.75	
41	341.25	-1.25	
41	342.5	0	
41	345	0	
41	345	0	
42	0	0	
42	0	0	
42	0	0	
42	0	0	
42	0	0	
42	0	0	
42	0	0	
42	0	0	
42	0	0	
42	0	0	
42	0	0	
42	0	0	
42	0	0	
42	0	0	
42	0	0	
42	0	0	
42	0	0	
42	0	0	
42	0	0	
42	0	0	
42	0	0	
42	0	0	
42	0	0	
42	0	0	
42	0	0	
42	0	0	
42	0	0	
42	0	0	
42	0	0	
42	1.25	0	
42	3.75	0	
42	5	-1.25	
42	10	-1.25	
42	18.75	-1.25	
42	25	-1.25	
42	38.75	0	
42	55	2.5	
42	63.75	3.75	
42	82.5	3.75	
42	102.5	6.25	
42	112.5	6.25	
42	123.75	6.25	
42	133.75	6.25	
42	165	6.25	
42	175	6.25	
42	196.25	6.25	
42	215	6.25	
42	225	6.25	
42	235	3.75	
42	253.75	3.75	
42	262.5	3.75	
42	270	3.75	
42	282.5	2.5	
42	292.5	0	
42	297.5	0	
42	305	0	
42	312.5	0	
42	316.25	0	
42	321.25	0	
42	326.25	0	
42	328.75	0	
42	331.25	0	
42	333.75	2.5	
42	336.25	2.5	
42	337.5	2.5	
42	337.5	2.5	
42	337.5	2.5	
42	337.5	2.5	
42	337.5	2.5	
42	337.5	2.5	
42	337.5	2.5	
42	337.5	2.5	
42	337.5	2.5	
42	337.5	2.5	
43	0	0	
43	0	0	
43	0	0	
43	0	0	
43	0	0	
43	0	0	
43	0	0	
43	0	0	
43	0	0	
43	0	0	
43	0	0	
43	0	0	
43	0	0	
43	0	0	
43	0	0	
43	0	0	
43	0	0	
43	0	0	
43	0	0	
43	0	0	
43	0	0	
43	0	0	
43	0	0	
43	-1.25	0	
43	-1.25	0	
43	-1.25	0	
43	-1.25	0	
43	-1.25	0	
43	-1.25	0	
43	-1.25	0	
43	-1.25	0	
43	-1.25	0	
43	-1.25	0	
43	-1.25	0	
43	-1.25	0	
43	0	0	
43	1.25	0	
43	5	0	
43	20	3.75	
43	28.75	3.75	
43	36.25	6.25	
43	56.25	7.5	
43	67.5	10	
43	105	13.75	
43	117.5	15	
43	145	15	
43	158.75	15	
43	171.25	17.5	
43	210	17.5	
43	221.25	18.75	
43	232.5	18.75	
43	251.25	17.5	
43	260	15	
43	278.75	13.75	
43	283.75	11.25	
43	292.5	11.25	
43	295	10	
43	298.75	7.5	
43	305	7.5	
43	306.25	7.5	
43	308.75	6.25	
43	311.25	6.25	
43	312.5	6.25	
43	315	6.25	
43	316.25	6.25	
43	316.25	6.25	
43	316.25	6.25	
43	316.25	6.25	
43	316.25	6.25	
43	316.25	6.25	
43	317.5	6.25	
43	318.75	6.25	
43	318.75	6.25	
43	321.25	7.5	
44	0	0	
44	0	0	
44	0	0	
44	0	0	
44	0	0	
44	0	0	
44	0	0	
44	0	0	
44	0	0	
44	0	0	
44	0	0	
44	0	0	
44	0	0	
44	0	0	
44	0	0	
44	0	0	
44	0	0	
44	0	0	
44	0	0	
44	0	0	
44	2.5	0	
44	7.5	0	
44	10	0	
44	20	0	
44	31.25	0	
44	38.75	0	
44	47.5	0	
44	67.5	2.5	
44	91.25	2.5	
44	103.75	2.5	
44	131.25	3.75	
44	148.75	3.75	
44	165	3.75	
44	200	3.75	
44	216.25	2.5	
44	230	2.5	
44	243.75	0	
44	263.75	0	
44	280	-1.25	
44	285	-1.25	
44	292.5	-3.75	
44	296.25	-3.75	
44	297.5	-3.75	
44	300	-3.75	
44	301.25	-3.75	
44	301.25	-3.75	
44	301.25	-3.75	
44	301.25	-3.75	
44	302.5	-3.75	
44	302.5	-3.75	
44	305	-3.75	
44	307.5	-3.75	
44	308.75	-1.25	
44	312.5	-1.25	
44	315	0	
44	317.5	0	
44	320	0	
44	325	0	
44	330	0	
44	331.25	2.5	
44	335	3.75	
44	337.5	3.75	
44	340	3.75	
44	342.5	3.75	
44	345	6.25	
44	345	6.25	
44	346.25	6.25	
44	346.25	6.25	
44	347.5	6.25	
44	347.5	6.25	
44	347.5	6.25	
44	347.5	6.25	
44	347.5	6.25	
44	347.5	6.25	
45	0	0	
45	0	0	
45	0	0	
45	0	0	
45	0	0	
45	0	0	
45	0	0	
45	0	0	
45	0	0	
45	0	0	
45	0	0	
45	0	0	
45	0	0	
45	0	0	
45	0	0	
45	0	0	
45	0	0	
45	0	0	
45	0	0	
45	0	0	
45	0	0	
45	0	0	
45	0	0	
45	0	0	
45	0	0	
45	0	0	
45	0	0	
45	0	0	
45	0	0	
45	0	0	
45	0	0	
45	0	0	
45	0	0	
45	0	0	
45	0	0	
45	0	0	
45	0	0	
45	0	0	
45	0	0	
45	0	0	
45	0	0	
45	1.25	0	
45	2.5	0	
45	12.5	0	
45	17.5	1.25	
45	23.75	1.25	
45	40	3.75	
45	48.75	5	
45	81.25	5	
45	93.75	8.75	
45	118.75	10	
45	132.5	10	
45	146.25	10	
45	187.5	10	
45	200	10	
45	213.75	10	
45	238.75	8.75	
45	250	8.75	
45	281.25	5	
45	288.75	5	
45	303.75	3.75	
45	308.75	1.25	
45	312.5	1.25	
45	322.5	0	
45	325	-2.5	
45	326.25	-2.5	
45	328.75	-2.5	
45	328.75	-2.5	
45	328.75	-2.5	
45	330	-2.5	
45	331.25	0	
45	331.25	0	
45	331.25	0	
45	332.5	0	
46	0	0	
46	0	0	
46	0	0	
46	0	0	
46	0	0	
46	0	0	
46	0	0	
46	0	0	
46	0	0	
46	0	0	
46	0	0	
46	0	0	
46	0	0	
46	0	0	
46	0	0	
46	0	0	
46	0	0	
46	0	0	
46	0	0	
46	0	0	
46	1.25	0	
46	3.75	0	
46	10	0	
46	21.25	0	
46	27.5	2.5	
46	45	3.75	
46	66.25	6.25	
46	77.5	6.25	
46	116.25	7.5	
46	130	7.5	
46	143.75	7.5	
46	158.75	7.5	
46	186.25	3.75	
46	213.75	2.5	
46	227.5	2.5	
46	253.75	0	
46	276.25	0	
46	286.25	-1.25	
46	303.75	-1.25	
46	318.75	-3.75	
46	323.75	-3.75	
46	328.75	-3.75	
46	335	-3.75	
46	338.75	-3.75	
46	340	-3.75	
46	341.25	-3.75	
46	342.5	-3.75	
46	342.5	-3.75	
46	342.5	-3.75	
46	342.5	-3.75	
46	342.5	-3.75	
46	342.5	-3.75	
46	342.5	-3.75	
46	342.5	-3.75	
46	342.5	-3.75	
46	342.5	-3.75	
46	342.5	-3.75	
46	342.5	-3.75	
46	342.5	-3.75	
46	342.5	-3.75	
46	342.5	-3.75	
46	342.5	-3.75	
46	342.5	-3.75	
46	342.5	-3.75	
46	342.5	-3.75	
46	342.5	-3.75	
46	342.5	-3.75	
46	342.5	-3.75	
46	342.5	-3.75	
46	342.5	-3.75	
46	342.5	-3.75	
46	342.5	-3.75	
46	342.5	-3.75	
46	342.5	-3.75	
47	0	0	
47	-3.75	0	
47	-7.5	0	
47	-8.75	0	
47	-10	0	
47	-10	0	
47	-10	0	
47	-10	0	
47	-10	0	
47	-10	0	
47	-10	0	
47	-10	0	
47	-10	0	
47	-10	0	
47	-10	0	
47	-10	0	
47	-10	0	
47	-10	0	
47	-10	0	
47	-10	0	
47	-10	0	
47	-8.75	0	
47	-7.5	0	
47	2.5	2.5	
47	13.75	3.75	
47	21.25	3.75	
47	28.75	7.5	
47	38.75	7.5	
47	70	11.25	
47	81.25	13.75	
47	105	15	
47	117.5	15	
47	130	17.5	
47	168.75	18.75	
47	192.5	18.75	
47	203.75	18.75	
47	215	18.75	
47	226.25	18.75	
47	257.5	17.5	
47	267.5	15	
47	277.5	15	
47	295	15	
47	302.5	15	
47	323.75	15	
47	335	15	
47	338.75	15	
47	342.5	13.75	
47	345	13.75	
47	345	13.75	
47	345	13.75	
47	345	13.75	
47	345	13.75	
47	345	13.75	
47	345	13.75	
47	345	13.75	
47	345	13.75	
47	345	13.75	
47	345	13.75	
47	345	13.75	
47	345	13.75	
47	345	13.75	
47	345	13.75	
47	345	13.75	
47	345	13.75	
47	345	13.75	
47	345	13.75	
47	345	13.75	
47	345	13.75	
47	345	13.75	
47	345	13.75	
47	345	13.75	
47	345	13.75	
47	345	13.75	
47	345	13.75	
48	0	0	
48	0	0	
48	0	0	
48	0	0	
48	0	0	
48	0	0	
48	0	0	
48	0	0	
48	0	0	
48	0	0	
48	0	0	
48	0	0	
48	0	0	
48	0	0	
48	0	0	
48	0	0	
48	0	0	
48	0	0	
48	0	0	
48	1.25	0	
48	6.25	0	
48	8.75	-2.5	
48	12.5	-2.5	
48	32.5	0	
48	41.25	1.25	
48	51.25	1.25	
48	73.75	6.25	
48	85	8.75	
48	113.75	12.5	
48	142.5	13.75	
48	172.5	17.5	
48	187.5	17.5	
48	202.5	17.5	
48	243.75	17.5	
48	256.25	17.5	
48	268.75	16.25	
48	290	13.75	
48	298.75	13.75	
48	312.5	12.5	
48	321.25	10	
48	326.25	10	
48	327.5	8.75	
48	328.75	8.75	
48	331.25	8.75	
48	331.25	8.75	
48	331.25	8.75	
48	331.25	8.75	
48	331.25	8.75	
48	331.25	8.75	
48	331.25	8.75	
48	331.25	8.75	
48	331.25	8.75	
48	331.25	8.75	
48	331.25	8.75	
48	331.25	8.75	
48	331.25	8.75	
48	331.25	8.75	
48	331.25	8.75	
48	331.25	8.75	
48	331.25	8.75	
48	331.25	8.75	
48	331.25	8.75	
48	331.25	8.75	
48	331.25	8.75	
48	331.25	8.75	
48	331.25	8.75	
48	331.25	8.75	
48	331.25	8.75	
48	332.5	8.75	
48	332.5	8.75	
48	332.5	8.75	
48	332.5	8.75	
48	332.5	8.75	
48	332.5	8.75	
49	0	0	
49	0	0	
49	0	0	
49	0	0	
49	0	0	
49	0	0	
49	0	0	
49	0	0	
49	0	0	
49	0	0	
49	0	0	
49	0	0	
49	0	0	
49	0	0	
49	0	0	
49	0	0	
49	0	0	
49	1.25	-2.5	
49	8.75	-2.5	
49	16.25	-2.5	
49	22.5	0	
49	28.75	0	
49	43.75	1.25	
49	63.75	1.25	
49	75	3.75	
49	101.25	7.5	
49	116.25	8.75	
49	130	11.25	
49	180	16.25	
49	212.5	18.75	
49	230	20	
49	230	20	
49	247.5	20	
49	291.25	20	
49	301.25	18.75	
49	318.75	18.75	
49	325	16.25	
49	328.75	16.25	
49	337.5	16.25	
49	340	16.25	
49	341.25	16.25	
49	341.25	16.25	
49	341.25	16.25	
49	342.5	16.25	
49	342.5	16.25	
49	342.5	16.25	
49	342.5	16.25	
49	342.5	16.25	
49	342.5	16.25	
49	342.5	16.25	
49	342.5	16.25	
49	342.5	16.25	
49	342.5	16.25	
49	342.5	16.25	
49	342.5	16.25	
49	342.5	16.25	
49	342.5	16.25	
49	342.5	16.25	
49	342.5	16.25	
49	342.5	16.25	
49	342.5	16.25	
49	342.5	16.25	
49	342.5	16.25	
49	342.5	16.25	
49	342.5	16.25	
49	342.5	16.25	
49	342.5	16.25	
49	342.5	16.25	
49	342.5	16.25	
49	342.5	15	
49	343.75	12.5	
49	343.75	12.5	
49	343.75	8.75	
49	346.25	5	
